1.049644846987612956e-01
9.024753643694732874e-02
8.253386680741336967e-02
7.982583885313543348e-02
7.997913403834988610e-02
8.123845415327951569e-02
8.252481738297845482e-02
8.342324456897098894e-02
8.395442673325020921e-02
8.429003248080280120e-02
8.455522529507097929e-02
8.477520906996988126e-02
8.492595747349207524e-02
8.500246321558185825e-02
8.504146749744384559e-02
8.510059117286655761e-02
8.524685866663678224e-02
8.560410796113221421e-02
8.645361604082779650e-02
8.831909823816286309e-02
9.194825410596624282e-02
9.815044309769072051e-02
1.075386004693243969e-01
1.202961777955937617e-01
1.360961662198336142e-01
1.542292363453756643e-01
1.738897928201304510e-01
1.944845142723240494e-01
2.158155410827646281e-01
2.380552338482442853e-01
7.750304015282577508e-02
6.243098590916695834e-02
5.469738924540640257e-02
5.216191253627183722e-02
5.260971758254456843e-02
5.429323891595011498e-02
5.618251642232191534e-02
5.789426525390833911e-02
5.941724064182157816e-02
6.082131325908196606e-02
6.209880438133058567e-02
6.317305680633306109e-02
6.399765023972658895e-02
6.462954756185984584e-02
6.520831916661179450e-02
6.586770984597956069e-02
6.667235072760219206e-02
6.766090514192019123e-02
6.899452988413851129e-02
7.111582514916436892e-02
7.478863999899953985e-02
8.094463894170683682e-02
9.037821797278428049e-02
1.034344136386060042e-01
1.198572817523455569e-01
1.388905282300166855e-01
1.595904883626261261e-01
1.811998720638899885e-01
2.034014260909166039e-01
2.263365209222203966e-01
5.880989995629293254e-02
4.345050084609020091e-02
3.556620999945575567e-02
3.295154436799424547e-02
3.340535485363743673e-02
3.525968899751907859e-02
3.758058192459251545e-02
4.003505296930515156e-02
4.257469237081673574e-02
4.514715501548643983e-02
4.758482351232790064e-02
4.968119542161786306e-02
5.134150945770310503e-02
5.266230850937481112e-02
5.386872923854396644e-02
5.516036860521128515e-02
5.659734776200886497e-02
5.813845568758063687e-02
5.983459048914102629e-02
6.205786709580218830e-02
6.559682517297904525e-02
7.151123196408420979e-02
8.078127985645555675e-02
9.391802977934204932e-02
1.107411166832322214e-01
1.304495236319959117e-01
1.519579012893471082e-01
1.743330437522847554e-01
1.971188612403953488e-01
2.204036032867441319e-01
4.883233898782812776e-02
3.322355555200545707e-02
2.506792115783579300e-02
2.216051092308068959e-02
2.237160863878795425e-02
2.415155795538037609e-02
2.668115751914212908e-02
2.968399183316566825e-02
3.307786827120900996e-02
3.669409487595187702e-02
4.021153739522131954e-02
4.329378103244468923e-02
4.578493650532683423e-02
4.779592330425630475e-02
4.960829417279943865e-02
5.146721701505591051e-02
5.342690234178099074e-02
5.538481221934044019e-02
5.731093202036058321e-02
5.953221397437552520e-02
6.287049759271073901e-02
6.850156386189559798e-02
7.756498703182140853e-02
9.070984860653835691e-02
1.078137559190885386e-01
1.280288865065527526e-01
1.501380515857577702e-01
1.730445646711878949e-01
1.961591608290002009e-01
2.195115681885067560e-01
4.694844992478058865e-02
3.112493957865852812e-02
2.262632364612959801e-02
1.929463640473977337e-02
1.909614180878338452e-02
2.060013555224687876e-02
2.309012397405735273e-02
2.633933789005110659e-02
3.024408028728431397e-02
3.455247128357957775e-02
3.883162520120286842e-02
4.264610513834526939e-02
4.578368773245278245e-02
4.834692269293072719e-02
5.063755780992929001e-02
5.291876314463983544e-02
5.523755220630360840e-02
5.745776620271075830e-02
5.951081902208388286e-02
6.171155378337261910e-02
6.491832941736019880e-02
7.039026588266106277e-02
7.936937579601305304e-02
9.258468625971327803e-02
1.099354110217070635e-01
1.305239001897597340e-01
1.530273960958756230e-01
1.762251324156674515e-01
1.994278551510413888e-01
2.226204273257074706e-01
5.231869882166695351e-02
3.632005577565816656e-02
2.745645745428071383e-02
2.364554812752900359e-02
2.294697297495901234e-02
2.402015892119702123e-02
2.621609111323836006e-02
2.934093985959240758e-02
3.328810261495629419e-02
3.777530705390558241e-02
4.232548849147627079e-02
4.645861602932604972e-02
4.992601958627596037e-02
5.280421676694602162e-02
5.537705053603303451e-02
5.789466616863053749e-02
6.039498349533800603e-02
6.273910870468901724e-02
6.486623278792302827e-02
6.711197957014097826e-02
7.036617026840008560e-02
7.592192347402088037e-02
8.504579282681701269e-02
9.847034600545345739e-02
1.160710282181132702e-01
1.369011683900179799e-01
1.595742115410488937e-01
1.828066119777949083e-01
2.058634494966462558e-01
2.287124570058513551e-01
6.420153527801975013e-02
4.806780113854691727e-02
3.883961181505907190e-02
3.452969684281936846e-02
3.327701202792904267e-02
3.379123734087474684e-02
3.544754509289316236e-02
3.806494375476154879e-02
4.155411951563364736e-02
4.566080352191870251e-02
4.993912691216301214e-02
5.392696749513792298e-02
5.736597558399186836e-02
6.029391445542914285e-02
6.294148413618810833e-02
6.551568465037688194e-02
6.804245466306074741e-02
7.040805526738452835e-02
7.260071132070644584e-02
7.500280170489687093e-02
7.852272901232254521e-02
8.443109859148439922e-02
9.393644265329020859e-02
1.076978547153408794e-01
1.255257232670135559e-01
1.464333377285930160e-01
1.690226081840711103e-01
1.920188709834104723e-01
2.147036978633751758e-01
2.370590731249023198e-01
8.212646478064061784e-02
6.589826286689276502e-02
5.630135008459075108e-02
5.146422164856506720e-02
4.959758121172985756e-02
4.943107739450830485e-02
5.032942176075916318e-02
5.210793394090001973e-02
5.471110445302818093e-02
5.796114038117511358e-02
6.150649992397255739e-02
6.495593669876909004e-02
6.806498662661425447e-02
7.082339456104830289e-02
7.338039326437451049e-02
7.587498423067523534e-02
7.831754718181871411e-02
8.063956072569949951e-02
8.290728124596374871e-02
8.556448596158106046e-02
8.952032400811454904e-02
9.597075955334705144e-02
1.059966160840613569e-01
1.201237138752373479e-01
1.380721428296503572e-01
1.588344852875869240e-01
1.810561199610233873e-01
2.035390484504687181e-01
2.256359410687007738e-01
2.473665511342589829e-01
1.058685099139349273e-01
8.960641618598530478e-02
7.963217367925429224e-02
7.421841454035205121e-02
7.165886446883257266e-02
7.069707539629899173e-02
7.067329670436117706e-02
7.139119279830952181e-02
7.283788806459451370e-02
7.493901239863365316e-02
7.747327951533200530e-02
8.015063724237553311e-02
8.275343760762493561e-02
8.521668398883547324e-02
8.759007775051852462e-02
8.992879579536994239e-02
9.222437008516504164e-02
9.446318503244610643e-02
9.680226197988234249e-02
9.974826790890328754e-02
1.041917502202170387e-01
1.112156382411034206e-01
1.217291295474084434e-01
1.360942286916956845e-01
1.539382923012044269e-01
1.742619009044145684e-01
1.958034614971951304e-01
2.174933200174703485e-01
2.387903925695694651e-01
2.597600473706779267e-01
1.352414527202875916e-01
1.190634435290834348e-01
1.087326376557095631e-01
1.027011844883805591e-01
9.937777809609366075e-02
9.754147054744333190e-02
9.651802310381280003e-02
9.610146392009183414e-02
9.632121269972609978e-02
9.720766335219627186e-02
9.867334090653950840e-02
1.005327784627025323e-01
1.025955297462096683e-01
1.047384023892418137e-01
1.069061491968061883e-01
1.090657814723607899e-01
1.111882693439537051e-01
1.133141447172089089e-01
1.156871619671253626e-01
1.188657036301634107e-01
1.237032854401919901e-01
1.311493138927665170e-01
1.419277035736113413e-01
1.562381767918148978e-01
1.736353175938710747e-01
1.931618243324572659e-01
2.136868896728682521e-01
2.342981596219691487e-01
2.545718377580120650e-01
2.746098577393608631e-01
8.122486393753630685e-02
6.851859699672191439e-02
6.241535000369197173e-02
6.042383709026677430e-02
6.017325727920463940e-02
5.999512194766964956e-02
5.914630198631920521e-02
5.765273632684470018e-02
5.592205742546668690e-02
5.435176939976155142e-02
5.311282829457819599e-02
5.215504758903605209e-02
5.134735434678922017e-02
5.061189762756851396e-02
4.995861465345169394e-02
4.943015138608986003e-02
4.904640303474755436e-02
4.883619172299658029e-02
4.896491742070124831e-02
4.987236280258244836e-02
5.229772380972319556e-02
5.712291887948600655e-02
6.507950967631842554e-02
7.646428282291922729e-02
9.102516833850476941e-02
1.080964284203294046e-01
1.269267775360900519e-01
1.470360180420496321e-01
1.684174716967460350e-01
1.914834084694900240e-01
5.763822878824514939e-02
4.541305818950375217e-02
3.991656627974515814e-02
3.847914979859867746e-02
3.867998480966122754e-02
3.892133511068063267e-02
3.858538677171713394e-02
3.778711838051190819e-02
3.692029093179394206e-02
3.626049260643487981e-02
3.580893333613605067e-02
3.538979832231137213e-02
3.486093049635324848e-02
3.425437826020855114e-02
3.374719569694312193e-02
3.350733654127446837e-02
3.356066620748304752e-02
3.381245926547243874e-02
3.424029399896955095e-02
3.513775166106875014e-02
3.722804166015680760e-02
4.153016865075315200e-02
4.901065667643628165e-02
6.019528156271752861e-02
7.495605983971204145e-02
9.260062915205524714e-02
1.122260521792444177e-01
1.331545339993276400e-01
1.552266016246329206e-01
1.788067730029500035e-01
4.248851565590849866e-02
3.062996429944719878e-02
2.544810015557080751e-02
2.419055667456432301e-02
2.448047308756229334e-02
2.486265592922082268e-02
2.488303244847700491e-02
2.475096154879979915e-02
2.482753071646881526e-02
2.523545276544014726e-02
2.577278600375160211e-02
2.610719611666323381e-02
2.605818305897006359e-02
2.574412695591171696e-02
2.549060297999983238e-02
2.557993782222001133e-02
2.604303666630924941e-02
2.667060965775241987e-02
2.726813047706516668e-02
2.800056011831403291e-02
2.959050150832875925e-02
3.320576383247642038e-02
4.005684137581783100e-02
5.090612971261404551e-02
6.575535069043708658e-02
8.388567785543205035e-02
1.042324785166990897e-01
1.258972036363670277e-01
1.485331187504572159e-01
1.724184981939139161e-01
3.495998486785600878e-02
2.328608576361207438e-02
1.813462758670908448e-02
1.674723622737739337e-02
1.684512630822959656e-02
1.713845569972660687e-02
1.733416099892653994e-02
1.772317896278124971e-02
1.862671133214960362e-02
2.001980785420481856e-02
2.150969674087510608e-02
2.261382018776253444e-02
2.310200743952472990e-02
2.314856712007179462e-02
2.318922975966836164e-02
2.359253551506595992e-02
2.439140332476502637e-02
2.528683402421644244e-02
2.595332959571222675e-02
2.646464600372577802e-02
2.755871104643259351e-02
3.054019594635898338e-02
3.683132098924096764e-02
4.739501600495815703e-02
6.233870685905029685e-02
8.091231776258162034e-02
1.018995961632498948e-01
1.241941080342238712e-01
1.472652553222885130e-01
1.712933542835493594e-01
3.387950070629341948e-02
2.219855746168680755e-02
1.686473090270440567e-02
1.516316773641429583e-02
1.492116093661971510e-02
1.498487716715285467e-02
1.517790500921911701e-02
1.584285849314687189e-02
1.726678116789664985e-02
1.931960868892540484e-02
2.147722228794340937e-02
2.315299153191197057e-02
2.407620827327111579e-02
2.444583254565985131e-02
2.475538705130236883e-02
2.541762680896858528e-02
2.646164380971455232e-02
2.753431904959496856e-02
2.823753368519738016e-02
2.860231888984582360e-02
2.939162421880353593e-02
3.200817098716407516e-02
3.801292839765457732e-02
4.849275160982080557e-02
6.361149129208326647e-02
8.258237265071871613e-02
1.040714613691698376e-01
1.268167090270099773e-01
1.501483020780079447e-01
1.741671760548711423e-01
3.816121452169246586e-02
2.629060557622375782e-02
2.062959845426937111e-02
1.853377908930281537e-02
1.791016196572353669e-02
1.767472196726910250e-02
1.769510622588893467e-02
1.832498569210994077e-02
1.983281658025476402e-02
2.205217951657112430e-02
2.441990494163875924e-02
2.631968318829291942e-02
2.746523835664721469e-02
2.805089781057629184e-02
2.856859718748727683e-02
2.942518969190749401e-02
3.063729658904296160e-02
3.183720201600831468e-02
3.261899928478184663e-02
3.302125792771054558e-02
3.383271717822761149e-02
3.649463843923689277e-02
4.260637480561463297e-02
5.327728455266628194e-02
6.866551839061790785e-02
8.794666214428797923e-02
1.097240136221154239e-01
1.326629640453039216e-01
1.560301165176917748e-01
1.798879287249938730e-01
4.715994764090059022e-02
3.491660471391744291e-02
2.880007680603613451e-02
2.625493370772624679e-02
2.523177695419759337e-02
2.464151499896966024e-02
2.431788645774662916e-02
2.458409960047519549e-02
2.570897942011679538e-02
2.756479117551013935e-02
2.964879495629330064e-02
3.139564323381388578e-02
3.253267401588189056e-02
3.322229241978563730e-02
3.389572314123207031e-02
3.490293922457582410e-02
3.623776447480325791e-02
3.755470623806878017e-02
3.850071255545745030e-02
3.916622949676840104e-02
4.035934460137169388e-02
4.349318282908370970e-02
5.009993227135239868e-02
6.120874613594157188e-02
7.691369900065447851e-02
9.636039389283795886e-02
1.181561208455485512e-01
1.409892659672992710e-01
1.641488174760000196e-01
1.877056139064460782e-01
6.083249769295279163e-02
4.802873547674046950e-02
4.129509381662926915e-02
3.819114478303886617e-02
3.669171043932500931e-02
3.564904869416929412e-02
3.480360995138581659e-02
3.441565797434364971e-02
3.476938903149484617e-02
3.583552705537063066e-02
3.725087140413191333e-02
3.856414359849624773e-02
3.953674846498000939e-02
4.027319338159446316e-02
4.109235876081407390e-02
4.224330131893444529e-02
4.368722375863820506e-02
4.512988363120201685e-02
4.631884242494338499e-02
4.742941092898006472e-02
4.927941005164027111e-02
5.319545555288152094e-02
6.055513728762013104e-02
7.222681127933372469e-02
8.820095661570487300e-02
1.076108739571733919e-01
1.291339818222083102e-01
1.515680976510305200e-01
1.742975992130344487e-01
1.974366803752370392e-01
7.965179182343379294e-02
6.612706243377758364e-02
5.858124325573405011e-02
5.473142977835349088e-02
5.259116543632119667e-02
5.094189282963307308e-02
4.940635460248149480e-02
4.816513543561340427e-02
4.752341244238761364e-02
4.757944702640720669e-02
4.814886447997024366e-02
4.892370262237416556e-02
4.970308637250453465e-02
5.051005401359393021e-02
5.151387366819887292e-02
5.283268451028366730e-02
5.438843570416579398e-02
5.595646898305944861e-02
5.741413833890607332e-02
5.903985862128835471e-02
6.165174612500284868e-02
6.645114303836102687e-02
7.460804319533892448e-02
8.678702522324410751e-02
1.028629298614933130e-01
1.219826816498373323e-01
1.429476568478948439e-01
1.647249713340372401e-01
1.868371210860408915e-01
2.094528587239756212e-01
1.042879799249967765e-01
8.997959371793279315e-02
8.145659322487652787e-02
7.665027899874460315e-02
7.366234684042027858e-02
7.123606695514228537e-02
6.889058933455427525e-02
6.672737149311414040e-02
6.506710278569188821e-02
6.412955970728989596e-02
6.390354131365161283e-02
6.421648622111320037e-02
6.489232593534249860e-02
6.585523850791014100e-02
6.710757850647686151e-02
6.862551443177322685e-02
7.029057584640713285e-02
7.195461355884419374e-02
7.363303572195145641e-02
7.570913795031397608e-02
7.899276742292715703e-02
8.454420107812637974e-02
9.331182419542161099e-02
1.057543357281844898e-01
1.216461908254230506e-01
1.401777634121187943e-01
1.603085291351107888e-01
1.812002768592687052e-01
2.025203685886917127e-01
2.244779593182151811e-01
6.724418630912354367e-02
5.502892780904306003e-02
4.915983642351690053e-02
4.695921834105531989e-02
4.602372809721189117e-02
4.481418336973813643e-02
4.282700711145864814e-02
4.034778998935789618e-02
3.797344306065636443e-02
3.616686518250200599e-02
3.504243233100134969e-02
3.442039388306222802e-02
3.403430505793486605e-02
3.371752644472164606e-02
3.345528711741801997e-02
3.331279821732585633e-02
3.334529043688516659e-02
3.359741726121606709e-02
3.421239101421874595e-02
3.556474475489523890e-02
3.828737976790186348e-02
4.312052439957408945e-02
5.063225833538048670e-02
6.096408342464665342e-02
7.376630882713791637e-02
8.839201463681545246e-02
1.042702156954952719e-01
1.212679075161349762e-01
1.398438185927298738e-01
1.608981170061681287e-01
4.747587583314488713e-02
3.644964101791708933e-02
3.174238258373651700e-02
3.046352567024468438e-02
3.016101949312538499e-02
2.939740440784960329e-02
2.783924672623561136e-02
2.590151310790561601e-02
2.419049763477182369e-02
2.305196230376505007e-02
2.242625732120612225e-02
2.200875917573075213e-02
2.153789415330981116e-02
2.098800886651919217e-02
2.054695337721290649e-02
2.042958045527348832e-02
2.069850404523759790e-02
2.125211620342182250e-02
2.200922542170197227e-02
2.316411962936221203e-02
2.531629067509488795e-02
2.934713177702541476e-02
3.607931725652441246e-02
4.590592142971455791e-02
5.861492136024298860e-02
7.353231488493855439e-02
8.992483618945817936e-02
1.074509445795799878e-01
1.264154079188257729e-01
1.476842180011964656e-01
3.541513432873705236e-02
2.531741131238351983e-02
2.135282021948831099e-02
2.052139413123182932e-02
2.041923890814284492e-02
1.978022291209285966e-02
1.847369003687304723e-02
1.704218262860818234e-02
1.607619727944781252e-02
1.576895538928341223e-02
1.585082963757583618e-02
1.585988918490671695e-02
1.551059781474362076e-02
1.489260845059697802e-02
1.437543488765685717e-02
1.431088646778372331e-02
1.476782792062397709e-02
1.550930178990406194e-02
1.624958763898631808e-02
1.702646489492593007e-02
1.842920004229742226e-02
2.150107727237432487e-02
2.733781370108889774e-02
3.660016766136026112e-02
4.922487459856161873e-02
6.451119922461773237e-02
8.154679698739286664e-02
9.974456877593079751e-02
1.192016604781220845e-01
1.406903354239638637e-01
2.962963695853881863e-02
2.010277941946597702e-02
1.646892515283160385e-02
1.570021990903125442e-02
1.549016938245961761e-02
1.475462891271578370e-02
1.354808462313372708e-02
1.251509291758706732e-02
1.221579649430509784e-02
1.269457631353088090e-02
1.348620167929753810e-02
1.397986103879123032e-02
1.385421048097668084e-02
1.328009977035488065e-02
1.276521187430429416e-02
1.276648921605599840e-02
1.335607731604093740e-02
1.419063861012559435e-02
1.482755675084507230e-02
1.519180545349307909e-02
1.588245746278255099e-02
1.809436141090015049e-02
2.316448707299134657e-02
3.198633780748705302e-02
4.462421926135240469e-02
6.034959273025558568e-02
7.808343766244363326e-02
9.700425541513379990e-02
1.169976653062094196e-01
1.387180885760360138e-01
2.858085609869820409e-02
1.925758936960259016e-02
1.563732922724847541e-02
1.471504135871964936e-02
1.427760875234029836e-02
1.337265300730633433e-02
1.217282326582264096e-02
1.137751000338382834e-02
1.151448265446075592e-02
1.252333443704228833e-02
1.380924688803025768e-02
1.466448903639661072e-02
1.474189513459034373e-02
1.425748543367150178e-02
1.379736376379908647e-02
1.387617485209935442e-02
1.456341635425445480e-02
1.545038458271857928e-02
1.600371450903242954e-02
1.608963439641475368e-02
1.632674521977500737e-02
1.801699584415450417e-02
2.265752233408119265e-02
3.129221174558055596e-02
4.406405887533459964e-02
6.021855657171409915e-02
7.855538546000373490e-02
9.808165077492997375e-02
1.185214295588015720e-01
1.404273608115393368e-01
3.110299651674736099e-02
2.163240163975277408e-02
1.779445316592220827e-02
1.663380986367479775e-02
1.598940044374486114e-02
1.494974127684095544e-02
1.370701002166813121e-02
1.295555388071489844e-02
1.319852021289202870e-02
1.434244827910224895e-02
1.576375926032785868e-02
1.673934630608081564e-02
1.692195000479662648e-02
1.653720972348698970e-02
1.618070244118718914e-02
1.636744412539509197e-02
1.715492928970413500e-02
1.811455993630539663e-02
1.869570188973257441e-02
1.876164165122157224e-02
1.894943529571752050e-02
2.059920011688637365e-02
2.525505957045909300e-02
3.400016453069953926e-02
4.699302688021111951e-02
6.346162983474318287e-02
8.215631538896916997e-02
1.020144973193532478e-01
1.226880480830708775e-01
1.446731446533205956e-01
3.674333011172281616e-02
2.677113469623915165e-02
2.249189819939456658e-02
2.102116778082085968e-02
2.020213252671893001e-02
1.906791705768434708e-02
1.772876673697165728e-02
1.681461746845708261e-02
1.681526973887997878e-02
1.768123358709511317e-02
1.886636422512905087e-02
1.971766563711030429e-02
1.991522895929109804e-02
1.965831068123219394e-02
1.948109587404195375e-02
1.983911215875594491e-02
2.076588275789092997e-02
2.185565050915933005e-02
2.261066022442009826e-02
2.294266700832997552e-02
2.350069730503917542e-02
2.558852783823173382e-02
3.067991068332204252e-02
3.978513215907514278e-02
5.301849073586950567e-02
6.960698234695866793e-02
8.833507895489695061e-02
1.081848827047182660e-01
1.288365156478480378e-01
1.507822089094573159e-01
4.588880241675774574e-02
3.504302816887644445e-02
3.003086375023994448e-02
2.807346064103549699e-02
2.699620137811670206e-02
2.571154592991420351e-02
2.417304081815807582e-02
2.290051477851079431e-02
2.237819490727060989e-02
2.265919051295045561e-02
2.335545919679227200e-02
2.394669130359478038e-02
2.415476769626695441e-02
2.411513606147469568e-02
2.423566110309183230e-02
2.485844066574177669e-02
2.598070262040658163e-02
2.725403938306319995e-02
2.829160428513416425e-02
2.909642638134163350e-02
3.032475056109046330e-02
3.318409940792949042e-02
3.898466925150495532e-02
4.857780053551485899e-02
6.199309246364181902e-02
7.847960050339136684e-02
9.693227091718487065e-02
1.164754396644624435e-01
1.368980708744595431e-01
1.587245988465878499e-01
5.963237013473060566e-02
4.756247151131343109e-02
4.145425536153968249e-02
3.869254634945401561e-02
3.710810950140402964e-02
3.548192520099829883e-02
3.358229619404962119e-02
3.179570252722568879e-02
3.060019403625213741e-02
3.017557429111572542e-02
3.032637937397025807e-02
3.068751370531730416e-02
3.101620480986516659e-02
3.134754231264946789e-02
3.191263106862601839e-02
3.290057280481278879e-02
3.426279777812013538e-02
3.573122922482785402e-02
3.706939700357664291e-02
3.840211370233986843e-02
4.039393009824721048e-02
4.412391483504124468e-02
5.068823511918069125e-02
6.073630827498610607e-02
7.420032943344129217e-02
9.037701628340910620e-02
1.083253164336258623e-01
1.273701714925726258e-01
1.474482738500774714e-01
1.691210626751687984e-01
7.938199265558587570e-02
6.586014820431229655e-02
5.831281937745319555e-02
5.436511790307058112e-02
5.192085357495990205e-02
4.967552173063177756e-02
4.723317196450682598e-02
4.484803308985668702e-02
4.298208199529357509e-02
4.192809098364125298e-02
4.166785655446259007e-02
4.197267176636815256e-02
4.261049017471546518e-02
4.348687339215245862e-02
4.462836807142517292e-02
4.605265778181882874e-02
4.766172079661229466e-02
4.927806278247909288e-02
5.083263836206630693e-02
5.258643751487462881e-02
5.521775816640883683e-02
5.967421784940357687e-02
6.683332737741126683e-02
7.714496740606685554e-02
9.045808205996219709e-02
1.061402819255061192e-01
1.234374392659846054e-01
1.418862650905586831e-01
1.615629784505603905e-01
1.830387093660673647e-01
5.485504845651328898e-02
4.183495533966602453e-02
3.537465109988241485e-02
3.278090694846597097e-02
3.163288775029821087e-02
3.038402751257568424e-02
2.853843463621763554e-02
2.639964179352372042e-02
2.457946167243180158e-02
2.353592407160470801e-02
2.334582336253404611e-02
2.375689997154478705e-02
2.440778590053371833e-02
2.504062887449914898e-02
2.558569028926005462e-02
2.611615449847826120e-02
2.676526139171553353e-02
2.770353923333146451e-02
2.919679931181756727e-02
3.167224457966066886e-02
3.568782306949480621e-02
4.175972561788032777e-02
5.011596179569938192e-02
6.052853784062145470e-02
7.236562706664984024e-02
8.489339401009349251e-02
9.770794401975085863e-02
1.110823636442724860e-01
1.260331021774879212e-01
1.440373622672059817e-01
3.769908258302401283e-02
2.644410623233944824e-02
2.166329847224940375e-02
2.040164275464689814e-02
2.015300487603499668e-02
1.945524272888626838e-02
1.798766582372357536e-02
1.620897834571161100e-02
1.478104295509180544e-02
1.409159389315040034e-02
1.408686361594191361e-02
1.442150101576944454e-02
1.475390661388553681e-02
1.496441353082028636e-02
1.516933496539496495e-02
1.556894053297969149e-02
1.628472779747769383e-02
1.733320881349881271e-02
1.876284450064541476e-02
2.083972753294566216e-02
2.411139089679681380e-02
2.925139519222458295e-02
3.674308365403000654e-02
4.659249349590971478e-02
5.827428468794415561e-02
7.099328391883047429e-02
8.415840935155144420e-02
9.782808974788992362e-02
1.128803830390869289e-01
1.307911303646761003e-01
2.767413332873580600e-02
1.783734159994132540e-02
1.423126270142238692e-02
1.374401405586972436e-02
1.388268131405617778e-02
1.334130600137051204e-02
1.200966147827081665e-02
1.050249724541529872e-02
9.508528394852777677e-03
9.310316827012110608e-03
9.686208209777391609e-03
1.016216409571274459e-02
1.038323298443394327e-02
1.033779592174588480e-02
1.030350458262485613e-02
1.059248248400729286e-02
1.131213130493763375e-02
1.233591507429565581e-02
1.351626364089603127e-02
1.498516013156964144e-02
1.730857041017003217e-02
2.134646015605196068e-02
2.786627164073190999e-02
3.713471986125110869e-02
4.875211370647891673e-02
6.186511467300848111e-02
7.567437119106634746e-02
8.997512845959904082e-02
1.054365418445935565e-01
1.234547155222059378e-01
2.293344154595050588e-02
1.403509827502485985e-02
1.108870158983660259e-02
1.091115114068785807e-02
1.107393092390768219e-02
1.043783796039593481e-02
9.083689774256109573e-03
7.753497317174007364e-03
7.143756805776335650e-03
7.429939204982027867e-03
8.230641325757848126e-03
8.945643769183941885e-03
9.190431698822887352e-03
9.025601908967895159e-03
8.847934124915746157e-03
9.053143024290444263e-03
9.735704407765111146e-03
1.065773419120119581e-02
1.152326434995948334e-02
1.237125679923761767e-02
1.380259329341160246e-02
1.685141202049961207e-02
2.253945893537073752e-02
3.136582707348478660e-02
4.304521771486086168e-02
5.667518771193064131e-02
7.126717546099153866e-02
8.636478433475880401e-02
1.024176446017182052e-01
1.207056291870720610e-01
2.172438370953400089e-02
1.326398090196750923e-02
1.056181104631243040e-02
1.042074754579497275e-02
1.047464598658298662e-02
9.698323027537258945e-03
8.290247324423072328e-03
7.063181955501429687e-03
6.708296348356013183e-03
7.326464328891224564e-03
8.432007773322147681e-03
9.342636778636281836e-03
9.650684281122756669e-03
9.454567091718824035e-03
9.216909985602539379e-03
9.378881276051020954e-03
1.002490361359803517e-02
1.085148629839532974e-02
1.147866687479043302e-02
1.189822663612183362e-02
1.274371140871338737e-02
1.516785252461350098e-02
2.036011069976279009e-02
2.897265680026434032e-02
4.079719786374486068e-02
5.490070172838762419e-02
7.016750001558585970e-02
8.596422765870637139e-02
1.025743362806741388e-01
1.211721497750862242e-01
2.287035424615546653e-02
1.436176381704196148e-02
1.158085787914581166e-02
1.135259168765068161e-02
1.133510876332194384e-02
1.052310353186763914e-02
9.124835508138473550e-03
7.950209054481405246e-03
7.676602459053105676e-03
8.385666205575958987e-03
9.574208657647187426e-03
1.054993420910205204e-02
1.090459937486087938e-02
1.074267155097718973e-02
1.053331489770675811e-02
1.071839454970296979e-02
1.137417259292483607e-02
1.218261242165247227e-02
1.275039064474903228e-02
1.306674230177939933e-02
1.378066257758719937e-02
1.607907055397761464e-02
2.119709233554428751e-02
2.983055814299956365e-02
4.179770949899369592e-02
5.616376175406562199e-02
7.178011900718489491e-02
8.795599764433692513e-02
1.049070130586449157e-01
1.237460016246312855e-01
2.608176428966713090e-02
1.702998027195096187e-02
1.384746742811854281e-02
1.341512504764341696e-02
1.337401776637908712e-02
1.264121906023479847e-02
1.132451967672259974e-02
1.015665127999931805e-02
9.793902095651507711e-03
1.035663731787550557e-02
1.141393566415210836e-02
1.233797970362915386e-02
1.274354375017372476e-02
1.270871350957097912e-02
1.264779513664110455e-02
1.295564396701603949e-02
1.369901315070715109e-02
1.459315370297226133e-02
1.529879069648493184e-02
1.584387979764573240e-02
1.687217079893266192e-02
1.951724072988958447e-02
2.493600356481467939e-02
3.375915226682923986e-02
4.578495919670400038e-02
6.011319343907534085e-02
7.566663626908159967e-02
9.182766732849628744e-02
1.088521463468335448e-01
1.278419180218891005e-01
3.204973870832850125e-02
2.193253622466917463e-02
1.793507430371521494e-02
1.704500001189240832e-02
1.687516130460742225e-02
1.620310410595909856e-02
1.495633525778577999e-02
1.373220309823891538e-02
1.315621054007898305e-02
1.342709456579360694e-02
1.424997029738778176e-02
1.511213564765429007e-02
1.566044801332028280e-02
1.591035242137556205e-02
1.616245170160984790e-02
1.671883782308375421e-02
1.763150100240729046e-02
1.868680137518036188e-02
1.965596652393891697e-02
2.064289275620234676e-02
2.227442247762612126e-02
2.556619771879992120e-02
3.150433791377826864e-02
4.057546953318069693e-02
5.252996985761959614e-02
6.653994007755836826e-02
8.168860877285155642e-02
9.753617573776951488e-02
1.144590384530727589e-01
1.335770038158681783e-01
4.228530403794433790e-02
3.060083799944895988e-02
2.528198436306566821e-02
2.349924161026634151e-02
2.287546662308675982e-02
2.204664137614070762e-02
2.073214439106640938e-02
1.936348172579394067e-02
1.852168006294813152e-02
1.849224849221592359e-02
1.913597526705368423e-02
2.006649702861634799e-02
2.094979969882015958e-02
2.170013318099039967e-02
2.245500467990674265e-02
2.338635835266278384e-02
2.452363412973168622e-02
2.574784229293863858e-02
2.698003327452813682e-02
2.843104760050646496e-02
3.071466947883644272e-02
3.470253763515424028e-02
4.116891286685436802e-02
5.042453395606349975e-02
6.216944285189657249e-02
7.568013264225803560e-02
9.025428872148272275e-02
1.056822088983386809e-01
1.224882807681592634e-01
1.418009957707767055e-01
5.869356127771685472e-02
4.508663524834777281e-02
3.796126244879416411e-02
3.476444641339565544e-02
3.321341069657812728e-02
3.186131997303115471e-02
3.024674080709560675e-02
2.863570649350288821e-02
2.754838942526577350e-02
2.733370038767790611e-02
2.798280624441162878e-02
2.920858919925672925e-02
3.066566276541599079e-02
3.213383253266871575e-02
3.355625546006313353e-02
3.495260584384896063e-02
3.632231667248103646e-02
3.764869871442250160e-02
3.902025798680019975e-02
4.077468412601437109e-02
4.352909802123122729e-02
4.802322023006405649e-02
5.483095953382494114e-02
6.410267483343806694e-02
7.550852266080398945e-02
8.844979247295042812e-02
1.024496324277618386e-01
1.175210224064509590e-01
1.343070135379900165e-01
1.538983824967292691e-01
4.706866786113494960e-02
3.313880119318363127e-02
2.610440676745995336e-02
2.329374528853289661e-02
2.224455219867854661e-02
2.132447922439967281e-02
1.994014938238647394e-02
1.831904085134899995e-02
1.703725000728667505e-02
1.655366656501183753e-02
1.695893967175948758e-02
1.799791834293024140e-02
1.927169102005404921e-02
2.045685711561767706e-02
2.142102256407851790e-02
2.221806861808506284e-02
2.303267669356184877e-02
2.415280178116402388e-02
2.598598266508944654e-02
2.906063077326165311e-02
3.393481834570227784e-02
4.099627070904082737e-02
5.023809832429665390e-02
6.115880175912169481e-02
7.290432753119452380e-02
8.464846757341010219e-02
9.606298586446254673e-02
1.076493313458958823e-01
1.207433872611954340e-01
1.371480861600002932e-01
3.130525278866691519e-02
1.948671744615598778e-02
1.447638575491577706e-02
1.330199751395527707e-02
1.337623830456280416e-02
1.312053538928009688e-02
1.210485533070293496e-02
1.072432177345150617e-02
9.640359307607926365e-03
9.290407656681209936e-03
9.682402372218901210e-03
1.049994140660243103e-02
1.136988440007374868e-02
1.208657879896685161e-02
1.266603593273241124e-02
1.325011164396905361e-02
1.398739813229304962e-02
1.501266154544256270e-02
1.654271501657544885e-02
1.898807820907544297e-02
2.294098895352292278e-02
2.897716665585220452e-02
3.735191730391923537e-02
4.777967213977618588e-02
5.947684460824453900e-02
7.151394234321184484e-02
8.334000525409379634e-02
9.522134740003035391e-02
1.083529146265575505e-01
1.245489799714283308e-01
2.241308424705107383e-02
1.232319735697284813e-02
8.786943080484943547e-03
8.635676319264373735e-03
9.257334693257346370e-03
9.203319616140015480e-03
8.248498261292314115e-03
6.963172406208473220e-03
6.076231247647390088e-03
5.971508347913712100e-03
6.536564225459895461e-03
7.355249220761195250e-03
8.042748689863321587e-03
8.476540138401156277e-03
8.792601110447606505e-03
9.202882533588085945e-03
9.815810284092618687e-03
1.062284500782151309e-02
1.167087699999508343e-02
1.327987017927645397e-02
1.610674133290568300e-02
2.094754279218818960e-02
2.835326156176526391e-02
3.828615625442133297e-02
5.005668746637242927e-02
6.263745197041120649e-02
7.523277326863614389e-02
8.782123397945584831e-02
1.013799307843947228e-01
1.176488053311250392e-01
1.833287599927757583e-02
9.430209046210336066e-03
6.789396475808895381e-03
7.133876438568997891e-03
7.882627834550015589e-03
7.733163677177634643e-03
6.650785599261022085e-03
5.354762994370321216e-03
4.621362179173360563e-03
4.774285109188591836e-03
5.582057124084216504e-03
6.524669381237802046e-03
7.185396071650917982e-03
7.488990033687414893e-03
7.652899819001024451e-03
7.936458419158465283e-03
8.413706560096989584e-03
8.965708906266800504e-03
9.513792407344845437e-03
1.032148433974516832e-02
1.211855448876547614e-02
1.590248618813749903e-02
2.248755655430201283e-02
3.205801799880836356e-02
4.401389881769562917e-02
5.724792105427739530e-02
7.074728232670141059e-02
8.422020449622447114e-02
9.841722493888455103e-02
1.149654882372268538e-01
1.720361662338681930e-02
8.914727147279422059e-03
6.687251484667200430e-03
7.200064530515193351e-03
7.908017084911067585e-03
7.607795886555190901e-03
6.384285872777950566e-03
5.046701644934536990e-03
4.397549660278388117e-03
4.720815820770940530e-03
5.708593352973856394e-03
6.771537385510673079e-03
7.464508652153700741e-03
7.730159424083171693e-03
7.825476522028251836e-03
8.032628186376566948e-03
8.404810049333188982e-03
8.761855166777132720e-03
8.958282109937321103e-03
9.233685939568025969e-03
1.037151237160049977e-02
1.349991146983292589e-02
1.960111325215191380e-02
2.900228759525685929e-02
4.116455049388362264e-02
5.493408578869202197e-02
6.915966763139069773e-02
8.336809546020923500e-02
9.814569873015105417e-02
1.150201114619201492e-01
1.783982659062433029e-02
9.601494011436673137e-03
7.399628976285099746e-03
7.913828112627807609e-03
8.605524089630167683e-03
8.282264715983311820e-03
7.040864769436716575e-03
5.699800416855582696e-03
5.065354814569045239e-03
5.419045948622580600e-03
6.445792251303816833e-03
7.547367122164971853e-03
8.270971194318910147e-03
8.554237192321068051e-03
8.651148357859461679e-03
8.840957163447793477e-03
9.172476042598687318e-03
9.460189887309122803e-03
9.555498445881605019e-03
9.701978775682296163e-03
1.069830324690729251e-02
1.369979370809248920e-02
1.972343528497183529e-02
2.912981406643588844e-02
4.140133755446639974e-02
5.538461343340339571e-02
6.990476669739159599e-02
8.444478394269849808e-02
9.953701134779979753e-02
1.166577942986691818e-01
2.002254085384097548e-02
1.125850531342892369e-02
8.692123667971840550e-03
9.049249253275659655e-03
9.767090774764786154e-03
9.572801737807723477e-03
8.463868234687255132e-03
7.184036538920801629e-03
6.518727438494131832e-03
6.783612858823395708e-03
7.726475603812565929e-03
8.802222825988859078e-03
9.572626294472530439e-03
9.948001756589830435e-03
1.013612689285581236e-02
1.038565644104111341e-02
1.075463660120939968e-02
1.110483591165184469e-02
1.134504327587188000e-02
1.174799276236798695e-02
1.308715505288365888e-02
1.644067678441946123e-02
2.272783966482500029e-02
3.223594952144831494e-02
4.443404435405512443e-02
5.822338487744754820e-02
7.252881109987252550e-02
8.693566903554550418e-02
1.020394938700684984e-01
1.193175108238250237e-01
2.457600681986976676e-02
1.467764374513513825e-02
1.125746438370001101e-02
1.115156593076255254e-02
1.177369613278483884e-02
1.171582290096140344e-02
1.079566688082717052e-02
9.614477494670037316e-03
8.909996140768761119e-03
9.050941676187196361e-03
9.892790781035665226e-03
1.098238089076020163e-02
1.190357007425507652e-02
1.251171483093033165e-02
1.292482675015560467e-02
1.333150985770897856e-02
1.380536254571818056e-02
1.429635795964923073e-02
1.482130398107678326e-02
1.570741442324374848e-02
1.767824733394801617e-02
2.166104972832627595e-02
2.838299278177847107e-02
3.798531395955007106e-02
4.990782873101834438e-02
6.315848398927942364e-02
7.686330875028918319e-02
9.082220968317389342e-02
1.057756518549720082e-01
1.232266179220916635e-01
3.319860208672170687e-02
2.157750201061681139e-02
1.671319408601262824e-02
1.564120749498892904e-02
1.580224887672737610e-02
1.565900527163266442e-02
1.482259033473615206e-02
1.371441130585510093e-02
1.299743417853543859e-02
1.308537540208359884e-02
1.394607867637193133e-02
1.522009647437039259e-02
1.649859729579772338e-02
1.754861425912668249e-02
1.835819629855001134e-02
1.902756470423461188e-02
1.964340221538091180e-02
2.026741388780262110e-02
2.105934480460436298e-02
2.242605712586709377e-02
2.504138129654009948e-02
2.965677543362904567e-02
3.677287897725606269e-02
4.636349541607898139e-02
5.784783229273182670e-02
7.038073907388220363e-02
8.334620589720020956e-02
9.680764545775316643e-02
1.116696304750701141e-01
1.294408222430644684e-01
4.802806432697392935e-02
3.425577869105855822e-02
2.738201754954250333e-02
2.474633366651884936e-02
2.391156509241865180e-02
2.327780472857604588e-02
2.227983833632801725e-02
2.115692207202846120e-02
2.047363515644989862e-02
2.065601628380642207e-02
2.175055280764648380e-02
2.345913249403625001e-02
2.534830435912882596e-02
2.706493153513878092e-02
2.843791195277856065e-02
2.945751672730351212e-02
3.021406850038060865e-02
3.088485876910096462e-02
3.178686964750637722e-02
3.342644697533719844e-02
3.644926526246933252e-02
4.145358866495474359e-02
4.873875146796202706e-02
5.813984233430818938e-02
6.908459320612930776e-02
8.089643365727033908e-02
9.322145445974744371e-02
1.063657789289019773e-01
1.213522283557125214e-01
1.396329991417471494e-01
4.669888929263626975e-02
3.243031279386238142e-02
2.510621144507146907e-02
2.207114673701754404e-02
2.086361492813493257e-02
1.983977695984590062e-02
1.838936804449226026e-02
1.672479244888941396e-02
1.541339842398919968e-02
1.491215259422845607e-02
1.531404433857774805e-02
1.636721386189066152e-02
1.767484445978223517e-02
1.891360652442486412e-02
1.994811615478869760e-02
2.082335230105802903e-02
2.170487337108478743e-02
2.284868947929746819e-02
2.462126278067577889e-02
2.751361825661419180e-02
3.207011731062464621e-02
3.870808071520520643e-02
4.750240904513003404e-02
5.807562793327797346e-02
6.971026398223800769e-02
8.168804573975818606e-02
9.372191457235390377e-02
1.062675638040752601e-01
1.205344610361187008e-01
1.381495504341408997e-01
3.113337203898530747e-02
1.893542742437820392e-02
1.360444096940466308e-02
1.219189443394869121e-02
1.211471576063938294e-02
1.178149824150248604e-02
1.073964703665558629e-02
9.360778233856781316e-03
8.288374423952304948e-03
7.949743337018810863e-03
8.349008778373911976e-03
9.169330217667692740e-03
1.003825796344975929e-02
1.075086441284966998e-02
1.132260807563162386e-02
1.189040189315171414e-02
1.258895872646681457e-02
1.352752048318828226e-02
1.488961415185346970e-02
1.705805478782923545e-02
2.062346747250820567e-02
2.620552484770261037e-02
3.415636569906338460e-02
4.432690021108914857e-02
5.607559709194481767e-02
6.857533550931899091e-02
8.129778914782415100e-02
9.443350468383138185e-02
1.090146338808177240e-01
1.266441550132582639e-01
2.244823911731380628e-02
1.193958022334723479e-02
8.049681732870239692e-03
7.640455095412723718e-03
8.107522129647881659e-03
7.988772601212890123e-03
7.032224940072773212e-03
5.778244829781176151e-03
4.930986167589079816e-03
4.858399141816571731e-03
5.440177309561755603e-03
6.257323138293524600e-03
6.924560554863123940e-03
7.319889267844381653e-03
7.579480812403116552e-03
7.912311935441840305e-03
8.416472937197772008e-03
9.063284352986811232e-03
9.873694091984741572e-03
1.114922560405279262e-02
1.355605866590375852e-02
1.794583519496445456e-02
2.497707644710578379e-02
3.475570404568173455e-02
4.673490414255659919e-02
5.998138388535689813e-02
7.370424152315274702e-02
8.778071777580398471e-02
1.029961966345004920e-01
1.208528799646117480e-01
1.854560816495398612e-02
9.192405922934354656e-03
6.168867931479138367e-03
6.233656666036702099e-03
6.815632877492094899e-03
6.598184142931340368e-03
5.516986387573141748e-03
4.257732607988229390e-03
3.568783858903912254e-03
3.756041965754908230e-03
4.579482086993547085e-03
5.516169599578901739e-03
6.148715401854853990e-03
6.401755553419208322e-03
6.492197151634460095e-03
6.676404831140736462e-03
7.019734890141293704e-03
7.386924196668476217e-03
7.679209417285559613e-03
8.148836524083213906e-03
9.542167394026024319e-03
1.291846123009399161e-02
1.920324374293769232e-02
2.872444763910109167e-02
4.102021238063940922e-02
5.506778892469810227e-02
6.984521635101853532e-02
8.494284866219986574e-02
1.009031276722772152e-01
1.191023440555876167e-01
1.753569669162452493e-02
8.780338552244748573e-03
6.153730313156968723e-03
6.371134515211984706e-03
6.897029573195490038e-03
6.512584320632008872e-03
5.271404427764248002e-03
3.948300932348935977e-03
3.318634100235917650e-03
3.650952185112299464e-03
4.631983807950657006e-03
5.672256941349096415e-03
6.327364107868327370e-03
6.539567332730922278e-03
6.564040540442350746e-03
6.679011542485180364e-03
6.929576478918231253e-03
7.121909728475761536e-03
7.094621430771941295e-03
7.080192495871551195e-03
7.880915283340172994e-03
1.068554532819238068e-02
1.658243022664102062e-02
2.603396542114105872e-02
3.862917357055467571e-02
5.328880332524693619e-02
6.884457785674341634e-02
8.470085112833652952e-02
1.012350630808502294e-01
1.197267207079147910e-01
1.822218444705020479e-02
9.525197916211369797e-03
6.929532702584895176e-03
7.148055277230225268e-03
7.648319180847240606e-03
7.219424719086431352e-03
5.925667648019328215e-03
4.552413974882874026e-03
3.882794048051085856e-03
4.188875924197421607e-03
5.156778686829455172e-03
6.193674637029022989e-03
6.850835967378288149e-03
7.066499923740698907e-03
7.092399795089632253e-03
7.203507510525064550e-03
7.441601898461103204e-03
7.610237159159261022e-03
7.548099005710906528e-03
7.492968119611698175e-03
8.259271116703992277e-03
1.105393639429874675e-02
1.698565023833831233e-02
2.653306564341245677e-02
3.929075566460271673e-02
5.416985236648563795e-02
6.997701452068710859e-02
8.608054900700229384e-02
1.028188918286687681e-01
1.214386827972508964e-01
2.039477912174025853e-02
1.120843354160455663e-02
8.281417662928614032e-03
8.365554797101770745e-03
8.897361889349086894e-03
8.580754606912543991e-03
7.379176077346671914e-03
6.005569694391421631e-03
5.227996106363985707e-03
5.360737311581820208e-03
6.161355077290597837e-03
7.097543797786265429e-03
7.740290078671108187e-03
8.003408598108940897e-03
8.094081201581893037e-03
8.258568367132956833e-03
8.551045581467464629e-03
8.826552424922529116e-03
8.984530532929968505e-03
9.291398660227989659e-03
1.052898638140559173e-02
1.381141418751724581e-02
2.012726167917683329e-02
2.985720030443256290e-02
4.256181522292401542e-02
5.719658550367351380e-02
7.267173250364600268e-02
8.847588064260708540e-02
1.050386701682035073e-01
1.236389253061703775e-01
2.490066682198543990e-02
1.464427471926715851e-02
1.092487466023561726e-02
1.059407479467733282e-02
1.105562975495211209e-02
1.087195080010538994e-02
9.824554765859583316e-03
8.486123651560040226e-03
7.582953821962834517e-03
7.490545854214103461e-03
8.082896694333874255e-03
8.927507558663394516e-03
9.623725924701731493e-03
1.003525352182033092e-02
1.028386003941328397e-02
1.056076650041110065e-02
1.094191812827821630e-02
1.137717670431992456e-02
1.187859228741844353e-02
1.276612119587450245e-02
1.476198552259810892e-02
1.880974637403060035e-02
2.567837383694532294e-02
3.557277204221714895e-02
4.800023934762914779e-02
6.201205495899070330e-02
7.672644242211434928e-02
9.187075178052089841e-02
1.080557048945282594e-01
1.266252883920926942e-01
3.346591533072201807e-02
2.157240329990284256e-02
1.649232861190380595e-02
1.526482613162932767e-02
1.531034398776520700e-02
1.505513639468630815e-02
1.407148626918958145e-02
1.275371370424943640e-02
1.175799266155863609e-02
1.151132928381254361e-02
1.200719257134286178e-02
1.291365044200859513e-02
1.384370343706897710e-02
1.457890195160571611e-02
1.511777243846118557e-02
1.557107274438385147e-02
1.603692862558003807e-02
1.658594184580275410e-02
1.737933536254226974e-02
1.881659704287019785e-02
2.156055889196850650e-02
2.635865819620603068e-02
3.372461288687050862e-02
4.366471731585153115e-02
5.564030034139105796e-02
6.883803566105278771e-02
8.264135527131794001e-02
9.706684659204606325e-02
1.129278623521629554e-01
1.316159827118929537e-01
4.825101969412554093e-02
3.430201264433918595e-02
2.730646877811038209e-02
2.459615681965926504e-02
2.370425469152259712e-02
2.298833383480808346e-02
2.184189676076325748e-02
2.047773177930739541e-02
1.945629113353375406e-02
1.922063049593653039e-02
1.984706363023830411e-02
2.106957224199457190e-02
2.248177586753657975e-02
2.375141061062474579e-02
2.472573521408499841e-02
2.541508016718013740e-02
2.593186552759763064e-02
2.647260555757297018e-02
2.736322279130082302e-02
2.910405581672670383e-02
3.232214614516765172e-02
3.759397062055097605e-02
4.520596191124309771e-02
5.499682066994598939e-02
6.641227900933033279e-02
7.879590915051870592e-02
9.179894201944965859e-02
1.057038895271087409e-01
1.214780008411018852e-01
1.404956703710659172e-01
5.067552758368359944e-02
3.683375979174885462e-02
2.978648230333297287e-02
2.685233798538305683e-02
2.558098685411708262e-02
2.437308353540512673e-02
2.267991635594851507e-02
2.077042709529197673e-02
1.924635937524910023e-02
1.857422915085304993e-02
1.884578962784788647e-02
1.982021469777234257e-02
2.114059958835057262e-02
2.254718127463861688e-02
2.395906679777654036e-02
2.541670448851812703e-02
2.697955394251211336e-02
2.868938133338194696e-02
3.063713753679642160e-02
3.307157781059855139e-02
3.643885404703267605e-02
4.128312907544778865e-02
4.804123744721405798e-02
5.685566595564578440e-02
6.754168435058854891e-02
7.976169019800133375e-02
9.333180055045836587e-02
1.084926788522267427e-01
1.259778513972628078e-01
1.468099461118050897e-01
3.457054726807845535e-02
2.250871191221048839e-02
1.716844759282676325e-02
1.561494831083642953e-02
1.531298121599244944e-02
1.473888298352937776e-02
1.350254133349942931e-02
1.200684165947946136e-02
1.088182667709602924e-02
1.050538263900052671e-02
1.082696216341599849e-02
1.150974388100989287e-02
1.222372674525856739e-02
1.286435236913963109e-02
1.356168927436107730e-02
1.451210351180332037e-02
1.579091150834799340e-02
1.730769345383198488e-02
1.895033600697521026e-02
2.081541687318472222e-02
2.334758296395234023e-02
2.726276716582382020e-02
3.327486600743723155e-02
4.178494211779071321e-02
5.273157445212212080e-02
6.571208957916091498e-02
8.032173616364796098e-02
9.652204123911434230e-02
1.148224925528289475e-01
1.361553104309248807e-01
2.562891767602276660e-02
1.499269470090336398e-02
1.083838804623826757e-02
1.008251473688842603e-02
1.020441328368110190e-02
9.829886747433458360e-03
8.765729436509717143e-03
7.553616909769411691e-03
6.833393938616483254e-03
6.864433447265450017e-03
7.421104826658087017e-03
8.038132157328403693e-03
8.380171944297576392e-03
8.466012429022284902e-03
8.608162269732988481e-03
9.139092056605291337e-03
1.014389681545213584e-02
1.140922157334928189e-02
1.264143361710512448e-02
1.381258888009723185e-02
1.539331285571304830e-02
1.829471950154193394e-02
2.352590441274643451e-02
3.175906476214490626e-02
4.306135903640384566e-02
5.695910851815222387e-02
7.280508181036132731e-02
9.024265071436027297e-02
1.095047431454427289e-01
1.313771737331279610e-01
2.173127086559656362e-02
1.202653406073894704e-02
8.524057376993632307e-03
8.074935913240488539e-03
8.223172161635761146e-03
7.755500373291313032e-03
6.659441129982512919e-03
5.592199743777837018e-03
5.191585785290608879e-03
5.604389128796294361e-03
6.444997283478692829e-03
7.126663030491586781e-03
7.293253519664866236e-03
7.047782667400082079e-03
6.836487339419661247e-03
7.091824624278764144e-03
7.902809577387592821e-03
8.960135503748245522e-03
9.833805184567501190e-03
1.041037565605656967e-02
1.119845566181221219e-02
1.328288089845247599e-02
1.792390544440669586e-02
2.601992913707246169e-02
3.774148249438552538e-02
5.254744532820404546e-02
6.957427997432580336e-02
8.817911462289435010e-02
1.083378517918640593e-01
1.306867504783798539e-01
2.090842965457762048e-02
1.162334535081216425e-02
8.346704993841269626e-03
7.916749587229654495e-03
7.936746009175765781e-03
7.300717204261786275e-03
6.105772811389520438e-03
5.073528291256290679e-03
4.834373360148636056e-03
5.463604223501838941e-03
6.478713828641846639e-03
7.220394996222456729e-03
7.318840055638264896e-03
6.923246380163228242e-03
6.553307450655299071e-03
6.695018547958342392e-03
7.436810007744265594e-03
8.414143945965568694e-03
9.122124693456412636e-03
9.404710669489224628e-03
9.800292678284805437e-03
1.150062596117207292e-02
1.591420428983741919e-02
2.406829802248044992e-02
3.618565709208043657e-02
5.167319311393941961e-02
6.952512938179622459e-02
8.891402392536307264e-02
1.096493962322914739e-01
1.322680437141718346e-01
2.189119788322430038e-02
1.254095419959211366e-02
9.174003469994251869e-03
8.645726383738339127e-03
8.575515480260642587e-03
7.867956129534614540e-03
6.622534523424428166e-03
5.555472966672136970e-03
5.287382888685243643e-03
5.884413645232566825e-03
6.860090808280705499e-03
7.558439595178712000e-03
7.619064508633199839e-03
7.202694627715722220e-03
6.837856836098998858e-03
7.013318407930735354e-03
7.813959734652875522e-03
8.868379050107288997e-03
9.666328035606019942e-03
1.005213077799965715e-02
1.057155753608041149e-02
1.242808633448577726e-02
1.704038104610311466e-02
2.543749097498004819e-02
3.783064803605790116e-02
5.360122269746231405e-02
7.170800001706040261e-02
9.128601110537909458e-02
1.121141341106599021e-01
1.347126943251433784e-01
2.445004672621736708e-02
1.455850274921177689e-02
1.080478197657319672e-02
1.008899857540029865e-02
9.999955738263677230e-03
9.352034258342856177e-03
8.136122798897471586e-03
6.990320923581261336e-03
6.521248773445897928e-03
6.847392546782293810e-03
7.571091466679114035e-03
8.115868353138488978e-03
8.154326826076141455e-03
7.824743988102955683e-03
7.600691877685639142e-03
7.923886304069704956e-03
8.873556742495736227e-03
1.012031785540717932e-02
1.121806496980365386e-02
1.205387597927382037e-02
1.315779251592447130e-02
1.564969753334871649e-02
2.082162641400459036e-02
2.958055107310320064e-02
4.206768098076735241e-02
5.767185942272884391e-02
7.542995688814874145e-02
9.459191212245027236e-02
1.150444797322932033e-01
1.373739483171624309e-01
2.946728705587076114e-02
1.854658055513180859e-02
1.403306640678608774e-02
1.291752399113055283e-02
1.274313791372688742e-02
1.216977536000463100e-02
1.099887113236730496e-02
9.731927769954351604e-03
8.951711081979618623e-03
8.868183034569321332e-03
9.235326631152784849e-03
9.605682826533457064e-03
9.692984091468348495e-03
9.576392889034279765e-03
9.616130755905172300e-03
1.016272944107327048e-02
1.128754909771972903e-02
1.274541579171067918e-02
1.421582289126860355e-02
1.566998283094328537e-02
1.761196848660678826e-02
2.101061935552500648e-02
2.693141255187991856e-02
3.607019611945350146e-02
4.846080782718636959e-02
6.353271941631583042e-02
8.049326423011904375e-02
9.882390462995427338e-02
1.186179342932592862e-01
1.405767533801396407e-01
3.871347109870271197e-02
2.630330157006272040e-02
2.056622254176126985e-02
1.865756972514692746e-02
1.811219143590070413e-02
1.743337480243828397e-02
1.620525212909540436e-02
1.476130034927197743e-02
1.364422217451294328e-02
1.315994062673425669e-02
1.322926094995419133e-02
1.354114922821619826e-02
1.383535110745431895e-02
1.409333879263874323e-02
1.451462294123406771e-02
1.532483142295559819e-02
1.658451669108773618e-02
1.816195316663254955e-02
1.990775121182591922e-02
2.191436149787501231e-02
2.466875446113381276e-02
2.896542204395308184e-02
3.560188212188269974e-02
4.502763353946298563e-02
5.716140543872844093e-02
7.150020988875221972e-02
8.747300632232635209e-02
1.048458736807806879e-01
1.239505225307646064e-01
1.456007363097913676e-01
5.434209274928747391e-02
4.012471846467680070e-02
3.271107550194046754e-02
2.951571405537345427e-02
2.815218717664336179e-02
2.702913103285570218e-02
2.554279268291287375e-02
2.385865547200222148e-02
2.245967105995561042e-02
2.171864669562251215e-02
2.169130559775217515e-02
2.217024545686674397e-02
2.288734117469048979e-02
2.369256910718608999e-02
2.459532611405679248e-02
2.567754798233862212e-02
2.698551394293779992e-02
2.851296054035695748e-02
3.030425933945063433e-02
3.259910477102001547e-02
3.589099516170612958e-02
4.081980469663654132e-02
4.793321169763203882e-02
5.745379098951486352e-02
6.920563644571131601e-02
8.276964378068180084e-02
9.780020656758192654e-02
1.143320250685786466e-01
1.328978796174052901e-01
1.543715731072279884e-01
5.380764422132350289e-02
4.058494536210588421e-02
3.424085977851371032e-02
3.204895328738210925e-02
3.151041126195713860e-02
3.098796240726908735e-02
2.991555944865259553e-02
2.856812145378190282e-02
2.757269101785647658e-02
2.743387591202045561e-02
2.828986403459371468e-02
2.995322613859824346e-02
3.212442557376798957e-02
3.459237901893957856e-02
3.728875147422033853e-02
4.019298565079282293e-02
4.319959644703114110e-02
4.608200361310271775e-02
4.860892753609596939e-02
5.075018747842224842e-02
5.283403606825037846e-02
5.553981246894590384e-02
5.971229637960351333e-02
6.609790621398353716e-02
7.515225645603956783e-02
8.702238309119386672e-02
1.016967194175217304e-01
1.192125580694150533e-01
1.397774597239960226e-01
1.637147072075929577e-01
3.686845575142710940e-02
2.515166876646135474e-02
2.025864160871526654e-02
1.923424003875418009e-02
1.951328263957496922e-02
1.954130021701144804e-02
1.890282564498385609e-02
1.798256525984770482e-02
1.739844509247623350e-02
1.752307723375406967e-02
1.831414084267840581e-02
1.946777549454931089e-02
2.071896017649843547e-02
2.205103012203968316e-02
2.367114304832568239e-02
2.578842489547533701e-02
2.837450388559759062e-02
3.109935053341089661e-02
3.351453324122266597e-02
3.538522370388746952e-02
3.696591862925713290e-02
3.904186688923055870e-02
4.269902165702493813e-02
4.894800760249090610e-02
5.840984908218221916e-02
7.122577958857073677e-02
8.721437565072792664e-02
1.061552424696540764e-01
1.280145252330119887e-01
1.529741923841475004e-01
2.772517595861156980e-02
1.722190981975990631e-02
1.331718846814894386e-02
1.293381303154778061e-02
1.354050779716392539e-02
1.373810130686581310e-02
1.329645283055225224e-02
1.270996883868308336e-02
1.256434611815504532e-02
1.306780888101760629e-02
1.396543848078424244e-02
1.480828664534600270e-02
1.533930856377879737e-02
1.571031865732636090e-02
1.638023886060252510e-02
1.777133368279920633e-02
1.992852913743181631e-02
2.242965346706871088e-02
2.463272175645170314e-02
2.612701888041785159e-02
2.711901962741691818e-02
2.851678402061585960e-02
3.165368535062784705e-02
3.780142120631097002e-02
4.773595234569411039e-02
6.157579749989755546e-02
7.894597729589952761e-02
9.933797397485055747e-02
1.224418816638592200e-01
1.482654207854237627e-01
2.414646295551936550e-02
1.439930871550004765e-02
1.097874843654683685e-02
1.077159094622964775e-02
1.133304770115439730e-02
1.143199252928883691e-02
1.100745219062820857e-02
1.063989609670062952e-02
1.087151164406968684e-02
1.175451271393673780e-02
1.284058834015278094e-02
1.354675108660841065e-02
1.360992044632253206e-02
1.330785569919246125e-02
1.329381754107278324e-02
1.415513121335043589e-02
1.599305480987289751e-02
1.831451039799913971e-02
2.033151013739215029e-02
2.150648564623985903e-02
2.202352438759203057e-02
2.290332510818426925e-02
2.568622091042843669e-02
3.185361651710871822e-02
4.229668493812444030e-02
5.709769436837458523e-02
7.570144401772155307e-02
9.734005065410827884e-02
1.214555496259515643e-01
1.478962002438036216e-01
2.393908780464232278e-02
1.443768509649756560e-02
1.106712021169031779e-02
1.073393487522017464e-02
1.107817794612309115e-02
1.098693374728781924e-02
1.050119360051254835e-02
1.024106782425854290e-02
1.070597958537350403e-02
1.184064336997758815e-02
1.307353086213947080e-02
1.374019413729504757e-02
1.357532790491605690e-02
1.293203496320022294e-02
1.257651848434970798e-02
1.318942087756241888e-02
1.490155488933869732e-02
1.717793576798676281e-02
1.914962561075372882e-02
2.021362743182902877e-02
2.055101367277628599e-02
2.125549405037324702e-02
2.398880281663129388e-02
3.034658639438431171e-02
4.127069766342328361e-02
5.679991058025873896e-02
7.624985423250846273e-02
9.868018511045201224e-02
1.233739292374936292e-01
1.500814604763044402e-01
2.563575616589830464e-02
1.588072268046264446e-02
1.221783872673570803e-02
1.160474750943241151e-02
1.172611398509409986e-02
1.149507369705582427e-02
1.095390696618231408e-02
1.070141674000979481e-02
1.120292503586367561e-02
1.236986392348388142e-02
1.361027087286403869e-02
1.425792360578348461e-02
1.406216271059607115e-02
1.339860195092151818e-02
1.305335899943549371e-02
1.371697088789192165e-02
1.551887639784405026e-02
1.791628971884356991e-02
2.003385120306100387e-02
2.126977136591062800e-02
2.181500672761044202e-02
2.277668290927531425e-02
2.582426933996939677e-02
3.254639241542484074e-02
4.385851231858189925e-02
5.975596429369800511e-02
7.950278017013506782e-02
1.021113213865064706e-01
1.268334056736982185e-01
1.534116177571723805e-01
2.893853183682582042e-02
1.846090145534157179e-02
1.420457630314558850e-02
1.320281112800719692e-02
1.313741058349116031e-02
1.284939327520434604e-02
1.227806301660577804e-02
1.193912181492418068e-02
1.227379573298481574e-02
1.323686341656066245e-02
1.432104628024927218e-02
1.493960766611851509e-02
1.487421534835220438e-02
1.447074517026913920e-02
1.444321623227923235e-02
1.541040446268232555e-02
1.747169664877429307e-02
2.011258571751589619e-02
2.252666441342648929e-02
2.417926349648280571e-02
2.528213794346761967e-02
2.689403342703100552e-02
3.057747287558765237e-02
3.779413817602167436e-02
4.936011331599737817e-02
6.523357720985695218e-02
8.471143019613064373e-02
1.068896196170261992e-01
1.311194953993614631e-01
1.572252622507523401e-01
3.480167650241383637e-02
2.317632124935264937e-02
1.800635869486177931e-02
1.643732709723505492e-02
1.612663421433285782e-02
1.577718797226490555e-02
1.514886872818194119e-02
1.462630217914923092e-02
1.463179204774128772e-02
1.521912753042270472e-02
1.604247960014665297e-02
1.665127989200759773e-02
1.686500763439513495e-02
1.695005980439656668e-02
1.746899305244931089e-02
1.890131642360781683e-02
2.129537835581246652e-02
2.419920603030067952e-02
2.694271434277845101e-02
2.911785098477154277e-02
3.097113524667521878e-02
3.346725392435973001e-02
3.797339126319448921e-02
4.573246039802375540e-02
5.740790594139938419e-02
7.293075766660367387e-02
9.170103196739032292e-02
1.130012173671099407e-01
1.363797048669169731e-01
1.618023696199910044e-01
4.512348019644968344e-02
3.201663169841406642e-02
2.558989685341633846e-02
2.316002206152106835e-02
2.238506417330077269e-02
2.182113634933507962e-02
2.102154020672625245e-02
2.021634516572057283e-02
1.980604819706743847e-02
1.996336645213964145e-02
2.053282373523934723e-02
2.121611387097660506e-02
2.185717228447081606e-02
2.259933729902674493e-02
2.379682600343996368e-02
2.574584292025855481e-02
2.843361057638743583e-02
3.149874096894345055e-02
3.445822952249416593e-02
3.707717681036942770e-02
3.965512131253967620e-02
4.304408701862932896e-02
4.837138763472009773e-02
5.661476828438677389e-02
6.826109376454853050e-02
8.322514155476318232e-02
1.010508661821696852e-01
1.212594302564293791e-01
1.436371830879714651e-01
1.683054268896044259e-01
6.211607146357406295e-02
4.737494436093020456e-02
3.940287734221215032e-02
3.576467668312655057e-02
3.419054755296457859e-02
3.314164823491327905e-02
3.199128424829450479e-02
3.081930366554314071e-02
2.999423160878222916e-02
2.979039290336921164e-02
3.022175775737240278e-02
3.111771410762537160e-02
3.231772992073395079e-02
3.381092086955045373e-02
3.571582766802089415e-02
3.812965906643611680e-02
4.097978872730217992e-02
4.401299951539111577e-02
4.696033495729690088e-02
4.978653318048092968e-02
5.286238531428555376e-02
5.693525531203230683e-02
6.289430782772503781e-02
7.145403335376365739e-02
8.293105802385375425e-02
9.723351934339169444e-02
1.140559932036976920e-01
1.331544181421180917e-01
1.545341973594834273e-01
1.784400395720528998e-01
5.738941021988519520e-02
4.350057535721502111e-02
3.695917212734767254e-02
3.517193835186854800e-02
3.564708892668283502e-02
3.664000601685385439e-02
3.741375628882287474e-02
3.807615129066033166e-02
3.914490462756614608e-02
4.109158433074505679e-02
4.407708292216305779e-02
4.794853610107657760e-02
5.241055469200484040e-02
5.720469263195737675e-02
6.216800084188017772e-02
6.715702203229761968e-02
7.193353098903482179e-02
7.613878985469435534e-02
7.941793380943951153e-02
8.164431068986804929e-02
8.311334481849763645e-02
8.458088500266564003e-02
8.710752613517597220e-02
9.178085275011982347e-02
9.945198187779702437e-02
1.106040757165191457e-01
1.253856001789807606e-01
1.437461487170505481e-01
1.655647623140537594e-01
1.906830483960212375e-01
3.881446365373308893e-02
2.609283134552481398e-02
2.073341558919850058e-02
1.991741759007364942e-02
2.106998572699708694e-02
2.250069882269506438e-02
2.359483789810745691e-02
2.455258102002960685e-02
2.588021808252355394e-02
2.792608196477891491e-02
3.068107923955876171e-02
3.387978426722865199e-02
3.725683360666848243e-02
4.074216257213231218e-02
4.445231571479435484e-02
4.849637483139157546e-02
5.275396746604593678e-02
5.680872056001506909e-02
6.011966648367084165e-02
6.235455851995819199e-02
6.369696723465162469e-02
6.494437450747325702e-02
6.733130983927521074e-02
7.216470127867297135e-02
8.045468862630866802e-02
9.271057891126605055e-02
1.089654692518141066e-01
1.289643515154658693e-01
1.523749047911471255e-01
1.788935745522609588e-01
2.888226517547243244e-02
1.716385412219467721e-02
1.263273572388023958e-02
1.234670745784166579e-02
1.374708294302323663e-02
1.527169424060692560e-02
1.646540259275880436e-02
1.762286910977672871e-02
1.921693555024078792e-02
2.144064727611338927e-02
2.408356964400731881e-02
2.674139243594803039e-02
2.915670342888027067e-02
3.142799449600464090e-02
3.393408311551360246e-02
3.702556614036994764e-02
4.069978107453642302e-02
4.449574775081444056e-02
4.771012289733628231e-02
4.983260332506078694e-02
5.095777415647129160e-02
5.193642714288632112e-02
5.417519494443695516e-02
5.918681641194606380e-02
6.811923866310115594e-02
8.148299705289979711e-02
9.916996890258261699e-02
1.206956346794458845e-01
1.454944809066863742e-01
1.731022500535532305e-01
2.536670040910055102e-02
1.427585345802140360e-02
1.012280371982487992e-02
9.932221338343649730e-03
1.122360968386992841e-02
1.258718602398112285e-02
1.372057849376939753e-02
1.499359198598132492e-02
1.683284117981814765e-02
1.927891317511970515e-02
2.193287620285111483e-02
2.425836596088232211e-02
2.599093328550011739e-02
2.735611250808067663e-02
2.893791622962688104e-02
3.127779173125128098e-02
3.446811081780193353e-02
3.801804230670252638e-02
4.110595690360946408e-02
4.309517889656216960e-02
4.402612480015161145e-02
4.480553308029744386e-02
4.698300673879068912e-02
5.223064103409452708e-02
6.179061715658168419e-02
7.615001037599111733e-02
9.505902266043936288e-02
1.178217682482329831e-01
1.436645765652336260e-01
1.719833671394394581e-01
2.591170428855538166e-02
1.495653889455406116e-02
1.073219936335878533e-02
1.029807764021534178e-02
1.126895187132836984e-02
1.235764839801140047e-02
1.336276230870031556e-02
1.468926237522549805e-02
1.671490234091582705e-02
1.936591873593845881e-02
2.211252474960156977e-02
2.432860861011953979e-02
2.574011414862087399e-02
2.664477631115275136e-02
2.774462709440933539e-02
2.969006000474022633e-02
3.262764481304786246e-02
3.605220264040487343e-02
3.908260621253506484e-02
4.102365670236118866e-02
4.190106117864739188e-02
4.266680005531625630e-02
4.495652176358633234e-02
5.052482317846956894e-02
6.064595594297905734e-02
7.576230129241118272e-02
9.550896202407277435e-02
1.190398769763498232e-01
1.454441437272052107e-01
1.740340981518000985e-01
2.884978203771026983e-02
1.751079572158553699e-02
1.281741497729738111e-02
1.191039124999027088e-02
1.248214975660022485e-02
1.329985587868010022e-02
1.418076011461072428e-02
1.551195445971986775e-02
1.762741786596289106e-02
2.040132452845255795e-02
2.326105825549723560e-02
2.555781375740134864e-02
2.701610004132770637e-02
2.794622425463694215e-02
2.906614161792436812e-02
3.103733470756669943e-02
3.401073125900461180e-02
3.748315352373693399e-02
4.058016538322084532e-02
4.262256385372564793e-02
4.365970935055324409e-02
4.466648892793595449e-02
4.728871940889040060e-02
5.326818374554775914e-02
6.383981413649353343e-02
7.938567693851228402e-02
9.947275232805335987e-02
1.231955491603367037e-01
1.496067637480857360e-01
1.780131318236427562e-01
3.375343977547651253e-02
2.155527368554693846e-02
1.605341837236179403e-02
1.450592012353935090e-02
1.465401601983523650e-02
1.524178763334776976e-02
1.601761564450282505e-02
1.729702178266673274e-02
1.937846564581935382e-02
2.215166978736848868e-02
2.509484802709605056e-02
2.760821090344522943e-02
2.942631901564635166e-02
3.081482793156437028e-02
3.240772557805621235e-02
3.478212084848075758e-02
3.804575995972031555e-02
4.171516586405232818e-02
4.498824367688447623e-02
4.727347108628249250e-02
4.867763548777687133e-02
5.017130262709723620e-02
5.333125489739914959e-02
5.979093589014278232e-02
7.067804497043650436e-02
8.630518522962193906e-02
1.062259170621080995e-01
1.295728534996278269e-01
1.554670695303576600e-01
1.832877678234657859e-01
4.154016907403285108e-02
2.811518435936294358e-02
2.151848823750979189e-02
1.916348361490255447e-02
1.882632874131950906e-02
1.917321138986066709e-02
1.981794086949678624e-02
2.096333959527779678e-02
2.287911796633951278e-02
2.552382617028192691e-02
2.849985802588006489e-02
3.131136949003793246e-02
3.370897187343102619e-02
3.586465602215649362e-02
3.824647916636558787e-02
4.127109515172028287e-02
4.496799399104745021e-02
4.889228173170911962e-02
5.237137859207829926e-02
5.496151743681837454e-02
5.685387435376521026e-02
5.899073975472846065e-02
6.281408303644575586e-02
6.977196637787913547e-02
8.083273730423629067e-02
9.623664718148050579e-02
1.155722082775041959e-01
1.380904746924748738e-01
1.630630277153525265e-01
1.899981756370246466e-01
5.409547514875878704e-02
3.924984192696634455e-02
3.134324554063244728e-02
2.799211448748872844e-02
2.702589349582024125e-02
2.702251129239169325e-02
2.743632025148301512e-02
2.833844752825936952e-02
2.997226112085676908e-02
3.239072930637038050e-02
3.535581883450511498e-02
3.849951596957973399e-02
4.158379948270563009e-02
4.465124305134932081e-02
4.795159152077471676e-02
5.169620363089649784e-02
5.581997107905628530e-02
5.993504465492438538e-02
6.353980723408508835e-02
6.637915291538121210e-02
6.874641327672831315e-02
7.154039083927427045e-02
7.602764857142896293e-02
8.342532893468551647e-02
9.451431950103178492e-02
1.094650562901193780e-01
1.279325877230280684e-01
1.493326846729076673e-01
1.731291161346347196e-01
1.989812404839118032e-01
7.353733459480144008e-02
5.731514617176924897e-02
4.800822423066031241e-02
4.349111937596855659e-02
4.169875360812363985e-02
4.115911050401804827e-02
4.118773508861039989e-02
4.173009812579642208e-02
4.300105554916039408e-02
4.514295113516764157e-02
4.807099340162290790e-02
5.153570115796657358e-02
5.529622232675163174e-02
5.924763877419714220e-02
6.340441142405611741e-02
6.776353662449691173e-02
7.216875558816948644e-02
7.630438015352541958e-02
7.985998898001633872e-02
8.278541088357677102e-02
8.548167561019603955e-02
8.879805731717854700e-02
9.381339277094163931e-02
1.015035057995676282e-01
1.124596424886009083e-01
1.267893137330367570e-01
1.442251571529939991e-01
1.643551229978799100e-01
1.868328129906569601e-01
2.114551395987253612e-01
7.583593610605421365e-02
5.959581059804064385e-02
5.106285944746086214e-02
4.815000919865025653e-02
4.865393679369933722e-02
5.085230836048615366e-02
5.380775358268674591e-02
5.731412716990597067e-02
6.158254966495091409e-02
6.686379780286794139e-02
7.319344338205147071e-02
8.034310065470484652e-02
8.793284034693188422e-02
9.558246318589352919e-02
1.029911314163033387e-01
1.099153571011649566e-01
1.161028384716875084e-01
1.212740012333351491e-01
1.252048075683538375e-01
1.278844055036834071e-01
1.296569936152852653e-01
1.312529693074018233e-01
1.336722753396538677e-01
1.379643036770726860e-01
1.450020575321952498e-01
1.553427923607864636e-01
1.692111148198944259e-01
1.865717995889403791e-01
2.072201180774647655e-01
2.308264861018933800e-01
5.480102311994106135e-02
3.906900193365775431e-02
3.118302105213532904e-02
2.885175021515407057e-02
2.977153283986461174e-02
3.223163809640311461e-02
3.537269607862064680e-02
3.905816891369379151e-02
4.349710911465598517e-02
4.885066473950400168e-02
5.501941212662869729e-02
6.167300477682952087e-02
6.843368377902475652e-02
7.505006799950458829e-02
8.143518002045518900e-02
8.755830229397215669e-02
9.329245119979617806e-02
9.835387148230206877e-02
1.024074881025303085e-01
1.052975874702180570e-01
1.072730688166803059e-01
1.090691528550827849e-01
1.117851009967883447e-01
1.166094609175635233e-01
1.245218184677310269e-01
1.361002650290965010e-01
1.514939712243680847e-01
1.705280964403552146e-01
1.928487490429163231e-01
2.180175268636809216e-01
4.288553649708259918e-02
2.768800596020870586e-02
2.026595892799093468e-02
1.820857715884272032e-02
1.920073619390277875e-02
2.161535010795317957e-02
2.471351323087261909e-02
2.843953638193874589e-02
3.298807859127811382e-02
3.840653889445294622e-02
4.443482292188394300e-02
5.061878110951129051e-02
5.656552234684097957e-02
6.213846020523761116e-02
6.745350275773942528e-02
7.268679635280012041e-02
7.783892884703236259e-02
8.263400678702986779e-02
8.664590364218888174e-02
8.959657070076804120e-02
9.165767124943330346e-02
9.357706779545815756e-02
9.654846740031758356e-02
1.018833106245974340e-01
1.106439846779723735e-01
1.234027507758128084e-01
1.402078320628512564e-01
1.607234716948958142e-01
1.844319275585752926e-01
2.107800312534218179e-01
3.828603395951901689e-02
2.343407952394643834e-02
1.617166753306586990e-02
1.405168202587842030e-02
1.481364240203481009e-02
1.695068767290547340e-02
1.985248061629585337e-02
2.353581902739776410e-02
2.817125412686677377e-02
3.369071978773080511e-02
3.967841197434668343e-02
4.555784013114866360e-02
5.090731949941856849e-02
5.567173161645710966e-02
6.012387713751532470e-02
6.460421289018208890e-02
6.921891322817425030e-02
7.370752761793680774e-02
7.758584933139250905e-02
8.049635349436301546e-02
8.256697720673361607e-02
8.456851818408273047e-02
8.777355057658986492e-02
9.358344574365634605e-02
1.031074117804787194e-01
1.168859562025320042e-01
1.348569983029025976e-01
1.565298406039478119e-01
1.812378606414597471e-01
2.083299703492841881e-01
3.887969600725821318e-02
2.403624919057328890e-02
1.658171003932301657e-02
1.410418735680735169e-02
1.443286176699687395e-02
1.617692674690535126e-02
1.882618828998811056e-02
2.244198855008833204e-02
2.716466252133636905e-02
3.283261378813101539e-02
3.891161137687071392e-02
4.473059597662715214e-02
4.983425377962436009e-02
5.420369931325902391e-02
5.819603270277301510e-02
6.224414747171530538e-02
6.651764242518354298e-02
7.077418529973006356e-02
7.451279359641888034e-02
7.735253097686362045e-02
7.941939313972612435e-02
8.151479425921009936e-02
8.496194922456962173e-02
9.120347679876361635e-02
1.013499659076638193e-01
1.158880607677360564e-01
1.346544928680608044e-01
1.570380040519878673e-01
1.822678114956827189e-01
2.096340535391248427e-01
4.304157008105358173e-02
2.781371936295251590e-02
1.983172621084211551e-02
1.677555543903663793e-02
1.657196267379051902e-02
1.791034945053665561e-02
2.032566392910517550e-02
2.388256902596941345e-02
2.868856795828045314e-02
3.452801863188942333e-02
4.080934148638876158e-02
4.681512388994102380e-02
5.206134971615089535e-02
5.651707054521604157e-02
6.053867657366196475e-02
6.456472790950407159e-02
6.877535586982463922e-02
7.294567468421392364e-02
7.660187377884536408e-02
7.939961201140538494e-02
8.150494265324298437e-02
8.375166927423166596e-02
8.747504263174415984e-02
9.410030506139066553e-02
1.046901681406247619e-01
1.196612352243318633e-01
1.387736404449546046e-01
1.613509601446869723e-01
1.865834219101407121e-01
2.137556386474918080e-01
5.021973728972889406e-02
3.425759444302550749e-02
2.547513460387768047e-02
2.168886721832158360e-02
2.091771598236824570e-02
2.188371122877236230e-02
2.410425683271683051e-02
2.760370378013909942e-02
3.245671340104056002e-02
3.843924725654596086e-02
4.497121774729190280e-02
5.134471752848851489e-02
5.705848249449901877e-02
6.202637083860729206e-02
6.652300630130963954e-02
7.090865933763057516e-02
7.532248174586647638e-02
7.955571875739436694e-02
8.320252458176352617e-02
8.600960004762731037e-02
8.821807419848709531e-02
9.068925161974628057e-02
9.472744436273861091e-02
1.016813041176257704e-01
1.125200051530048095e-01
1.275808416059121542e-01
1.465802647955137816e-01
1.688395357538253205e-01
1.935797118342030831e-01
2.201339401351036229e-01
6.106028114397121787e-02
4.414821100700799805e-02
3.438845793173039844e-02
2.977232405976298901e-02
2.840894971670654412e-02
2.901643055428071438e-02
3.104520396466953214e-02
3.444511099937613841e-02
3.925951595505422498e-02
4.529531670938208299e-02
5.204279532764682914e-02
5.885229613875420096e-02
6.521807470581186816e-02
7.096718462564055585e-02
7.623006722593161921e-02
8.122388783192258099e-02
8.600788203659009978e-02
9.038992164777298610e-02
9.406451662026338312e-02
9.691011160697488025e-02
9.926558502252008642e-02
1.020093543988141449e-01
1.063749679722862385e-01
1.135847560609314910e-01
1.244795032798726164e-01
1.393148171794535428e-01
1.577961453624029398e-01
1.792978288213513682e-01
2.031295455291888818e-01
2.287143924398616357e-01
7.704247848291645440e-02
5.917028414345171239e-02
4.838363390899275140e-02
4.288411607545528081e-02
4.088463363257821559e-02
4.109037522946862309e-02
4.286405033978302193e-02
4.606501814084229540e-02
5.070776941979354691e-02
5.665401815666287755e-02
6.350023237831897704e-02
7.068557694111637923e-02
7.770965753781527985e-02
8.429663882938059905e-02
9.039888605903279029e-02
9.605569993342311097e-02
1.012271977317738547e-01
1.057411901407013244e-01
1.094123747647739453e-01
1.122721638806625233e-01
1.147643135768219302e-01
1.177702104156208573e-01
1.224221525682582801e-01
1.297834670865708473e-01
1.405474207557952382e-01
1.548917306973780494e-01
1.725363626253388905e-01
1.929455622026138850e-01
2.155516855258579056e-01
2.398879011753182189e-01
9.976908941965950683e-02
8.116940368927055838e-02
6.946199526272917035e-02
6.309067147252067631e-02
6.040349561849683857e-02
6.011589753786855672e-02
6.151553823835193002e-02
6.437651420800966084e-02
6.868763239402991827e-02
7.437081303177267566e-02
8.113701999268330134e-02
8.852291411520024633e-02
9.603905270835466634e-02
1.033077004086018769e-01
1.101011295429820680e-01
1.162793598931508021e-01
1.217054513271483285e-01
1.262324399268291986e-01
1.298000137414798139e-01
1.325918245244817606e-01
1.351471759907086900e-01
1.383338048873015702e-01
1.431644553905466744e-01
1.505306886112605658e-01
1.609761343986530480e-01
1.746094334368066825e-01
1.911801535207616753e-01
2.102565996926518133e-01
2.314008763512691025e-01
2.542539293879162998e-01
