-1.085188731561477216e+00
-1.287133481414084013e+00
-1.506179567929187169e+00
-1.733269207991160687e+00
-1.957492708024602290e+00
-2.166839040111957715e+00
-2.349144691990954215e+00
-2.493148842968960999e+00
-2.589542139648139063e+00
-2.631889830321587631e+00
-2.617319227190943121e+00
-2.546885475709986135e+00
-2.425565305263724269e+00
-2.261871059886510160e+00
-2.067121235650175137e+00
-1.854443320586302679e+00
-1.637615008889899304e+00
-1.429867231508588077e+00
-1.242774998422198074e+00
-1.085349726217421429e+00
-9.634212695325330422e-01
-8.793625903996142856e-01
-8.321693569013620673e-01
-8.178658744179140294e-01
-8.301727491009021076e-01
-8.613450461756810839e-01
-9.030756426570607509e-01
-9.473584297284405320e-01
-9.872194275333162627e-01
-1.017248220786442392e+00
-8.692814236424684093e-01
-1.059239838991232308e+00
-1.270089123553466592e+00
-1.493170266156090165e+00
-1.717724255217436546e+00
-1.931619496589290108e+00
-2.122300418323427973e+00
-2.277865672964066501e+00
-2.388161106081477136e+00
-2.445764061897994779e+00
-2.446743340640530118e+00
-2.391102390344382655e+00
-2.282848974288228305e+00
-2.129677730779960587e+00
-1.942296935774617594e+00
-1.733471549693958114e+00
-1.516886197196578134e+00
-1.305950388650547911e+00
-1.112672095817987650e+00
-9.467146829920105588e-01
-8.147279160966575118e-01
-7.200096128777729865e-01
-6.625148679131578344e-01
-6.391896905252749672e-01
-6.445703206322971335e-01
-6.715627781399993168e-01
-7.123024638636212824e-01
-7.589922911356036250e-01
-8.046294097145171298e-01
-8.435527722296815023e-01
-6.177605150050479166e-01
-7.896433245179153015e-01
-9.862513851421296218e-01
-1.199611692533737006e+00
-1.419421684522489180e+00
-1.633729888957325738e+00
-1.829858016674711152e+00
-1.995475901071680269e+00
-2.119715264592313630e+00
-2.194197538390322499e+00
-2.213856793963773661e+00
-2.177460594363930024e+00
-2.087766170916527386e+00
-1.951291908897971883e+00
-1.777728850362331414e+00
-1.579057914597665757e+00
-1.368470693819673567e+00
-1.159211301074870137e+00
-9.634618937344801015e-01
-7.913851115866019637e-01
-6.504144577062882515e-01
-5.448517852609759959e-01
-4.757937468145941318e-01
-4.413710473713960414e-01
-4.372502989102678983e-01
-4.573222539402207465e-01
-4.944851013820545371e-01
-5.414287044662502435e-01
-5.913347868376374050e-01
-6.384271115449605682e-01
-3.458105984170758429e-01
-4.946963681135121971e-01
-6.719818294903194822e-01
-8.706281360460166319e-01
-1.081068442805231289e+00
-1.291820642616319237e+00
-1.490357997676889257e+00
-1.664154549332509614e+00
-1.801795000017535564e+00
-1.894025898773966432e+00
-1.934628540824115728e+00
-1.921013519824888327e+00
-1.854469432415562391e+00
-1.740039083515708462e+00
-1.586039956042770704e+00
-1.403285916536222588e+00
-1.204099130933049988e+00
-1.001221355427730053e+00
-8.067402754690367050e-01
-6.311393366714068698e-01
-4.825601583588444710e-01
-3.663381087582976980e-01
-2.848378369491818551e-01
-2.375808129802225444e-01
-2.216254439259144338e-01
-2.321357372919410356e-01
-2.630593748428228795e-01
-3.078316999494924433e-01
-3.600282878759116789e-01
-4.139038232449003818e-01
-7.110424715606417090e-02
-1.936394563673766722e-01
-3.478725014050197961e-01
-5.278870840626859184e-01
-7.250832905196227252e-01
-9.287054931337050956e-01
-1.126639797387442687e+00
-1.306405553036845024e+00
-1.456237011342457421e+00
-1.566136416391673780e+00
-1.628780939238779979e+00
-1.640182604416339895e+00
-1.600030027619453232e+00
-1.511678876481140410e+00
-1.381799009348434915e+00
-1.219724710539578094e+00
-1.036585553122927994e+00
-8.443157592544483503e-01
-6.546477350222621450e-01
-4.781906816910771463e-01
-3.236793090469426426e-01
-1.974533770173509950e-01
-1.031995203858317445e-01
-4.195633581240909571e-02
-1.235566466935011931e-02
-1.105048304788736058e-02
-3.326503193362884137e-02
-7.339690622885342020e-02
-1.256037004398609103e-01
-1.843172844707628433e-01
1.880981179225498234e-01
9.347558248949949800e-02
-3.555955647448810764e-02
-1.943278328956576928e-01
-3.753630712829661431e-01
-5.688440647805330652e-01
-7.633019154164419895e-01
-9.465368492814263401e-01
-1.106649233827941003e+00
-1.233073100251135923e+00
-1.317499089997014483e+00
-1.354587311348118384e+00
-1.342396702212979243e+00
-1.282491983988816475e+00
-1.179727053217010102e+00
-1.041739530584405493e+00
-8.782207315945498305e-01
-7.000453788271838729e-01
-5.183543356874811270e-01
-3.436814626331542444e-01
-1.852036936242144050e-01
-5.017393170045642004e-02
5.642769605157360591e-02
1.320141690254190703e-01
1.762973845432236342e-01
1.910132766612662181e-01
1.795141946313864034e-01
1.462838607317535899e-01
9.643075192638528303e-02
3.521015583978659436e-02
4.149525647699567887e-01
3.479909472320867891e-01
2.446617505848426299e-01
1.083736988761443421e-01
-5.463390338175488914e-02
-2.356214892639529879e-01
-4.239553963344929177e-01
-6.079340425560493255e-01
-7.757491792056514512e-01
-9.164796412319480279e-01
-1.021011243389140510e+00
-1.082786683121400362e+00
-1.098311426221526332e+00
-1.067371821237502738e+00
-9.929554736102521595e-01
-8.808965144871945263e-01
-7.392958004274061690e-01
-5.777854391128638412e-01
-4.067169285833157066e-01
-2.363525879575721911e-01
-7.613197171280483566e-02
6.592946201687788221e-02
1.836706431753414304e-01
2.730254522115713733e-01
3.320743281433251592e-01
3.609246885077117550e-01
3.614511207037601759e-01
3.369349290649391593e-01
2.916464461390149143e-01
2.304127895543499616e-01
5.958350542337108591e-01
5.546404705502386845e-01
4.760099876221486337e-01
3.621257135741443589e-01
2.179820035576387482e-01
5.115533520675097368e-02
-1.286959012639773969e-01
-3.105566131909050509e-01
-4.829316738138644816e-01
-6.347821193931553196e-01
-7.564230513755030305e-01
-8.402923082724131909e-01
-8.815169065368791967e-01
-8.782299514118734329e-01
-8.316200810456311210e-01
-7.457243695189035293e-01
-6.270004311087747917e-01
-4.837317605783305607e-01
-3.253308894166279663e-01
-1.616077088188817568e-01
-2.066232667279233048e-03
1.447163142519835022e-01
2.715870980307000249e-01
3.731656324362252475e-01
4.460306255454998814e-01
4.887481394081497621e-01
5.017555251532507254e-01
4.871252030164473501e-01
4.482391673903814988e-01
3.894089145900883064e-01
7.216767934763147485e-01
7.030435807190330566e-01
6.468565258394188833e-01
5.541830879663566245e-01
4.288235060979088686e-01
2.771739929644713163e-01
1.078311961661924112e-01
-6.902752771827425082e-02
-2.424262588229431081e-01
-4.014547074138735128e-01
-5.361264535572695111e-01
-6.381470184305214621e-01
-7.015213658971857225e-01
-7.229514852227718613e-01
-7.019994602517700688e-01
-6.410162995685787513e-01
-5.448587466109788835e-01
-4.204332092143364674e-01
-2.761168292603070062e-01
-1.211105366967867303e-01
3.522157475984566410e-02
1.839769061825105023e-01
3.172610364844236086e-01
4.286238848797915280e-01
5.133632450519024504e-01
5.686843885619355943e-01
5.937151677004980366e-01
5.893863057685307938e-01
5.581958730270563107e-01
5.038847210169371538e-01
7.886526827829384301e-01
7.884959223837920694e-01
7.516120624411711804e-01
6.781175044137141006e-01
5.707258521745032231e-01
4.346929623788006181e-01
2.775194992518614789e-01
1.084357552997469165e-01
-6.228103515690025516e-02
-2.240883614046697558e-01
-3.669816561350969231e-01
-4.822427100826189861e-01
-5.630668874136268709e-01
-6.050193153171029570e-01
-6.062904289489720044e-01
-5.677420930014629441e-01
-4.927544630953599181e-01
-3.868990717626672460e-01
-2.574745128427741725e-01
-1.129475446037794817e-01
3.765502457164782157e-02
1.853588832365076211e-01
3.218173705199436352e-01
4.398122209985960707e-01
5.336492841188124059e-01
5.994265064539076038e-01
6.351608110449368239e-01
6.407710572107762070e-01
6.179254642926713670e-01
5.697728278608883423e-01
-1.083558482915922827e+00
-1.292531271470494403e+00
-1.517748214449401445e+00
-1.749031920333869561e+00
-1.974281120276810242e+00
-2.180337976781115739e+00
-2.354067477150930454e+00
-2.483542283586676280e+00
-2.559204142228612255e+00
-2.574867145748985120e+00
-2.528440280473504220e+00
-2.422275513506157552e+00
-2.263089447143517230e+00
-2.061455714888137614e+00
-1.830915311062409234e+00
-1.586796463357246445e+00
-1.344868911265107103e+00
-1.119975558967066798e+00
-9.247854380492334103e-01
-7.687958968570273166e-01
-6.576811367824815235e-01
-5.930426041518722657e-01
-5.725695633161773657e-01
-5.905713284891923598e-01
-6.388019686910803019e-01
-7.074688584771426925e-01
-7.863017479135869792e-01
-8.655605376235260273e-01
-9.368768278329306920e-01
-9.938535139042221633e-01
-8.600380073953224347e-01
-1.055593561943743541e+00
-1.270998175762883431e+00
-1.496470010942160034e+00
-1.720061879235987856e+00
-1.928506777299734853e+00
-2.108297992162039503e+00
-2.246897314322815919e+00
-2.333940225109543132e+00
-2.362299127646054320e+00
-2.328876470495089279e+00
-2.235027802757699078e+00
-2.086556619003348878e+00
-1.893272593946274451e+00
-1.668155782143412758e+00
-1.426214915941325545e+00
-1.183162375530171673e+00
-9.540476711927807774e-01
-7.519933666562308439e-01
-5.871624625991854751e-01
-4.660565863333995806e-01
-3.912038560684432120e-01
-3.612491889386403865e-01
-3.714138854078283813e-01
-4.142512327212843348e-01
-4.805954911644567673e-01
-5.605863498980095949e-01
-6.446511919377964084e-01
-7.243425283685649418e-01
-7.929549035683221003e-01
-6.026322898314531162e-01
-7.786216430776695674e-01
-9.781068074343250984e-01
-1.192013114576254917e+00
-1.408880798198048456e+00
-1.615662298758859805e+00
-1.798773455903293961e+00
-1.945295302741114618e+00
-2.044196449926415138e+00
-2.087436189220399196e+00
-2.070817363312777548e+00
-1.994484708062124412e+00
-1.863005056373093549e+00
-1.685014798198366304e+00
-1.472470610867729013e+00
-1.239585040840591290e+00
-1.001563339625007432e+00
-7.732780099828269194e-01
-5.680208455209756480e-01
-3.964590511741763468e-01
-2.658945180059230640e-01
-1.798873328854123654e-01
-1.382610948217679048e-01
-1.374640603879777601e-01
-1.712218776343015780e-01
-2.313892146391193227e-01
-3.088920865511917691e-01
-3.946514714176220795e-01
-4.803912306166440715e-01
-5.592568856023145685e-01
-3.273883841786235371e-01
-4.789754646546254269e-01
-6.575518881318462849e-01
-8.550204306569886281e-01
-1.060712879551854115e+00
-1.262115226328762718e+00
-1.445861777282431371e+00
-1.598900933777602784e+00
-1.709707080953883018e+00
-1.769401150737280215e+00
-1.772649074177956585e+00
-1.718231647629755443e+00
-1.609217748583541940e+00
-1.452719798873874701e+00
-1.259259325552775532e+00
-1.041814897265344708e+00
-8.146590774879189922e-01
-5.921114533002393987e-01
-3.873394118452372359e-01
-2.113273737504274830e-01
-7.211076776429414803e-02
2.566324519243479152e-02
8.082582403433358209e-02
9.544459831038876185e-02
7.430250567947560558e-02
2.417660682084099566e-02
-4.698847468959588269e-02
-1.309150322904694130e-01
-2.197464526974638455e-01
-3.066520234473864015e-01
-5.256687476650762081e-02
-1.766159957133174307e-01
-3.307888530637153046e-01
-5.081725319672214525e-01
-6.991420842970407223e-01
-8.919942445759809768e-01
-1.073859890551967400e+00
-1.231806527395199247e+00
-1.354012741900228800e+00
-1.430882857008355380e+00
-1.455974132226948381e+00
-1.426630138794078073e+00
-1.344249079985450734e+00
-1.214159560767080315e+00
-1.045122383831871948e+00
-8.485191556988749273e-01
-6.373215786277264261e-01
-4.249556388947047236e-01
-2.241807722259160363e-01
-4.609574126004806205e-02
1.006376309030481142e-01
2.102912762330257923e-01
2.802610625991622806e-01
3.109580599140098212e-01
3.054398860963634110e-01
2.688453586085157720e-01
2.077105252605010444e-01
1.292485812839270221e-01
4.067054861718855108e-02
-5.139047776225585951e-02
2.033614959106945230e-01
1.080933810891142599e-01
-1.987681464826296374e-02
-1.749486848524213212e-01
-3.487223757616265130e-01
-5.305274486947907375e-01
-7.082344909600132299e-01
-8.692712145842353966e-01
-1.001735063749332078e+00
-1.095479083139266452e+00
-1.143049279013761410e+00
-1.140369481555935760e+00
-1.087100802575202696e+00
-9.866423125408422257e-01
-8.457817277254352506e-01
-6.740439461090579343e-01
-4.828163603540371329e-01
-2.843496876954362262e-01
-9.074007332878092358e-02
8.700728890928033366e-02
2.397490325514594067e-01
3.607491212091251676e-01
4.459675779408308616e-01
4.940902244605261950e-01
5.063237606756566533e-01
4.860017121516929661e-01
4.380607816609828342e-01
3.684531271802432562e-01
2.835582346682048449e-01
1.896494538729247559e-01
4.237655521160614835e-01
3.566511933796747691e-01
2.549800085047158049e-01
1.229969879090979656e-01
-3.222532764379837378e-02
-2.012042931347068353e-01
-3.727452744652686167e-01
-5.348538859915157317e-01
-6.757663579632574580e-01
-7.849856116424542840e-01
-8.542095333269250634e-01
-8.780519562506268194e-01
-8.544833661585073958e-01
-7.849529697104644654e-01
-6.741912531788329943e-01
-5.297273154062275280e-01
-3.611837453969236611e-01
-1.794306964528460946e-01
4.311212793484231476e-03
1.793321876725035846e-01
3.361834618093050286e-01
4.672594707346126031e-01
5.671771454576332028e-01
6.329404839649860337e-01
6.638999494059655282e-01
6.615340413394820152e-01
6.290932796069946820e-01
5.711542058880015871e-01
4.931328618231000105e-01
4.008041017679451201e-01
5.956343100977067317e-01
5.543987485509579427e-01
4.775954664610034817e-01
3.681539166951059983e-01
2.317979260239921846e-01
7.673931870052774773e-02
-8.690109389236594373e-02
-2.478908473977650129e-01
-3.948186395967027140e-01
-5.170626559772468767e-01
-6.056910121352572229e-01
-6.542011610110760600e-01
-6.590268056044186196e-01
-6.197701801987830494e-01
-5.391498946522522706e-01
-4.226853137258775872e-01
-2.781638896842328901e-01
-1.149554698614067005e-01
5.675370423504089157e-02
2.267345204460448072e-01
3.854304829056299786e-01
5.245621576307185618e-01
6.375832642821718244e-01
7.199678670226697941e-01
7.693242475795069035e-01
7.853452908971839674e-01
7.696167860659571813e-01
7.253135294939013766e-01
6.568183759576126102e-01
5.693014628269003063e-01
7.108247592280664273e-01
6.919241444522573614e-01
6.373488494202962373e-01
5.488246666215986780e-01
4.307792775015314435e-01
2.901402977312520504e-01
1.358741769141750266e-01
-2.169178914406655334e-02
-1.716950365221848185e-01
-3.036242774847293102e-01
-4.081749892056881768e-01
-4.779884920526452641e-01
-5.082061867467189131e-01
-4.967944580619655381e-01
-4.446227532599883459e-01
-3.553035131990857076e-01
-2.348247840668160613e-01
-9.102239220494301453e-02
6.705230965957287292e-02
2.298106368055102822e-01
3.877952968480151696e-01
5.322913625114852332e-01
6.558408446842759476e-01
7.526330418478791584e-01
8.187539169487635382e-01
8.522885084251509147e-01
8.532805070830719041e-01
8.235624092401480079e-01
7.664778190562443472e-01
6.865241118813681931e-01
7.666143730886184615e-01
7.657069747074723987e-01
7.299158978144743015e-01
6.599300688112114122e-01
5.589942302664171470e-01
4.327996457368263883e-01
2.891337748277557074e-01
1.373199261445298136e-01
-1.249704536999141080e-02
-1.501458982685032195e-01
-2.662250057375817880e-01
-3.528226569799589041e-01
-4.040975676037499853e-01
-4.166742636282315670e-01
-3.898297836925545545e-01
-3.254697258227841061e-01
-2.279104427505340147e-01
-1.034985126231071639e-01
3.989213299328808748e-02
1.934405789960266242e-01
3.479914215571494607e-01
4.946563485321359144e-01
6.253659994235446495e-01
7.333387913961687543e-01
8.134398869975546509e-01
8.624109863067118686e-01
8.789602573816267528e-01
8.637114328078493442e-01
8.190215221633766474e-01
7.486869381157995607e-01
-1.000035005256470821e+00
-1.199940287634751357e+00
-1.414851470712698234e+00
-1.634194223318822026e+00
-1.845490393791227479e+00
-2.035288278663784478e+00
-2.190308016214678410e+00
-2.298686565453370800e+00
-2.351184131107446174e+00
-2.342209158237211764e+00
-2.270533555492535882e+00
-2.139602057021278814e+00
-1.957385380728380309e+00
-1.735779939207703126e+00
-1.489610231313362565e+00
-1.235336733980698876e+00
-9.896062422782212487e-01
-7.677990692260237005e-01
-5.827264176438011756e-01
-4.436120077972237619e-01
-3.554573158942917477e-01
-3.188440148817328623e-01
-3.301761712286201966e-01
-3.823148127726324064e-01
-4.655148531419275870e-01
-5.685442844310096833e-01
-6.798515876991809703e-01
-7.886507864687782865e-01
-8.858133400933090318e-01
-9.644886760086761601e-01
-7.817800762017850236e-01
-9.674891209406508708e-01
-1.171374165321770633e+00
-1.383228202079772595e+00
-1.590722356423518224e+00
-1.780317574343328602e+00
-1.938411938048203886e+00
-2.052607953651905959e+00
-2.112959388659448656e+00
-2.113050761600911542e+00
-2.050776001510165703e+00
-1.928714602115164212e+00
-1.754049511025812080e+00
-1.538024720273462265e+00
-1.294994795231431350e+00
-1.041166268598896050e+00
-7.931659336598819721e-01
-5.665894494368288736e-01
-3.746834416848709992e-01
-2.272959394446846804e-01
-1.301962124778355268e-01
-8.482035129393666884e-02
-8.844896699741577883e-02
-1.347744296546261600e-01
-2.147731391739394757e-01
-3.177684813094538985e-01
-4.325557600388736379e-01
-5.484627727478850190e-01
-6.562377212758461198e-01
-7.486865554389706690e-01
-5.352299904241254458e-01
-7.010482886789362045e-01
-8.882268370070056651e-01
-1.087238464273535321e+00
-1.286240738095543179e+00
-1.471941538913189351e+00
-1.630717176405378499e+00
-1.749870491390695282e+00
-1.818889848098493189e+00
-1.830561649821028425e+00
-1.781800771563073038e+00
-1.674093704082111778e+00
-1.513494007251142914e+00
-1.310162584239132677e+00
-1.077499037732975395e+00
-8.309578368196064435e-01
-5.866782457855587163e-01
-3.600758661030447616e-01
-1.645444216170245944e-01
-1.039962036512842580e-02
9.583477120833805429e-02
1.517407344004804148e-01
1.589090538750083104e-01
1.224673964718349106e-01
5.030907754482460970e-02
-4.787311829668261520e-02
-1.616292933672754950e-01
-2.807532384421896898e-01
-3.961394343612458235e-01
-5.004209842230366023e-01
-2.763820319154452476e-01
-4.180087074248728385e-01
-5.840230808460785683e-01
-7.658492159888599105e-01
-9.524379651471499564e-01
-1.131061398814467989e+00
-1.288372100562122702e+00
-1.411620935322667858e+00
-1.489899096945518142e+00
-1.515260219324503499e+00
-1.483587996965478606e+00
-1.395102862138711597e+00
-1.254443724861573628e+00
-1.070311469546654237e+00
-8.547127200244775125e-01
-6.218884036834506635e-01
-3.870460989355870574e-01
-1.650341421640140194e-01
3.090266252018836202e-02
1.901605509562209750e-01
3.055109432260889601e-01
3.734730403670389887e-01
3.943097888669018225e-01
3.716745238365140036e-01
3.119722219548619613e-01
2.235260014001073658e-01
1.156535804437660575e-01
-2.241127373648010845e-03
-1.214683849282574002e-01
-2.346745654746985044e-01
-2.287349611840305830e-02
-1.377386188025169211e-01
-2.796833988161878115e-01
-4.412917263382988287e-01
-6.125611398056700629e-01
-7.816055827833288117e-01
-9.356299936005600948e-01
-1.062079186352685944e+00
-1.149835003413956613e+00
-1.190324105828215018e+00
-1.178406016692592928e+00
-1.112936082334312848e+00
-9.969370401650426983e-01
-8.373600635097671052e-01
-6.444647432052263980e-01
-4.308908949917227837e-01
-2.105279254498658159e-01
2.693864241548493688e-03
1.959626877504212494e-01
3.585801212924581982e-01
4.827007788217460016e-01
5.637596611436143101e-01
6.005677088162409971e-01
5.950932589141343376e-01
5.519794134389225393e-01
4.778712971458943803e-01
3.806405798084235848e-01
2.685966813078194404e-01
1.497654730865060069e-01
3.129906856662889592e-02
2.080019511874361404e-01
1.206032993889984972e-01
3.937676095797426612e-03
-1.358695921865937795e-01
-2.900455310775295059e-01
-4.477661016856850917e-01
-5.970257865660770769e-01
-7.256935943680955514e-01
-8.226403773529700203e-01
-8.788094115545552754e-01
-8.881068686955679858e-01
-8.480102532593203346e-01
-7.598275993216385693e-01
-6.285828436730744873e-01
-4.625470649189340477e-01
-2.724751432498369597e-01
-7.063789260877639808e-02
1.302423972450145184e-01
3.180410561577382555e-01
4.821620086611920764e-01
6.142680175095297512e-01
7.087553123394686461e-01
7.629490961717094732e-01
7.770274866913159384e-01
7.537086792038584226e-01
6.977567877261044993e-01
6.153742340280304868e-01
5.135521472203695703e-01
3.994455436496702205e-01
2.798285559646097598e-01
4.012411662422621372e-01
3.402290301342575374e-01
2.484093934143744020e-01
1.305697222184165618e-01
-5.849400653152425633e-03
-1.512370844817838011e-01
-2.945632380007637274e-01
-4.243237440677757322e-01
-5.295775403715168306e-01
-6.009595179285283084e-01
-6.315552694333158579e-01
-6.175412389030944249e-01
-5.585236541368037155e-01
-4.575469289291871355e-01
-3.207813713242118059e-01
-1.569355921716519275e-01
2.353342587025164523e-02
2.093228796098894895e-01
3.892046621107226878e-01
5.528754031866313090e-01
6.916629316369450331e-01
7.990376382003462341e-01
8.709018054936746855e-01
9.056544455620801903e-01
9.040509025802726528e-01
8.688934975724417198e-01
8.046006787327831811e-01
7.167071547188686997e-01
6.113466887644048997e-01
4.947635278883671939e-01
5.457378464681178487e-01
5.085186347199895929e-01
4.396980827811634018e-01
3.427598640269645669e-01
2.237899039632371689e-01
9.110791464480549884e-02
-4.535909042487379361e-02
-1.749000474889175205e-01
-2.869518646394460526e-01
-3.720377177241116495e-01
-4.226088534795911511e-01
-4.337006534832051896e-01
-4.033383698017743990e-01
-3.326595090841202307e-01
-2.257533822969645665e-01
-8.924911686533021360e-02
6.829233669782996952e-02
2.371113334387542348e-01
4.070312542225206220e-01
5.682155898138810945e-01
7.118377072928420146e-01
8.306160208848744064e-01
9.191850342337183344e-01
9.742905372687847843e-01
9.948133572178309292e-01
9.816393131469786093e-01
9.374028185725219453e-01
8.661377939838691420e-01
7.728723810624958945e-01
6.632037560060631831e-01
6.353103500788414015e-01
6.181877591617496170e-01
5.694636528147852816e-01
4.914223392886915009e-01
3.888462238997455467e-01
2.687558030924184216e-01
1.399068510921473996e-01
1.209319799821761965e-02
-1.046714674788010169e-01
-2.010046949779785153e-01
-2.689488380567277570e-01
-3.026263348802946118e-01
-2.986954553178723382e-01
-2.565710061236640693e-01
-1.784022632884033066e-01
-6.882621345177653005e-02
6.546510998067212039e-02
2.162907013741541817e-01
3.746213854187320225e-01
5.312373368111248384e-01
6.773503522708151925e-01
8.051484676501680093e-01
9.082317632959920894e-01
9.819196814098335446e-01
1.023420937121338525e+00
1.031866688715624925e+00
1.008215954762958777e+00
9.550494008526008161e-01
8.762736035833605941e-01
7.767626049196448834e-01
6.690237418956316295e-01
6.676807320330929718e-01
6.355191576176982826e-01
5.737819410087746652e-01
4.860589507681815080e-01
3.781242889039856392e-01
2.575499962692306966e-01
1.331325009286536964e-01
1.419104854441699537e-02
-9.018828979419735159e-02
-1.718853973218275044e-01
-2.243842305956382233e-01
-2.432594704587728862e-01
-2.264750345899095851e-01
-1.744799489532699033e-01
-9.010800040638017316e-02
2.169524377162124207e-02
1.542824997761691463e-01
2.998099066210110353e-01
4.497936466772106678e-01
5.956765232947759392e-01
7.293673161692938445e-01
8.437211751674879023e-01
9.329351101679100866e-01
9.928385556357411934e-01
1.021065202880836686e+00
1.017099142220666774e+00
9.821960827631314173e-01
9.191889268258127688e-01
8.321957255047219837e-01
-8.405488619614136514e-01
-1.018802346562506678e+00
-1.211379772990364367e+00
-1.408090146187927605e+00
-1.596906279187635391e+00
-1.764894600416334836e+00
-1.899355221713531439e+00
-1.989054657318782837e+00
-2.025411538281886692e+00
-2.003491967854809097e+00
-1.922687092931224306e+00
-1.786979247643024848e+00
-1.604750165312919474e+00
-1.388138833935044447e+00
-1.152010289971844959e+00
-9.126429317617192893e-01
-6.862749096058589071e-01
-4.876658480119156480e-01
-3.288269216019479302e-01
-2.180508837664039690e-01
-1.593369904900828193e-01
-1.522586219435875798e-01
-1.922697415162674117e-01
-2.713966009429087944e-01
-3.792194640238630843e-01
-5.040206622718912399e-01
-6.339633177779850914e-01
-7.581706024999023130e-01
-8.675970184591745848e-01
-9.556171777307715942e-01
-6.329198767491965860e-01
-7.966234750799898734e-01
-9.773311011686874883e-01
-1.165184634775509931e+00
-1.348300789688387180e+00
-1.513686106486744176e+00
-1.648380171124588234e+00
-1.740709011037862020e+00
-1.781506698480047390e+00
-1.765158060417346686e+00
-1.690330488272968168e+00
-1.560296405648488260e+00
-1.382795403810262114e+00
-1.169439805029477197e+00
-9.347219724669045826e-01
-6.947288139632632475e-01
-4.657026491301058946e-01
-2.626039392971675768e-01
-9.782871491832773048e-02
1.978729019621139340e-02
8.558173274570279876e-02
9.924618866313905663e-02
6.457499876999706068e-02
-1.116794229515094550e-02
-1.181739903407690306e-01
-2.451876252939221290e-01
-3.806467088170740753e-01
-5.137391105243184208e-01
-6.352697860984666267e-01
-7.382643803500897883e-01
-4.049119651746170279e-01
-5.491700594327088014e-01
-7.130750799441266663e-01
-8.873935066600777688e-01
-1.060704659989543108e+00
-1.220274104751843947e+00
-1.353169399612797363e+00
-1.447502921455769531e+00
-1.493661124625682346e+00
-1.485372994593292084e+00
-1.420484184646655157e+00
-1.301335702030868458e+00
-1.134692475582909310e+00
-9.312210965919707206e-01
-7.045699823736250034e-01
-4.701519499929294188e-01
-2.437627893753503416e-01
-4.018600172287722927e-02
1.280680737659899426e-01
2.517600662926352539e-01
3.255617246032305179e-01
3.482877595197392262e-01
3.227167925785876523e-01
2.550450147187928174e-01
1.540548830634972388e-01
3.010796070841548211e-02
-1.059169842844995268e-01
-2.436230499252940440e-01
-3.739316395422463968e-01
-4.896852136555723822e-01
-1.719700167836515359e-01
-2.933092821857009591e-01
-4.367583247861315243e-01
-5.939606200991334184e-01
-7.542466364146227509e-01
-9.054411866013043486e-01
-1.034922533518841448e+00
-1.130823841220137460e+00
-1.183241269797816297e+00
-1.185304992091311682e+00
-1.133981321228247019e+00
-1.030504416233453124e+00
-8.803802553523008001e-01
-6.929572989081168588e-01
-4.806101934572388212e-01
-2.576279859597980781e-01
-3.893092361009148350e-02
1.612436691727311411e-01
3.305470537755644811e-01
4.594945415169753300e-01
5.421202029554678115e-01
5.762605057766668759e-01
5.634605278709897691e-01
5.085385770306786180e-01
4.188804428163283022e-01
3.035591718097608860e-01
1.723877855432467410e-01
3.501013939455044355e-02
-9.987962519941934181e-02
-2.251230104180553249e-01
4.954462791149305545e-02
-4.708969327208456512e-02
-1.679710063077750060e-01
-3.058130731894941334e-01
-4.509344421740767994e-01
-5.919795153366128604e-01
-7.168954699007278331e-01
-8.140642076291230156e-01
-8.734618724974168025e-01
-8.877091806831342025e-01
-8.528855606725023186e-01
-7.690074972296108147e-01
-6.401123312894785311e-01
-4.739369689968794264e-01
-2.812295481490089122e-01
-7.477447051932234467e-02
1.317579974289064815e-01
3.250104984444766032e-01
4.930588905842275826e-01
6.263424822347308796e-01
7.183199905116549600e-01
7.658024237157358138e-01
7.689526945129817603e-01
7.309787402248731913e-01
6.575779716273731923e-01
5.562127227295264875e-01
4.353071128258539924e-01
3.034549539337414448e-01
1.687171243846024016e-01
3.806753603611168213e-02
2.442441532860144537e-01
1.723514655072966306e-01
7.453443645356283564e-02
-4.311198293946566507e-02
-1.720641569234547252e-01
-3.019900185844754947e-01
-4.216237050439592959e-01
-5.198044878329107776e-01
-5.865635471577727023e-01
-6.141317934138106338e-01
-5.977493389175150273e-01
-5.361811416709811873e-01
-4.318799347922543941e-01
-2.907811504501165434e-01
-1.217587154099605273e-01
6.419075957295916623e-02
2.549395949943294992e-01
4.382857330573239896e-01
6.029630929308310572e-01
7.395066661110297757e-01
8.408964056016362543e-01
9.029337095332429231e-01
9.243366407215231062e-01
9.065709025591121017e-01
8.534595474145555416e-01
7.706329069713603319e-01
6.648899274366087964e-01
5.435427822026083211e-01
4.138092389522334269e-01
2.823035848446503460e-01
3.994762613010894858e-01
3.507540929142834996e-01
2.749990994535492783e-01
1.770713584504517435e-01
6.424219281265242110e-02
-5.431729051624156757e-02
-1.682950945133177001e-01
-2.671667709507289934e-01
-3.411900121549560905e-01
-3.823509046456525784e-01
-3.851523549221521625e-01
-3.471552705789666682e-01
-2.692147801098295767e-01
-1.553919883775405908e-01
-1.256070203445536215e-02
1.502372277158378067e-01
3.226090715280013344e-01
4.937083276980746005e-01
6.531176776948030005e-01
7.916332643218447762e-01
9.018839776714101530e-01
9.787430631360188871e-01
1.019514940762789035e+00
1.023904433386704671e+00
9.937960581145183214e-01
9.328859048644221330e-01
8.462170856875103064e-01
7.396718257226523319e-01
6.194697229213851353e-01
4.917137707568902671e-01
5.066787961818438601e-01
4.782619932127397666e-01
4.223448486594655327e-01
3.425832301067074370e-01
2.449768775607018556e-01
1.374680141421475987e-01
2.930450429159514592e-02
-6.976745194409350592e-02
-1.503919906862152822e-01
-2.044730115500424938e-01
-2.259264568255343053e-01
-2.112336367111153912e-01
-1.597402845241903679e-01
-7.367842023084886227e-02
4.207866790480307984e-02
1.804886699994406873e-01
3.329782483532633952e-01
4.901730588086042895e-01
6.426438299251086006e-01
7.815991829501661714e-01
8.994692744099467285e-01
9.903417809854261344e-01
1.050230480936813482e+00
1.077174358088227368e+00
1.071180050492932967e+00
1.034031615001947291e+00
9.689986959812698641e-01
8.804775134583818774e-01
7.735991872093698207e-01
6.538374798681737543e-01
5.621263554477030633e-01
5.502844307496396192e-01
5.111430751381672577e-01
4.472484078496502535e-01
3.633771562098939700e-01
2.662404485662046572e-01
1.639684177455988934e-01
6.542774637508430580e-02
-2.055344468435416072e-02
-8.596739345714948799e-02
-1.243298525819014344e-01
-1.312314994487410735e-01
-1.046857608789000249e-01
-4.524769188379113016e-02
4.409406441614838190e-02
1.582258828122239391e-01
2.903736883103044120e-01
4.326681321930311297e-01
5.767522973582573931e-01
7.143777433617685135e-01
8.379435206222288768e-01
9.409443187294265210e-01
1.018306134494177062e+00
1.066599204785415367e+00
1.084127549177494210e+00
1.070902040524547516e+00
1.028509667142142980e+00
9.598959895979625179e-01
8.690811232928469243e-01
7.608320829507683181e-01
5.669847224228520277e-01
5.675949504213336771e-01
5.417552406978868307e-01
4.910444637707279680e-01
4.191196531921519419e-01
3.315150082469333626e-01
2.352412790065530057e-01
1.382255060404184999e-01
4.865118705023752099e-02
-2.572977367915341151e-02
-7.824088782481608551e-02
-1.038168765577175412e-01
-9.938393053208216532e-02
-6.405771312049823862e-02
8.458989590990340091e-04
9.197291432379828269e-02
2.042369456127163252e-01
3.312303290069799067e-01
4.656991850757287166e-01
6.000424785514203441e-01
7.267998429752190459e-01
8.390991632726562122e-01
9.310412801309310149e-01
9.980048789255023811e-01
1.036859470694736274e+00
1.046078701913500275e+00
1.025750650915592477e+00
9.774868462805664793e-01
9.042377194946410457e-01
8.100288378620162932e-01
-6.335284260827275249e-01
-7.832562326388513574e-01
-9.476702541165438198e-01
-1.117621232451090574e+00
-1.282201302472637083e+00
-1.429614465736798845e+00
-1.548247749266456363e+00
-1.627829912954323444e+00
-1.660543633252034024e+00
-1.641954104295844097e+00
-1.571633098423282693e+00
-1.453390831873029310e+00
-1.295073947875133191e+00
-1.107940169524974872e+00
-9.056715134694477420e-01
-7.031315334627383784e-01
-5.150022943481171733e-01
-3.544500335793237533e-01
-2.319634348116171307e-01
-1.544861516767115917e-01
-1.249288236933575047e-01
-1.421001172253473221e-01
-2.010471409420748201e-01
-2.937490963884072936e-01
-4.100699755397082535e-01
-5.388511016175749901e-01
-6.690151485125550579e-01
-7.905606050588328548e-01
-8.953478080376785497e-01
-9.776109172630822464e-01
-4.329709301150032608e-01
-5.678192572800584426e-01
-7.196812902645176591e-01
-8.797205014252350574e-01
-1.037175744720430393e+00
-1.180219897597401868e+00
-1.297035147539802535e+00
-1.376991042008904209e+00
-1.411788833608644378e+00
-1.396431483007724905e+00
-1.329894190142024701e+00
-1.215403620022560638e+00
-1.060280416563931016e+00
-8.753525818698804084e-01
-6.739994631381298618e-01
-4.709304117918320931e-01
-2.808329841167246932e-01
-1.170392098051947771e-01
9.646274926886189149e-03
9.183439662217462995e-02
1.260702218522220530e-01
1.129410980259056840e-01
5.678184999019386670e-02
-3.496991600720888993e-02
-1.526781330238967671e-01
-2.855574551065811484e-01
-4.227433870134273963e-01
-5.542661632942317285e-01
-6.718320886388520208e-01
-7.693475556205777721e-01
-2.199668871726000452e-01
-3.359345794697559118e-01
-4.711449242080435473e-01
-6.173304024194122830e-01
-7.641609588886261184e-01
-9.000662839287117967e-01
-1.013286824086435889e+00
-1.093041933454746983e+00
-1.130679771808642542e+00
-1.120668183305917331e+00
-1.061300207682273733e+00
-9.550202380837038429e-01
-8.083224858000027657e-01
-6.312257413989730281e-01
-4.363800388246882322e-01
-2.379047259658176316e-01
-5.008800959666548369e-02
1.139082489415040866e-01
2.431989722437574164e-01
3.300629970757912313e-01
3.704827380670758785e-01
3.642952204474380062e-01
3.149592798376082969e-01
2.289868904456991983e-01
1.151217514923410512e-01
-1.662856546814517333e-02
-1.559917497410674980e-01
-2.933518281217948331e-01
-4.205017227246131695e-01
-5.311654079040516452e-01
-9.436488661769937281e-03
-1.039478828123905907e-01
-2.197107334267385248e-01
-3.492455407138810308e-01
-4.829083510343257224e-01
-6.096542298132202609e-01
-7.180369106201409668e-01
-7.973382543688973811e-01
-8.386966432679865413e-01
-8.360969140352582096e-01
-7.870973284371420853e-01
-6.931996279224996726e-01
-5.598118729330661125e-01
-3.958040618464154781e-01
-2.127062308275496916e-01
-2.364104238942393854e-02
1.578876202399777107e-01
3.192151367787563476e-01
4.496144500421671575e-01
5.411602832484802006e-01
5.892791813101420084e-01
5.929449196452577509e-01
5.545209954003190722e-01
4.792913286102297166e-01
3.747523006659934097e-01
2.497603640543816228e-01
1.136377475665300008e-01
-2.466592030155817517e-02
-1.572744020703628620e-01
-2.778910132586067672e-01
1.834511843329919012e-01
1.113547973173037997e-01
1.633719420431267721e-02
-9.507496981324620178e-02
-2.141307664474697559e-01
-3.305410275108821017e-01
-4.334028804461252382e-01
-5.122642432464109552e-01
-5.582050872080788206e-01
-5.648047401352019881e-01
-5.288755344805129432e-01
-4.508710733458540787e-01
-3.349179590143659402e-01
-1.884668300898558191e-01
-2.160509860262438409e-02
1.538865779074378715e-01
3.256243550590915969e-01
4.817353125861908447e-01
6.118760880230903476e-01
7.080537345382694747e-01
7.651748646519110908e-01
7.812843216622095133e-01
7.574918108745000156e-01
6.976194535435203958e-01
6.076311250694778066e-01
4.949228575371301675e-01
3.675610702721838763e-01
2.335519683685802761e-01
1.002125328851808383e-01
-2.630635026702027313e-02
3.450680736608481292e-01
2.947347622373605036e-01
2.202542033907121111e-01
1.271003334828965103e-01
2.298539114281505924e-02
-8.273519095882114760e-02
-1.798934471093300846e-01
-2.584864591745543727e-01
-3.096880118477020050e-01
-3.267731264498860977e-01
-3.058432334036593758e-01
-2.462645338727475486e-01
-1.507687015953099174e-01
-2.520773959138938869e-02
1.220028556629104699e-01
2.806823905703238475e-01
4.398292493294524430e-01
5.886038807640349146e-01
7.172454212883651037e-01
8.178315955668434833e-01
8.848158057287390799e-01
9.153052312686756897e-01
9.090751014225245674e-01
8.683431332977943340e-01
7.973512568386470489e-01
7.018170282151324768e-01
5.883236199239768593e-01
4.637152044384391658e-01
3.345551807888381690e-01
2.066900522487412628e-01
4.649117138024264628e-01
4.342753009745304871e-01
3.787890097728848771e-01
3.028425930743601224e-01
2.130314334519420871e-01
1.176599365308202971e-01
2.601740518273387703e-02
-5.249632478793797574e-02
-1.092949794374494799e-01
-1.374702509998562139e-01
-1.324938922044113787e-01
-9.267610210086796307e-02
-1.933080313196522404e-02
8.336402780037588389e-02
2.087854539135695076e-01
3.485067329251750889e-01
4.930808450016769262e-01
6.328761249706950087e-01
7.588751593473702650e-01
8.633600933415553902e-01
9.404272919868220670e-01
9.862984721658788478e-01
9.994204220264552019e-01
9.803681093000974345e-01
9.315839774186306377e-01
8.569981247214893960e-01
7.615794263988061585e-01
6.508669262786183074e-01
5.305250863129421512e-01
4.059572229846483138e-01
5.367296836436031837e-01
5.226575589416532219e-01
4.836024553769281420e-01
4.229030213485318601e-01
3.460261266312676387e-01
2.601702948535641324e-01
1.736542169972601357e-01
9.515553622276684553e-02
3.288685477694108794e-02
-6.194896692042983766e-03
-1.705428692494137533e-02
2.955549160864601177e-03
5.387151005568291406e-02
1.331596792618058300e-01
2.359979965811132008e-01
3.557582076229116597e-01
4.846237536615670694e-01
6.142710476844307488e-01
7.365422947307803669e-01
8.440472182628920850e-01
9.306462842074024744e-01
9.917863393437774677e-01
1.024678150357633655e+00
1.028321808748176469e+00
1.003398798040992190e+00
9.520580001810458048e-01
8.776271064372388464e-01
7.842814080229324469e-01
6.766996824141985334e-01
5.597328238923199306e-01
5.590173876742471348e-01
5.577486439080184821e-01
5.319409365504056408e-01
4.839693102500924882e-01
4.182195377087380983e-01
3.407875661767930664e-01
2.589804233905818043e-01
1.806716389194281680e-01
1.135841429033704886e-01
6.458277745954565940e-02
3.905578827932842945e-02
4.045087479368902894e-02
7.000932511459778684e-02
1.267154026143391121e-01
2.074518107076052109e-01
3.073296167811775392e-01
4.201452454588588958e-01
5.389093832668344630e-01
6.563927139104607233e-01
7.656399385128259683e-01
8.604143635512236932e-01
9.355480497004179385e-01
9.871849410350640452e-01
1.012914971460689539e+00
1.011805078768837074e+00
9.843382914631378933e-01
9.322750839565111525e-01
8.584527815847321497e-01
7.665396684653854598e-01
6.607610818107915174e-01
5.348421649348545914e-01
5.424453006940456179e-01
5.264989217196273108e-01
4.885419074360582981e-01
4.319731649097741100e-01
3.618384753144218147e-01
2.844379786180175618e-01
2.067957922940591997e-01
1.360510384084224755e-01
7.883843365611131748e-02
4.072550165194643856e-02
2.576313801502794210e-02
3.618900131880298243e-02
7.230232151649229611e-02
1.325077950041576580e-01
2.135084241283629058e-01
3.106146344932565473e-01
4.181306829685257354e-01
5.297789220316327929e-01
6.391266007034593910e-01
7.399867034967927415e-01
8.267719481685803506e-01
8.947879509381330143e-01
9.404568547641020126e-01
9.614662754359556418e-01
9.568407501342409693e-01
9.269348272846648085e-01
8.733493815511422786e-01
7.987762353746014066e-01
7.067807675692573399e-01
-4.218550303727790496e-01
-5.416548996369139335e-01
-6.772695879353068937e-01
-8.210006955787690908e-01
-9.634701687940876447e-01
-1.094388698461109533e+00
-1.203512119883441978e+00
-1.281682328319767805e+00
-1.321829766140653284e+00
-1.319811889209463907e+00
-1.274977180274339261e+00
-1.190375371902237411e+00
-1.072577195519639259e+00
-9.311151042035229475e-01
-7.776032682771450988e-01
-6.246343441935040541e-01
-4.845769905807505995e-01
-3.684086928046731990e-01
-2.847122202041555417e-01
-2.389422400699635074e-01
-2.330344279754461012e-01
-2.653874600339414802e-01
-3.312039911357333999e-01
-4.231357070058122671e-01
-5.321448441483437319e-01
-6.484740879484238718e-01
-7.626106935467291681e-01
-8.661392465175863364e-01
-9.523988821503153179e-01
-1.016891440580723671e+00
-2.192189766009802199e-01
-3.234967751588790907e-01
-4.457990441367681855e-01
-5.787461285612119921e-01
-7.131228770171444964e-01
-8.386365523060854699e-01
-9.448778727103619435e-01
-1.022380716939647272e+00
-1.063655001232765240e+00
-1.064063524417754092e+00
-1.022428284071758453e+00
-9.412829990847675354e-01
-8.267318213895402668e-01
-6.879231966847916269e-01
-5.361955678281682403e-01
-3.839915604655848025e-01
-2.436642763752644436e-01
-1.263101891113710962e-01
-4.075703417460424527e-02
7.186593053402190456e-03
1.514716031605822799e-02
-1.576362905086559074e-02
-8.125208054733928931e-02
-1.744466360787318426e-01
-2.867184503657259631e-01
-4.086140626331933312e-01
-5.307898835583858554e-01
-6.448463712580234652e-01
-7.439801701944166457e-01
-8.234016614701370473e-01
-9.935614894982069956e-03
-9.546019356552437607e-02
-2.010709685889228715e-01
-3.199223797852178142e-01
-4.432048036368963495e-01
-5.608705802206457314e-01
-6.625746713010440825e-01
-7.387272271055136397e-01
-7.815331508080174405e-01
-7.858889595323002020e-01
-7.500210453212068362e-01
-6.757799680041554069e-01
-5.685481255500552944e-01
-4.367667049046810579e-01
-2.911351961625867624e-01
-1.435763994230213614e-01
-6.086638224390594765e-03
1.103982451914833351e-01
1.969963288156267867e-01
2.476286325842501634e-01
2.594525684652467801e-01
2.329484505839195529e-01
1.716692638339240018e-01
8.170198086028812590e-02
-2.908123113789040648e-02
-1.518848964746078445e-01
-2.778626160930551814e-01
-3.989048095824064277e-01
-5.082653385741697782e-01
-6.009771599663815689e-01
1.912057042271877449e-01
1.262378402068742300e-01
3.938324127180581335e-02
-6.322609412425955755e-02
-1.734002117760194972e-01
-2.815658265930339743e-01
-3.776627225801645893e-01
-4.521635929665530074e-01
-4.970961141917633053e-01
-5.069402358351361437e-01
-4.792861733811492053e-01
-4.151676087945065929e-01
-3.190256749665769664e-01
-1.983061797769696821e-01
-6.273831687676600932e-02
7.661858669486942830e-02
2.084478689502692328e-01
3.222449037803448713e-01
4.092653933349745810e-01
4.632545281740421128e-01
4.808894690305346442e-01
4.619044961425208262e-01
4.089064333679202079e-01
3.269227429189548451e-01
2.227519195264682228e-01
1.042026232800171703e-01
-2.068698067481766767e-02
-1.443647120078300206e-01
-2.603460216354974155e-01
-3.636162572915092595e-01
3.695977121054604408e-01
3.254273419060773609e-01
2.579374772213033351e-01
1.724168273231765358e-01
7.626564620292708430e-02
-2.161134934875630353e-02
-1.116361574055890205e-01
-1.845211809875070275e-01
-2.322508228298947319e-01
-2.489596692055136562e-01
-2.315968395371157396e-01
-1.802928746965518081e-01
-9.838395749528583423e-02
7.907696487211457459e-03
1.300953775819144731e-01
2.582734569155734627e-01
3.820848193019307226e-01
4.916980063498793685e-01
5.786866500938224744e-01
6.367215323496678847e-01
6.620131115167083857e-01
6.534753506611440388e-01
6.126155672465335433e-01
5.431855135497020148e-01
4.506525088583211991e-01
3.415638770875012442e-01
2.228822573927717876e-01
1.013639833086922293e-01
-1.696069077172468464e-02
-1.271656571907269218e-01
5.125497287417005721e-01
4.879122253062998515e-01
4.389798399999237377e-01
3.701261471399724945e-01
2.878462453187080605e-01
2.002288494153253717e-01
1.162069451425243871e-01
4.466991914815054976e-02
-6.457287100326003504e-03
-3.105503335001313925e-02
-2.546595476252994095e-02
1.111182865507498452e-02
7.654021510888253665e-02
1.659700480204664430e-01
2.723488104124348608e-01
3.871395648413452628e-01
5.011614779573162481e-01
6.054531319779200560e-01
6.920638723039950202e-01
7.546939666595681162e-01
7.891282391801454077e-01
7.934361806470516809e-01
7.679402603439956509e-01
7.149796328863168293e-01
6.385158542675543059e-01
5.436389152916433209e-01
4.360353766971974965e-01
3.214762621383229213e-01
2.053721342880238110e-01
9.242852985188976245e-02
6.107722013429378594e-01
6.031336194106639015e-01
5.707455247006089083e-01
5.170539796696836943e-01
4.475922926847782923e-01
3.695387699356987854e-01
2.910604943252120824e-01
2.205160188133696852e-01
1.656115907194762871e-01
1.326134194575961933e-01
1.257113307276415126e-01
1.466083129896065262e-01
1.943796206520083114e-01
2.656093963665989710e-01
3.547778253912197144e-01
4.548427123253550031e-01
5.579398015294289026e-01
6.561180502513656032e-01
7.420293871195667856e-01
8.095055443144786311e-01
8.539744390724933742e-01
8.726918117214849113e-01
8.647869374136395448e-01
8.311412812174608922e-01
7.741338980708448725e-01
6.972961516461638753e-01
6.049208961516071570e-01
5.016684113703137049e-01
3.922044410945239035e-01
2.808962582534700880e-01
6.593712949816673552e-01
6.653003593059007015e-01
6.465764255465950017e-01
6.057603563815637804e-01
5.474238024945240477e-01
4.777938710758632412e-01
4.041956093256086069e-01
3.343544307305644780e-01
2.756409781435137374e-01
2.343490329359185775e-01
2.150917859981836822e-01
2.203843083076892917e-01
2.504536638849667041e-01
3.032873815078392932e-01
3.749009171258188555e-01
4.597797372246082981e-01
5.514349156399144247e-01
6.430041741478739192e-01
7.278328992502142158e-01
7.999801650534191788e-01
8.546105473238799766e-01
8.882505080568946498e-01
8.989055268181770364e-01
8.860487389809449388e-01
8.505022693516587351e-01
7.942383032266070453e-01
7.201285908113120859e-01
6.316694532784726812e-01
5.327056082264612913e-01
4.271713769679872374e-01
6.582062176180206725e-01
6.738192035158135917e-01
6.654208886824767299e-01
6.347739211809958482e-01
5.855376990315167562e-01
5.229964212354100139e-01
4.536003244419756220e-01
3.843713547118934315e-01
3.222431595819071903e-01
2.734133572358500297e-01
2.427824898910094786e-01
2.335399447571920861e-01
2.469352714739885268e-01
2.822477232938224168e-01
3.369417887944466949e-01
4.069757335652505192e-01
4.872163562045189744e-01
5.719074054789480277e-01
6.551410269972947065e-01
7.312896069356916717e-01
7.953671124562012862e-01
8.433019603904615691e-01
8.721153655016725681e-01
8.800085025862937060e-01
8.663679922814980783e-01
8.317023303440370663e-01
7.775226642805471711e-01
7.061808023811414481e-01
6.206764943262222944e-01
5.244455165485054637e-01
6.115823341196148233e-01
6.329906466254361375e-01
6.315328106170962075e-01
6.082914768217998480e-01
5.661010948581940427e-01
5.093518834755482727e-01
4.436250171480519144e-01
3.751998343993111495e-01
3.104905184871596946e-01
2.554774833232058562e-01
2.151966788605040870e-01
1.933390858412623592e-01
1.919952125917155916e-01
2.115588072087063454e-01
2.507838519161639246e-01
3.069723171247760174e-01
3.762591920001456813e-01
4.539567413653657901e-01
5.349212517216060947e-01
6.139112170883890274e-01
6.859139409299955803e-01
7.464258370170683277e-01
7.916786743371998503e-01
8.188087307162023043e-01
8.259682145745056436e-01
8.123789998592815254e-01
7.783287281602918606e-01
7.251097521232957588e-01
6.549030235973228864e-01
5.706121375789373618e-01
-2.486851258480974880e-01
-3.407463988947120326e-01
-4.496364619150612918e-01
-5.692327140457466017e-01
-6.918337142669448436e-01
-8.088039617702398321e-01
-9.113905257343641875e-01
-9.916210168575073647e-01
-1.043174777694848121e+00
-1.062116662813323842e+00
-1.047396243585084541e+00
-1.001042941853229173e+00
-9.280254397907374830e-01
-8.357861792249838828e-01
-7.335027469723367499e-01
-6.311617639561010185e-01
-5.385531264362525272e-01
-4.643004628680806878e-01
-4.150368853469073582e-01
-3.948149214723574163e-01
-4.048089678297042693e-01
-4.433319516066234200e-01
-5.061499672674658612e-01
-5.870443031068579565e-01
-6.785437117605011004e-01
-7.727341036280083175e-01
-8.620496275047057066e-01
-9.399582013825311666e-01
-1.001474128987197565e+00
-1.043457232945724122e+00
-3.561733043329495807e-02
-1.111630647759723201e-01
-2.058278214023911978e-01
-3.138369293222371681e-01
-4.276795294793020452e-01
-5.387425659801393651e-01
-6.381320258823837133e-01
-7.175898048387480133e-01
-7.703953467289028634e-01
-7.921376221261918760e-01
-7.812560491969352539e-01
-7.392768339042135040e-01
-6.707097389476164295e-01
-5.826137138547829997e-01
-4.838817925979717050e-01
-3.843303179788387647e-01
-2.937003451517239405e-01
-2.206873748365218435e-01
-1.721088644195852835e-01
-1.522987884826687011e-01
-1.627880712142556474e-01
-2.022933401570399803e-01
-2.669990318111813421e-01
-3.510841900630055079e-01
-4.474194244055136327e-01
-5.483443451635636734e-01
-6.464327572507144737e-01
-7.351616926544043418e-01
-8.094191171848432731e-01
-8.658106837820163104e-01
1.815606135731367976e-01
1.252248903906565403e-01
4.764507190180544693e-02
-4.592879911072939025e-02
-1.483772404575549597e-01
-2.513165444607969867e-01
-3.459035330851211176e-01
-4.237494553247624918e-01
-4.778321235002935263e-01
-5.032907024101820337e-01
-4.979997794230885955e-01
-4.628466860995111842e-01
-4.016742882544808713e-01
-3.208947548489635149e-01
-2.288217294792895262e-01
-1.348029373914656492e-01
-4.825803335055878218e-02
2.226513700538113039e-02
6.990912426235684762e-02
9.011316784665912571e-02
8.094952741683747455e-02
4.316719473747199221e-02
-2.004390802961164564e-02
-1.035231895950375902e-01
-2.007747329235477496e-01
-3.046842532487739064e-01
-4.082314800654550657e-01
-5.051199882898482763e-01
-5.902637877554701706e-01
-6.600933337563810177e-01
3.877917687225104215e-01
3.519251953822064571e-01
2.929713681172430029e-01
2.155143433215650495e-01
1.261091712500145290e-01
3.272171717861582785e-02
-5.603948464952779318e-02
-1.318124491738273951e-01
-1.873837784504485127e-01
-2.174895325070298480e-01
-2.194119848995499389e-01
-1.932954179157249097e-01
-1.421411036272664519e-01
-7.148368860691783899e-02
1.120800973896951547e-02
9.732910889644563746e-02
1.780368244872431172e-01
2.451416346025057091e-01
2.918903862321652332e-01
3.135587613700884235e-01
3.077981910362704854e-01
2.747149291310654329e-01
2.166920301546308991e-01
1.379941838182544567e-01
4.421734108240948924e-02
-5.834238909110445181e-02
-1.633238036774379287e-01
-2.648702438184326047e-01
-3.580796553557017980e-01
-4.393012761686564960e-01
5.683126435827520195e-01
5.526350479099685353e-01
5.124179503313573969e-01
4.514845703202174931e-01
3.756929028702025164e-01
2.924338508226915767e-01
2.099173708601934640e-01
1.363279699258638233e-01
7.895261807221165551e-02
4.339081221990193082e-02
3.294693627410816283e-02
4.828082893187612967e-02
8.735762543100711319e-02
1.456981084065910315e-01
2.168921327287517409e-01
2.933057753148649027e-01
3.668918765857719366e-01
4.300058021514636675e-01
4.761336733642398400e-01
5.004572057704895771e-01
5.002044368936769958e-01
4.747649873049776259e-01
4.255778854135510159e-01
3.558256221820653709e-01
2.699870891699237552e-01
1.733126577915322653e-01
7.128641526070145229e-02
-3.086577765529080475e-02
-1.285764738909937477e-01
-2.182158662508387748e-01
7.103856493356063284e-01
7.131615044158158279e-01
6.904272109913071054e-01
6.452026259194082458e-01
5.825644345631645349e-01
5.092119643998452849e-01
4.328216632362325011e-01
3.612643342415222669e-01
3.017808142439486474e-01
2.602192030622875185e-01
2.404287897748276226e-01
2.438839631394564833e-01
2.695794449988555552e-01
3.142014677783123711e-01
3.725438261650267924e-01
4.381083039558714143e-01
5.038096516347870812e-01
5.626980216410067959e-01
6.086165094711618595e-01
6.367263890060724796e-01
6.438546858937487238e-01
6.286441685710418836e-01
5.915108987351523906e-01
5.344359411688938133e-01
4.606333651820246899e-01
3.741450627923715855e-01
2.794140695764008031e-01
1.808828860685717244e-01
8.265335894612246825e-02
-1.176801815626327130e-02
8.047783545788936843e-01
8.230729597537046471e-01
8.154314474269960256e-01
7.840799916303152761e-01
7.332804861273100050e-01
6.689690112365077601e-01
5.981882439614037983e-01
5.283794436766556801e-01
4.666206065614635357e-01
4.189053261431950892e-01
3.895506344239376695e-01
3.808029668113077637e-01
3.926829046879662943e-01
4.230764155973563145e-01
4.680482651050253962e-01
5.223268888858482173e-01
5.798927242635761869e-01
6.345954599893105508e-01
6.807296679807083306e-01
7.135110336102495898e-01
7.294140115121220402e-01
7.263528324082865195e-01
7.037081268380557253e-01
6.622183791069559122e-01
6.037672662723551076e-01
5.311039905843270015e-01
4.475342515563081047e-01
3.566155330043860872e-01
2.618833443642093473e-01
1.666265204467521910e-01
8.467519602562677550e-01
8.768160122618163799e-01
8.810913637782710195e-01
8.610666825293568083e-01
8.202033285818973729e-01
7.636470268221257074e-01
6.977430459490511216e-01
6.294113636799777423e-01
5.654581701413862183e-01
5.119082689868620362e-01
4.734383400923257712e-01
4.529748070089341105e-01
4.514953685080752566e-01
4.680445369408593459e-01
4.999455618279554647e-01
5.431681417690034097e-01
5.927963223807940496e-01
6.435352770217551699e-01
6.901989231258102153e-01
7.281307914448486018e-01
7.535255884171249141e-01
7.636355150243797629e-01
7.568609234384852114e-01
7.327372807791184828e-01
6.918385570438613241e-01
6.356208893939719884e-01
5.662303040196631221e-01
4.862955028827330439e-01
3.987225169968766636e-01
3.065035321729348006e-01
8.364125828150400510e-01
8.741322853088137057e-01
8.867752336827371407e-01
8.751851394630311143e-01
8.420772612623578235e-01
7.918198344920960308e-01
7.300322479241109219e-01
6.630471234866722741e-01
5.973018561791857417e-01
5.387333751762896084e-01
4.922468358168213820e-01
4.613156590206027863e-01
4.477495817915140286e-01
4.516430689614367999e-01
4.714927488565004987e-01
5.044531340205921088e-01
5.466872771517444773e-01
5.937642096642233858e-01
6.410575458004114102e-01
6.841078420778271552e-01
7.189228034859430627e-01
7.422016987076883732e-01
7.514812237806879347e-01
7.452081009742183015e-01
7.227483682091756512e-01
6.843448893768176999e-01
6.310339886363954820e-01
5.645304471654958300e-01
4.870884904942470728e-01
4.013455793675912986e-01
7.783976400030024889e-01
8.197411692159474184e-01
8.372388513571576985e-01
8.312055696788084314e-01
8.036944743650121792e-01
7.583414877750526140e-01
7.000426660988877670e-01
6.345025523426001124e-01
5.677082948559161180e-01
5.053922541785876854e-01
4.525441203721308758e-01
4.130230661578165874e-01
3.893035591166090770e-01
3.823684975316514745e-01
3.917438891271192158e-01
4.156534338412551932e-01
4.512611338191424570e-01
4.949661555725842765e-01
5.427160460804817399e-01
5.903104996181395281e-01
6.336761002968321899e-01
6.691007323093164372e-01
6.934230083675337886e-01
7.041762173744122721e-01
6.996878771899456284e-01
6.791356650711551923e-01
6.425593987625964898e-01
5.908280450991448829e-01
5.255613538687903263e-01
4.490080365921278460e-01
-1.434050039916496821e-01
-2.114156753475228134e-01
-2.962050275922215592e-01
-3.931201769493044007e-01
-4.960810437015369945e-01
-5.980991907215831294e-01
-6.919478079896737022e-01
-7.709068622293704376e-01
-8.294920968766045233e-01
-8.640742607175058154e-01
-8.733063780800145448e-01
-8.583004645715879288e-01
-8.225272839143977777e-01
-7.714486805717666318e-01
-7.119264211491753702e-01
-6.514794792944540447e-01
-5.974796002764699576e-01
-5.563806980359480292e-01
-5.330708802937492718e-01
-5.304180764776380563e-01
-5.490541553213337256e-01
-5.874117903405650098e-01
-6.419972900608406086e-01
-7.078551484056011533e-01
-7.791595516297288304e-01
-8.498568277011571137e-01
-9.142818547543170027e-01
-9.676803459074212466e-01
-1.006585944516524389e+00
-1.029023376781545984e+00
8.165981987359316463e-02
3.117108793502687547e-02
-3.853036345569926802e-02
-1.231757500394652372e-01
-2.169059058368115189e-01
-3.127781296966173352e-01
-4.034402698192055547e-01
-4.818949285560331086e-01
-5.422596178961244240e-01
-5.804252294036202908e-01
-5.945261454625430098e-01
-5.851591119738822622e-01
-5.553209180140253887e-01
-5.100719082946215677e-01
-4.559678544740716211e-01
-4.003316655796277934e-01
-3.504549924280050965e-01
-3.128258615363966322e-01
-2.924718343166563539e-01
-2.924903624702209215e-01
-3.138119398256736248e-01
-3.552111751771082071e-01
-4.135502076343733902e-01
-4.842119153659575348e-01
-5.616603838103383373e-01
-6.400552689531912032e-01
-7.138458648007838248e-01
-7.782793291918099765e-01
-8.297738438147765905e-01
-8.661287216125448385e-01
3.113212335930927166e-01
2.807261778622608395e-01
2.286266728448413943e-01
1.587630456071666973e-01
7.661040998944224079e-02
-1.110144802340928827e-02
-9.704913911661272596e-02
-1.740813669322799906e-01
-2.359944071992364223e-01
-2.782178531111821895e-01
-2.983212494688433081e-01
-2.962756129422508544e-01
-2.744366868855194208e-01
-2.372539141997238588e-01
-1.907448694385624477e-01
-1.418041095680134256e-01
-9.743421011811198573e-02
-6.399306427886508608e-02
-4.654519225187925269e-02
-4.838747487695876925e-02
-7.079441144094478222e-02
-1.129985710180829162e-01
-1.723924755601328740e-01
-2.449125295392608481e-01
-3.255468282897844290e-01
-4.088986578003633854e-01
-4.897368772481899279e-01
-5.634724919848825841e-01
-6.265157857784342532e-01
-6.764877709141704498e-01
5.302063737105991992e-01
5.204443137620783366e-01
4.871535977811215501e-01
4.334367398977043706e-01
3.642485538706019543e-01
2.859558906453553151e-01
2.057059020909999258e-01
1.306764772465998092e-01
6.730213760687120406e-02
2.057452680293714309e-02
-6.492380838380884533e-03
-1.316458492571315197e-02
-1.022074835025699180e-03
2.627486053261074428e-02
6.345130130512599553e-02
1.042508475426731085e-01
1.421531785534915215e-01
1.710865573167740239e-01
1.860516635194089385e-01
1.835895084807478428e-01
1.620500379507066047e-01
1.216455696369385109e-01
6.430049651639924146e-02
-6.667830428722432146e-03
-8.698515761887165576e-02
-1.719125854080336691e-01
-2.567339268963499399e-01
-3.371844138863915319e-01
-4.097802949307218778e-01
-4.720257348971481637e-01
7.230673059977806849e-01
7.335499750750841264e-01
7.188668465490343218e-01
6.814173677927749528e-01
6.255369004495258123e-01
5.571067887257213913e-01
4.829662901783192686e-01
4.101956205143632017e-01
3.453597092333431373e-01
2.938091832896005950e-01
2.591274443536868421e-01
2.427919016144237663e-01
2.440870966215237248e-01
2.602726817293273820e-01
2.869755155690223436e-01
3.187475097318377415e-01
3.497129630329102179e-01
3.742228108585393676e-01
3.874384380396029837e-01
3.857826979112972676e-01
3.672175559157681013e-01
3.313326969872092409e-01
2.792538272039067904e-01
2.134000762397807449e-01
1.371345579672296200e-01
5.435955070431031100e-02
-3.089218048959291307e-02
-1.148247726573217720e-01
-1.941713646457343678e-01
-2.663907218863941773e-01
8.765292869880033644e-01
9.052285274819270589e-01
9.076142141270507890e-01
8.853656467915577144e-01
8.421425397673528712e-01
7.832525255651422436e-01
7.151181432758996204e-01
6.446067463370354078e-01
5.783073506593320312e-01
5.218462591510234505e-01
4.793271470869050477e-01
4.529624739683978385e-01
4.429350499972494193e-01
4.474961742258459774e-01
4.632752503945807288e-01
4.857499116612041812e-01
5.098088753540778173e-01
5.303336754679882636e-01
5.427299149067340567e-01
5.433519760951691646e-01
5.297843466025787817e-01
5.009644565460119603e-01
4.571528634080737064e-01
3.997740041917058340e-01
3.311627120929413470e-01
2.542574552131083854e-01
1.722809916624633564e-01
8.844385977870883320e-02
5.697382178745935555e-03
-7.344757430582915525e-02
9.806197873832057654e-01
1.024323661239446182e+00
1.041130195789121249e+00
1.032028260505970518e+00
9.999896331682495143e-01
9.496973115503798413e-01
8.870753720365452955e-01
8.186769494375264467e-01
7.510072592574598138e-01
6.898670585421545765e-01
6.397973331206762149e-01
6.036894680237906430e-01
5.825999069995319024e-01
5.757788603567562946e-01
5.808938944475533495e-01
5.944056172072352817e-01
6.120372887305972620e-01
6.292744875547090500e-01
6.418346773881055123e-01
6.460579063130936772e-01
6.391862163746721004e-01
6.195175467687722426e-01
5.864370652531855077e-01
5.403426836200061478e-01
4.824906349158534224e-01
4.147910201028635058e-01
3.395826424924490716e-01
2.594123329906606878e-01
1.768377323017995550e-01
9.426554575584955575e-02
1.029836205938552407e+00
1.084531847116398495e+00
1.112349199561316837e+00
1.113656831671676617e+00
1.090766450072321092e+00
1.047721700242690623e+00
9.898948794086103176e-01
9.234406544905749969e-01
8.546755232755732790e-01
7.894606181236455411e-01
7.326623355137863447e-01
6.877511929698004733e-01
6.565771759539854591e-01
6.393337700302014204e-01
6.346973558952025973e-01
6.401076410143581308e-01
6.521410871106710916e-01
6.669240843459139922e-01
6.805355510481833070e-01
6.893580229085315425e-01
6.903496345365779385e-01
6.812239343988720774e-01
6.605377411211196259e-01
6.276974604023045634e-01
5.829005467298159493e-01
5.270311171398244232e-01
4.615278283695060102e-01
3.882391624005719910e-01
3.092774717480756275e-01
2.268795612000150674e-01
1.023594125132241572e+00
1.084916888332675189e+00
1.119982118931214465e+00
1.128638407759354312e+00
1.112597864865462416e+00
1.075281806338072244e+00
1.021484607671511835e+00
9.568971391727406628e-01
8.875497288384762706e-01
8.192435565638115369e-01
7.570376273613493856e-01
7.048468607019543475e-01
6.651879507396015745e-01
6.390871811090353960e-01
6.261423018569348686e-01
6.247123904324306531e-01
6.321977204715841792e-01
6.453670266982217685e-01
6.606917338295715814e-01
6.746541225582137757e-01
6.840067775898440727e-01
6.859716152366394093e-01
6.783763007548971880e-01
6.597326317522324013e-01
6.292650387453878613e-01
5.868980949431806815e-01
5.332107646222005171e-01
4.693632259157466402e-01
3.970005531287016387e-01
3.181370391839011269e-01
9.660116304576574775e-01
1.029693298936239731e+00
1.068298857659387036e+00
1.081275056505762500e+00
1.069817544496886708e+00
1.036767247470905762e+00
9.863384091098895690e-01
9.237122258966364852e-01
8.545470813364529628e-01
7.844651599221775795e-01
7.185746307321158044e-01
6.610773483349560165e-01
6.149963670756447565e-01
5.820387147757851709e-01
5.625902845679034980e-01
5.558243851410761271e-01
5.598954517747346538e-01
5.721854060795744656e-01
5.895716563979293001e-01
6.086912792558550889e-01
6.261835200510207367e-01
6.389003852948399453e-01
6.440811819092050472e-01
6.394905235539832811e-01
6.235205151176980154e-01
5.952571935217890742e-01
5.545099294054532946e-01
5.018015455107690537e-01
4.383172882114619862e-01
3.658128950278445313e-01
-1.138305589704700638e-01
-1.616949233060925861e-01
-2.247506044781360512e-01
-2.995780876353004718e-01
-3.815455392926116462e-01
-4.652121856097434782e-01
-5.448575020990414908e-01
-6.150749171517998493e-01
-6.713560974609327214e-01
-7.105899886023915313e-01
-7.314101829093295759e-01
-7.343435148058277129e-01
-7.217390442317584975e-01
-6.974857303805268582e-01
-6.665547463168334241e-01
-6.344245740921462540e-01
-6.064607896583281699e-01
-5.873262196486582765e-01
-5.804908567848473533e-01
-5.878958819815650605e-01
-6.098047871341344406e-01
-6.448500469568909654e-01
-6.902594152956778029e-01
-7.422248789783341127e-01
-7.963621498097781526e-01
-8.482009714231647513e-01
-8.936470373841505221e-01
-9.293644093393912398e-01
-9.530414213283999736e-01
-9.635208272518943629e-01
1.156450562534694360e-01
8.575665978117252841e-02
3.818903336493995049e-02
-2.404457089977651840e-02
-9.655422199227536861e-02
-1.739636319586342905e-01
-2.504426319911250420e-01
-3.203194445175007177e-01
-3.786959820790107845e-01
-4.219862829635827595e-01
-4.483070599077175755e-01
-4.576688255422420859e-01
-4.519430388922210384e-01
-4.346109220996015043e-01
-4.103284046936817031e-01
-3.843648807869266548e-01
-3.619880086218521531e-01
-3.478710155629480827e-01
-3.455928656948818456e-01
-3.572866326596665365e-01
-3.834700556972787666e-01
-4.230677776719473093e-01
-4.736105928033343959e-01
-5.315763140535720854e-01
-5.928220841786826512e-01
-6.530506331153950184e-01
-7.082535683971304952e-01
-7.550826219193144118e-01
-7.911132621742312798e-01
-8.149819327613737618e-01
3.519273687448492005e-01
3.421762449427059316e-01
3.123457510320457597e-01
2.649243754455090638e-01
2.039293736695440007e-01
1.345413486697215610e-01
6.258189725029161821e-02
-6.103789167026696383e-03
-6.628145046535199869e-02
-1.138970699979983681e-01
-1.465066572798648936e-01
-1.635113238511371470e-01
-1.661695345115043465e-01
-1.573889968016260466e-01
-1.413299795175047002e-01
-1.228756121154022662e-01
-1.070397313906255032e-01
-9.838747555658144961e-02
-1.005381010687310117e-01
-1.158049291909171719e-01
-1.450065551672268804e-01
-1.874597464124820867e-01
-2.411412102769718291e-01
-3.029856671573742388e-01
-3.692737345784333769e-01
-4.360563544536902314e-01
-4.995631501538370101e-01
-5.565494282833399753e-01
-6.045489413110891608e-01
-6.420148373279075393e-01
5.797801024629097855e-01
5.909378722113215465e-01
5.798340518120780329e-01
5.483477317198041101e-01
5.000181690547388369e-01
4.397146140622923971e-01
3.731368441785501977e-01
3.062063177320452079e-01
2.444252540830071929e-01
1.922866668559313208e-01
1.528114543862602037e-01
1.272703528989455046e-01
1.151220700901304239e-01
1.141686758129996093e-01
1.209001559670338510e-01
1.309762848503187582e-01
1.397788221866301805e-01
1.429620935347689636e-01
1.369351859065356392e-01
1.192227122167073272e-01
8.867070752379302423e-02
4.548648235476449031e-02
-8.877101923955632579e-03
-7.196430221664146254e-02
-1.406448488992970147e-01
-2.114807436019467968e-01
-2.810849855141744347e-01
-3.464323069061709948e-01
-4.050928984406138023e-01
-4.553733299840829196e-01
7.837742095518595020e-01
8.151246458476878454e-01
8.223779486852093035e-01
8.067606290771526245e-01
7.712622645266705712e-01
7.203485892661057877e-01
6.594961173811567656e-01
5.946048584080633193e-01
5.313641026293561831e-01
4.746531860051987906e-01
4.280535142651419322e-01
3.935311037024803449e-01
3.713235942093167097e-01
3.600364831620167516e-01
3.569249834837873170e-01
3.583147125335006677e-01
3.600994807722192048e-01
3.582492951014618621e-01
3.492661778306109799e-01
3.305379296674427758e-01
3.005579066548358380e-01
2.589991153340958085e-01
2.066503795997638449e-01
1.452384159550117460e-01
7.717060157214994387e-02
5.238221909189433312e-03
-6.768082176855422238e-02
-1.388865466409317517e-01
-2.060644396767939424e-01
-2.674225246083047347e-01
9.500125730900667032e-01
9.994272295448159982e-01
1.023370823251382955e+00
1.022418486368152024e+00
9.989763720265484315e-01
9.570431310285490989e-01
9.017875178774318323e-01
8.389941814661726616e-01
7.744487278522401708e-01
7.133411228542144711e-01
6.597622684534177884e-01
6.163531939840253271e-01
5.841427226038938825e-01
5.625819267266373158e-01
5.497567799165633540e-01
5.427382780524468986e-01
5.380149086782880508e-01
5.319471080603198621e-01
5.211870543589071092e-01
5.030182086531146401e-01
4.755848947305840735e-01
4.379999624532754376e-01
3.903353953530520615e-01
3.335143462998982899e-01
2.691320910578187675e-01
1.992372770809551774e-01
1.261039635753992139e-01
5.202029899652327316e-02
-2.088735869688029823e-02
-9.078403954740138504e-02
1.067692407005370381e+00
1.131868957135821585e+00
1.169751412275366942e+00
1.181307055331995315e+00
1.168362783392570936e+00
1.134416949226905835e+00
1.084266050884121313e+00
1.023492961325895845e+00
9.578825882805958036e-01
8.928396490664630702e-01
8.328804218161672823e-01
7.812568170236989795e-01
7.397496781563644985e-01
7.086428515737358547e-01
6.868646191876751628e-01
6.722624533923083900e-01
6.619635008354750605e-01
6.527680036204041025e-01
6.415257586271466694e-01
6.254551402608171662e-01
6.023777682260439414e-01
5.708568840725299909e-01
5.302414110269183523e-01
4.806286198337305082e-01
4.227652492567163245e-01
3.579096430290010789e-01
2.876765156822953529e-01
2.138823943781357206e-01
1.384048502519761303e-01
6.306350061637311377e-02
1.130261861820490044e+00
1.205088120404388619e+00
1.253402218429981119e+00
1.274642863162641859e+00
1.270095694455986468e+00
1.242754412461712032e+00
1.196999671631901574e+00
1.138136540363260174e+00
1.071850232982386686e+00
1.003649147232130723e+00
9.383627548932907958e-01
8.797503817748418831e-01
8.302579139439846267e-01
7.909366591196521634e-01
7.615160021856041128e-01
7.406027049482736269e-01
7.259672318773898736e-01
7.148724502523541302e-01
7.044021391605760352e-01
6.917544551325688351e-01
6.744766203104018976e-01
6.506291918884289371e-01
6.188791880173555304e-01
5.785295720710966760e-01
5.294974360998300211e-01
4.722547781301256187e-01
4.077447627503538730e-01
3.372838588191713338e-01
2.624573644902951086e-01
1.850134298020741364e-01
1.135999520963993259e+00
1.216987502834008250e+00
1.271863214063081671e+00
1.299641808425069378e+00
1.301132216443283252e+00
1.278843814647476762e+00
1.236717774280063242e+00
1.179717800811934669e+00
1.113333158304394388e+00
1.043056423502081831e+00
9.738981207525513328e-01
9.099909000219615907e-01
8.543195061147196290e-01
8.085927719769215871e-01
7.732538938839500497e-01
7.476085365996111287e-01
7.300391103958220329e-01
7.182688043366308728e-01
7.096402959469939598e-01
7.013800853695869586e-01
6.908281082573947129e-01
6.756215360197302955e-01
6.538296799181516628e-01
6.240425337028315811e-01
5.854183573194465806e-01
5.376961829685950045e-01
4.811780808937956566e-01
4.166845210194426441e-01
3.454851578197857265e-01
2.692074386659478735e-01
1.087949872918178684e+00
1.170676461490550491e+00
1.228279240508043824e+00
1.259468737412348105e+00
1.264659058934465730e+00
1.245914311130454255e+00
1.206730144301204621e+00
1.151679157916123408e+00
1.085965977107655078e+00
1.014947280459417289e+00
9.436727567562218644e-01
8.764954166742814357e-01
8.167858701897913187e-01
7.667680403095534780e-01
7.274765390403846732e-01
6.988214198078325223e-01
6.797361821944892801e-01
6.683805151438423353e-01
6.623699416936247308e-01
6.590089825747736940e-01
6.555109008027145689e-01
6.491937031181574946e-01
6.376474099704593224e-01
6.188708637147276592e-01
5.913774599287001665e-01
5.542687314064628223e-01
5.072736530471005922e-01
4.507509053060709814e-01
3.856519321150856383e-01
3.134447921543553894e-01
-1.473581569612706366e-01
-1.788487491107358940e-01
-2.226251554933079135e-01
-2.762329962247853654e-01
-3.362676098194513075e-01
-3.986782171298390853e-01
-4.591697376118389351e-01
-5.136548309914693577e-01
-5.586990273200821422e-01
-5.919005196990555495e-01
-6.121537157944523244e-01
-6.197608510424748030e-01
-6.163764548853984948e-01
-6.047920180973893611e-01
-5.885893978238948554e-01
-5.717082400909209161e-01
-5.579827490240661936e-01
-5.507053564460983042e-01
-5.522693116429746585e-01
-5.639300754559841700e-01
-5.857086586899095115e-01
-6.164411815856705168e-01
-6.539605638075824956e-01
-6.953807711196104968e-01
-7.374433098676602683e-01
-7.768807996611595268e-01
-8.107537437289644711e-01
-8.367234801742053918e-01
-8.532354238082392461e-01
-8.596002642045650344e-01
7.213173873298728278e-02
5.802162565759516610e-02
2.926857665058124613e-02
-1.207187944399634727e-02
-6.283904508184878779e-02
-1.190580525270896750e-01
-1.763440594201118872e-01
-2.303713008034855569e-01
-2.773472302442607784e-01
-3.144294845146294870e-01
-3.400303702900986380e-01
-3.539688819643855289e-01
-3.574514011373665090e-01
-3.528857899013128074e-01
-3.435559057721956910e-01
-3.332013504937891835e-01
-3.255581246010418872e-01
-3.239186025410274450e-01
-3.307639584354295503e-01
-3.475101004970404528e-01
-3.743914165792686655e-01
-4.104877840472924699e-01
-4.538820281780139299e-01
-5.019197138887775411e-01
-5.515326343702693368e-01
-5.995826489173190499e-01
-6.431837930698065531e-01
-6.799671831464031424e-01
-7.082638260383770090e-01
-7.271932311259966530e-01
3.007357043615037639e-01
3.059581167748532948e-01
2.942020304528426555e-01
2.670270761975620522e-01
2.272470319187213095e-01
1.786613122711593338e-01
1.256585282099804690e-01
7.274020295040151129e-02
2.402580161504364042e-02
-1.719596167339898507e-02
-4.881071565630229481e-02
-7.007311113568098770e-02
-8.163008340755106840e-02
-8.537425417046745624e-02
-8.415201525133414462e-02
-8.136931635472455238e-02
-8.054966079355618813e-02
-8.490207009476791189e-02
-9.695192446094408334e-02
-1.182759244388826292e-01
-1.493661228837165900e-01
-1.896296780589535880e-01
-2.375133450367874488e-01
-2.907270759574279162e-01
-3.465311324269086946e-01
-4.020467176410271737e-01
-4.545513581568411676e-01
-5.017263776133552566e-01
-5.418334749407196504e-01
-5.738089519311153630e-01
5.241822263530734327e-01
5.494063005559853829e-01
5.554635691077020043e-01
5.433518825581288292e-01
5.154581645121391054e-01
4.753203697200448774e-01
4.272484281799076022e-01
3.758508526613252299e-01
3.255282334113177578e-01
2.799999817345553144e-01
2.419255871796146540e-01
2.126673271155440359e-01
1.922203934931988600e-01
1.793123810814197805e-01
1.716509242927376500e-01
1.662794836151295641e-01
1.599894050323412698e-01
1.497326395476668015e-01
1.329837748074937931e-01
1.080109552112475946e-01
7.403065416247356367e-02
3.123849691920288496e-02
-1.927517733691985757e-02
-7.570277074736991851e-02
-1.357585571437898153e-01
-1.969442174062819850e-01
-2.568066573604520508e-01
-3.131594157223527852e-01
-3.642473880988776891e-01
-4.088444524525677304e-01
7.276943954796187830e-01
7.722049679098511588e-01
7.956367438609351916e-01
7.983974663400407179e-01
7.823968193791622783e-01
7.508448398414523384e-01
7.078986786260125230e-01
6.582019192095248661e-01
6.063764229121612059e-01
5.565330791872421523e-01
5.118639387518858497e-01
4.743649108448798613e-01
4.447180431717063787e-01
4.223389577494288671e-01
4.055721972181453028e-01
3.919985522140857492e-01
3.788064180551814486e-01
3.631750782910379005e-01
3.426213671161105756e-01
3.152710685940431912e-01
2.800304948486873613e-01
2.366494089189180583e-01
1.856813653919429097e-01
1.283596314751067613e-01
6.641481829704098949e-02
1.863687308450323599e-03
-6.320245599884433130e-02
-1.268059629846970404e-01
-1.872307293941739559e-01
-2.431207302529930225e-01
8.976053785945105057e-01
9.593594693456078959e-01
9.985190581395039233e-01
1.014913247022871889e+00
1.009956799803788385e+00
9.864885614915112066e-01
9.484507166255725652e-01
9.004497303480502035e-01
8.472564535126808627e-01
7.933104096224047330e-01
7.422906520541691089e-01
6.968035882092545874e-01
6.582192394464375651e-01
6.266650321919965405e-01
6.011642221531284802e-01
5.798878728591135845e-01
5.604774030772928795e-01
5.403902444588953857e-01
5.172239198170095476e-01
4.889825251910021597e-01
4.542620707003703906e-01
4.123449976619062429e-01
3.632071772091111095e-01
3.074510407624394537e-01
2.461851377514633343e-01
1.808730707265482351e-01
1.131738139053247716e-01
4.479176173576249198e-02
-2.265038864122825846e-02
-8.770850576763872253e-02
1.022873729169801127e+00
1.098707810493118053e+00
1.150926465900561801e+00
1.178829225298521077e+00
1.183350413373810639e+00
1.166938530739884072e+00
1.133272577628278821e+00
1.086852123891957511e+00
1.032515046485587895e+00
9.749453030019868960e-01
9.182317437282686567e-01
8.655284680836777822e-01
8.188498818966659654e-01
7.790127374704266527e-01
7.457167031237558197e-01
7.177376998996244373e-01
6.931967049842909789e-01
6.698620385895520668e-01
6.454451107716955294e-01
6.178569095969220770e-01
5.854031670320477554e-01
5.469079114694360699e-01
5.017659717452468415e-01
4.499334324089305781e-01
3.918702584104639675e-01
3.284512384878441882e-01
2.608605674842396915e-01
1.904827011790198865e-01
1.187985925642915941e-01
4.729295764225327492e-02
1.096265545343834802e+00
1.182222782171080233e+00
1.244104928177957703e+00
1.280762394651396630e+00
1.292691723735584830e+00
1.281954395367478572e+00
1.251932539633758612e+00
1.206953890261232232e+00
1.151835487171836370e+00
1.091404721908873388e+00
1.030056131153095134e+00
9.713934402781593258e-01
9.179908334293934713e-01
8.712883848769895634e-01
8.316174638101009320e-01
7.983358012005444815e-01
7.700409671708460246e-01
7.448262404397140157e-01
7.205440280598628400e-01
6.950478814150536921e-01
6.663929015794959332e-01
6.329839117847081420e-01
5.936694205274360980e-01
5.477858779421790336e-01
4.951605053185813565e-01
4.360821879439149562e-01
3.712492073960246275e-01
3.017008532648883801e-01
2.287380908742879804e-01
1.538371364205933789e-01
1.115028375433737562e+00
1.206757254823937142e+00
1.274539949508895820e+00
1.316880347935438955e+00
1.333901376766334579e+00
1.327299565228087008e+00
1.300140313644925882e+00
1.256521558345337741e+00
1.201150328632151432e+00
1.138886110692300058e+00
1.074305771514617369e+00
1.011337493425187084e+00
9.529976083651311436e-01
9.012472385818027787e-01
8.569683995474645100e-01
8.200445255552647472e-01
7.895202287362556026e-01
7.638103798982770476e-01
7.409290635983781792e-01
7.187134626899055467e-01
6.950245866223877522e-01
6.679141839957188909e-01
6.357536662167769803e-01
5.973254613419750614e-01
5.518796236287587531e-01
4.991590597241714056e-01
4.393961279262585951e-01
3.732825049885891699e-01
3.019138604873443654e-01
2.267114738356771353e-01
1.080972598493423753e+00
1.174139891887724829e+00
1.244063941336202461e+00
1.289015980494830238e+00
1.308822763633522346e+00
1.304851627299651540e+00
1.279843604229464749e+00
1.237617696587437699e+00
1.182685458469273421e+00
1.119824477921056882e+00
1.053661016359447977e+00
9.883062885877759163e-01
9.270793059072574005e-01
8.723343970291920213e-01
8.253962983617900706e-01
7.865926003775235431e-01
7.553641234704483454e-01
7.304292408965672445e-01
7.099780224118931171e-01
6.918752927502384020e-01
6.738567870896955414e-01
6.537079947321643436e-01
6.294197718511330697e-01
5.993176764587143657e-01
5.621631561514853770e-01
5.172246615423213845e-01
4.643162540072965916e-01
4.038011697106357323e-01
3.365587294829648357e-01
2.639151884716607332e-01
