-9.180427973527111041e-01
-1.132018562437953735e+00
-1.357335986822296281e+00
-1.585755056174589894e+00
-1.807565915150932678e+00
-2.012179320655796744e+00
-2.188885417686956103e+00
-2.327718637549690328e+00
-2.420346531682499247e+00
-2.460888954688841501e+00
-2.446573432690064553e+00
-2.378143679469893357e+00
-2.259960416796686467e+00
-2.099764798777091102e+00
-1.908111453191991824e+00
-1.697516164131208871e+00
-1.481397848926902183e+00
-1.272921190009580039e+00
-1.083861250972335322e+00
-9.236120883579281848e-01
-7.984469440305119736e-01
-7.111092498471288659e-01
-6.607746091915006614e-01
-6.433790930612569570e-01
-6.522646832674207085e-01
-6.790548341161796175e-01
-7.146474399429112445e-01
-7.502027481405764142e-01
-7.780112001847105940e-01
-7.921492706731794176e-01
-7.408297347992437443e-01
-9.434024672110883358e-01
-1.160381584015176992e+00
-1.383970236963691480e+00
-1.604697144336425962e+00
-1.811973365495042287e+00
-1.994837104683105933e+00
-2.142826912795655847e+00
-2.246901327195303111e+00
-2.300309178900947771e+00
-2.299312034066606891e+00
-2.243669657086746483e+00
-2.136820530313555011e+00
-1.985720315591404272e+00
-1.800338320605037401e+00
-1.592851193371312757e+00
-1.376609394325965852e+00
-1.164980770011850186e+00
-9.701927538671524243e-01
-8.022975891839111418e-01
-6.683724804732815716e-01
-5.720397322143150332e-01
-5.133537942062116333e-01
-4.890575582894390871e-01
-4.931652901977427450e-01
-5.177905944894307666e-01
-5.541104486410501906e-01
-5.933445486891363307e-01
-6.276344747540004709e-01
-6.507282252570095737e-01
-5.239055219477906089e-01
-7.090695585251034494e-01
-9.118079912576186885e-01
-1.125029414893796265e+00
-1.339777403285219215e+00
-1.545733439304200818e+00
-1.731925270392913774e+00
-1.887585702149734423e+00
-2.003082460571340206e+00
-2.070823561539219426e+00
-2.086037420878493975e+00
-2.047334113889396789e+00
-1.956973517685954400e+00
-1.820795687276036467e+00
-1.647805457996927014e+00
-1.449442630097300233e+00
-1.238606342167778429e+00
-1.028532590104989541e+00
-8.316431545874898301e-01
-6.584895361090778998e-01
-5.169056264803113532e-01
-4.114585267802421953e-01
-3.432509601747131822e-01
-3.100857293376336199e-01
-3.069584683300090044e-01
-3.268057634647471565e-01
-3.614071887192538690e-01
-4.023259656507536253e-01
-4.417755402367087858e-01
-4.733174243831395067e-01
-2.811020219665656406e-01
-4.440511037727415955e-01
-6.276765761478306782e-01
-8.258128634082260167e-01
-1.030263289114644598e+00
-1.231231947534450644e+00
-1.417975078842291792e+00
-1.579623439412900066e+00
-1.706101134640964023e+00
-1.789047974389491369e+00
-1.822644639612046813e+00
-1.804244458793792250e+00
-1.734732407560406919e+00
-1.618559445104226668e+00
-1.463435420885826233e+00
-1.279702380142852425e+00
-1.079447438040325391e+00
-8.754457330676793658e-01
-6.800451365413610061e-01
-5.041123458532910107e-01
-3.561532846114298101e-01
-2.416998399475674963e-01
-1.630223317774475433e-01
-1.191869399165603055e-01
-1.064350668513898701e-01
-1.188232062802665329e-01
-1.490327725084940602e-01
-1.892435842796639511e-01
-2.319642298710152817e-01
-2.707268243005722108e-01
-2.879546135064305762e-02
-1.662949992212512385e-01
-3.273234864355543672e-01
-5.068012244208341954e-01
-6.974856946113426881e-01
-8.903196030774068737e-01
-1.075008326627459043e+00
-1.240786169798534067e+00
-1.377303689862945157e+00
-1.475548026908432675e+00
-1.528697871275549458e+00
-1.532816285720626226e+00
-1.487298368567051554e+00
-1.395015368366126829e+00
-1.262129562526077553e+00
-1.097591112986636253e+00
-9.123647028615446963e-01
-7.184654451036899259e-01
-5.279062243848646752e-01
-3.516691911295292128e-01
-1.988109460052592814e-01
-7.579417976112576283e-02
1.388982675040765363e-02
6.977969167226563685e-02
9.419448209120044602e-02
9.172412546281757950e-02
6.853656818435907572e-02
3.159602308101904650e-02
-1.210965333616471906e-02
-5.624436542958168722e-02
2.159187419718754108e-01
1.053422417805300326e-01
-3.118655909380194449e-02
-1.897616109627293102e-01
-3.642249319253884621e-01
-5.464235361263081181e-01
-7.267008515294346438e-01
-8.945908809470215495e-01
-1.039655666026593872e+00
-1.152384806808651962e+00
-1.225063147388440354e+00
-1.252511326602404607e+00
-1.232614275267641446e+00
-1.166573915839503428e+00
-1.058851864188818936e+00
-9.168023227656936225e-01
-7.500304035304501404e-01
-5.695424875687212785e-01
-3.867789515079480545e-01
-2.126325820855218818e-01
-5.655647662605259307e-02
7.414699726969402327e-02
1.747880194364339890e-01
2.434652555191499090e-01
2.809545777823637680e-01
2.903434785828986064e-01
2.764725294056052940e-01
2.452640504470992022e-01
2.030250638338283176e-01
1.558062654370936384e-01
4.371381504947093322e-01
3.532086227781302545e-01
2.414901288421963943e-01
1.047035657795659241e-01
-5.213752274597470426e-02
-2.218913899282356494e-01
-3.956869664753522309e-01
-5.635346280810749064e-01
-7.150986853396743559e-01
-8.405586599719585550e-01
-9.314717796432674390e-01
-9.815448383982925407e-01
-9.872304456353409030e-01
-9.480800612664841420e-01
-8.668120654410190751e-01
-7.490843363008230504e-01
-6.029936255320234029e-01
-4.383544271642372259e-01
-2.658342920791961772e-01
-9.603763379178154036e-02
6.136589994383222224e-02
1.983799567601410019e-01
3.092164843374243244e-01
3.905830188259247215e-01
4.417088558015940247e-01
4.641278300807130108e-01
4.612626603708833706e-01
4.378755560941255398e-01
3.994596689655283139e-01
3.516452310046022101e-01
6.218559096345497306e-01
5.627465841247559775e-01
4.747166370995755114e-01
3.593624040204690950e-01
2.205624681281433963e-01
6.440134092401481047e-02
-1.011361053962955281e-01
-2.666858754290076794e-01
-4.222012615678588099e-01
-5.577607778139420658e-01
-6.644078170565148600e-01
-7.349353774104612214e-01
-7.645326729042662972e-01
-7.512239087442618146e-01
-6.960513567088154607e-01
-6.029824725534909113e-01
-4.785508297732710137e-01
-3.312695023721459187e-01
-1.708797660658231687e-01
-7.514717084520035686e-03
1.491353399694155535e-01
2.905719042918532002e-01
4.100806449711902335e-01
5.031168456519303778e-01
5.674595740079138029e-01
6.031377840738367802e-01
6.121570808311761480e-01
5.980760608539631429e-01
5.654935850575399936e-01
5.195118887137187835e-01
7.612015931307961614e-01
7.238797758201016563e-01
6.572772857400276392e-01
5.619872315584586442e-01
4.408241173144304970e-01
2.988263310460856359e-01
1.430393742719806016e-01
-1.791482197010458438e-02
-1.744514949824026995e-01
-3.167656246884784643e-01
-4.356324383025818592e-01
-5.231858263430522182e-01
-5.735950139057399699e-01
-5.835695060586565397e-01
-5.526401199016304222e-01
-4.831876635738996395e-01
-3.802176856210919831e-01
-2.509065371782429610e-01
-1.039676545128405127e-01
5.109522446501563175e-02
2.047712383815953330e-01
3.482842301434110333e-01
4.742232354083119050e-01
5.770070777847795540e-01
6.531495159176614607e-01
7.013151487369866377e-01
7.221797041864447264e-01
7.181284533821463700e-01
6.928409227807280635e-01
6.508173587126460102e-01
8.510599217716258158e-01
8.317178089991545953e-01
7.835149988597902571e-01
7.062068921871094140e-01
6.016629462738031231e-01
4.739349255922418735e-01
3.291200471415124951e-01
1.750172827191791014e-01
2.059898339492195751e-02
-1.246578588336456489e-01
-2.515189227509423975e-01
-3.517461159965090123e-01
-4.187827660663403506e-01
-4.483020338923960901e-01
-4.385640220123480093e-01
-3.905469076489973546e-01
-3.078409141245159741e-01
-1.963183384459236125e-01
-6.361543442646613866e-02
8.151977476244109955e-02
2.299476696432480316e-01
3.728545756784678589e-01
5.024003365957575573e-01
6.122390897101219753e-01
6.978726958683232340e-01
7.568162060798642177e-01
7.885757870122456215e-01
7.944590780677047714e-01
7.772537086603089618e-01
7.408199749404765777e-01
-9.589762207968894892e-01
-1.181199220768226255e+00
-1.413773908126891410e+00
-1.647509568838137373e+00
-1.871663099909078198e+00
-2.074615585672856088e+00
-2.244735666824926756e+00
-2.371358427326303975e+00
-2.445785706541562909e+00
-2.462200682904496674e+00
-2.418388905083222795e+00
-2.316170772437751157e+00
-2.161476151105615529e+00
-1.964027987648004903e+00
-1.736644577612878271e+00
-1.494214596510272219e+00
-1.252439599207041399e+00
-1.026470043832024892e+00
-8.295784070814253841e-01
-6.720135198194445714e-01
-5.601628057040016762e-01
-4.961150028263763279e-01
-4.776690026991264881e-01
-4.987805937787961885e-01
-5.503854795895933849e-01
-6.214916006667616788e-01
-7.004032300962520496e-01
-7.759280927280425288e-01
-8.384283926321661751e-01
-8.806052265040650306e-01
-7.742788438198340284e-01
-9.833713584755411352e-01
-1.205694251353007118e+00
-1.432519908641910922e+00
-1.653368865187279102e+00
-1.856651176051856256e+00
-2.030514360092712245e+00
-2.163829497104251764e+00
-2.247221832732713587e+00
-2.274036652295412519e+00
-2.241128175180326032e+00
-2.149370182769808402e+00
-2.003811600375879909e+00
-1.813436062406634353e+00
-1.590527753624728646e+00
-1.349691505405899328e+00
-1.106617582757512874e+00
-8.767152255640222602e-01
-6.737589766428419003e-01
-5.086947790920677281e-01
-3.887374553909447861e-01
-3.168586320977812010e-01
-2.917181008903473316e-01
-3.080378587846528959e-01
-3.573639679650899015e-01
-4.291146403735480730e-01
-5.117804479359437941e-01
-5.941290723860750411e-01
-6.662743253550287292e-01
-7.204956752573612455e-01
-5.510706456197682623e-01
-7.409731939802597367e-01
-9.470878347368505423e-01
-1.161433293856598548e+00
-1.374094333210020835e+00
-1.573805452906297919e+00
-1.748758044667004130e+00
-1.887567791130683403e+00
-1.980311841595296052e+00
-2.019527241256182659e+00
-2.001056474297336241e+00
-1.924634473558088255e+00
-1.794133886752648177e+00
-1.617419736147626574e+00
-1.405807162588332826e+00
-1.173161743783603717e+00
-9.347252659878795278e-01
-7.057851341135090717e-01
-5.003278597796101401e-01
-3.298227124572961078e-01
-2.022691097327103116e-01
-1.216115208039478812e-01
-8.758192490381191964e-02
-9.597777795677887858e-02
-1.393300940212473527e-01
-2.078692316138151808e-01
-2.906621415889837912e-01
-3.767790978012633962e-01
-4.563523455367587411e-01
-5.214124236447497118e-01
-3.041907241300036979e-01
-4.702197684831712077e-01
-6.553858545766588772e-01
-8.526916922500749063e-01
-1.053051398296273256e+00
-1.245797270672976520e+00
-1.419422992204231626e+00
-1.562507358464896301e+00
-1.664733820074760340e+00
-1.717900830419816227e+00
-1.716809642651458745e+00
-1.659921749573311622e+00
-1.549697736505776913e+00
-1.392561172483057774e+00
-1.198471853374375673e+00
-9.801374767609676297e-01
-7.519361592661378824e-01
-5.286584909788238917e-01
-3.242020607609421567e-01
-1.503598920231510316e-01
-1.583521884089997625e-02
7.441096515386391719e-02
1.194131856738887554e-01
1.220381348341306321e-01
8.843840033660940736e-02
2.720314585145483521e-02
-5.167992207577319641e-02
-1.379191238588886037e-01
-2.219388148694579066e-01
-2.957129330829543767e-01
-5.074782505135498611e-02
-1.899508039692769379e-01
-3.509856685163376677e-01
-5.280116340550992104e-01
-7.129813861396461228e-01
-8.960565193667353601e-01
-1.066267677311685480e+00
-1.212372426736024966e+00
-1.323834149954062678e+00
-1.391823048808766616e+00
-1.410129320343604942e+00
-1.375880876067503644e+00
-1.289974073596842130e+00
-1.157154411381760895e+00
-9.857219135457708781e-01
-7.868785794885251317e-01
-5.737775565999878591e-01
-3.603701968242463138e-01
-1.601729619189334874e-01
1.491249833943435361e-02
1.555978514187983941e-01
2.559182895741368702e-01
3.135827544105144749e-01
3.299369837187209331e-01
3.095598989452775784e-01
2.595580545255239957e-01
1.886572351482426191e-01
1.062099654189520292e-01
2.124018625403047145e-02
-5.836803825529873757e-02
1.918336684407786763e-01
8.052879470619407620e-02
-5.490264125446690791e-02
-2.098713670384461660e-01
-3.775077200047434189e-01
-5.489773349122590851e-01
-7.140445676742344094e-01
-8.618466858559821198e-01
-9.818118194912754948e-01
-1.064630061108690740e+00
-1.103173601736680887e+00
-1.093260776437758874e+00
-1.034171114978002404e+00
-9.288429369318271789e-01
-7.837190361916430703e-01
-6.082455799423907017e-01
-4.140696634913435537e-01
-2.140169112786211303e-01
-2.095736509973035108e-02
1.533180745296292280e-01
2.990893610853921913e-01
4.094620700667720992e-01
4.808096558617575011e-01
5.128666584476317958e-01
5.084795102240953213e-01
4.730628804670202747e-01
4.138430325174928259e-01
3.389907988235265623e-01
2.567528410217569945e-01
1.746806610809997218e-01
4.077899102432187561e-01
3.236422589852278597e-01
2.136226528010387038e-01
8.105517305863295385e-02
-6.843072426293184130e-02
-2.271142113502629956e-01
-3.856424286893411768e-01
-5.337085998983882584e-01
-6.608927095796577333e-01
-7.575840824617756653e-01
-8.158896090903104970e-01
-8.304271540693255460e-01
-7.989118866450040102e-01
-7.224632764173771760e-01
-6.055901182783240966e-01
-4.558467136612935344e-01
-2.831908917975342055e-01
-9.910921421687612920e-02
8.439798333597983704e-02
2.558627283346615600e-01
4.053146991057704485e-01
5.250644616983300983e-01
6.102268650916237158e-01
6.589397095760646250e-01
6.722706992838477502e-01
6.538432873859943983e-01
6.092440608495662824e-01
5.452964135320157446e-01
4.692946627160252127e-01
3.882887951803453142e-01
5.847053554675927245e-01
5.254228222076100518e-01
4.391844313469343564e-01
3.281118278892948270e-01
1.966064383439792285e-01
5.123280745527090257e-02
-9.963572624269526057e-02
-2.463926193411306031e-01
-3.789499685874450075e-01
-4.875969286667383162e-01
-5.638778438443300400e-01
-6.013961590293931403e-01
-5.964544709655577037e-01
-5.484565200335600466e-01
-4.600218227975589325e-01
-3.367950821473565393e-01
-1.869666898254898901e-01
-2.055335072358246279e-02
1.514849869799957949e-01
3.181975861669655292e-01
4.695637275253268794e-01
5.972864399978947691e-01
6.953809411842422072e-01
7.605060842408570831e-01
7.920192739116105329e-01
7.917686794642962989e-01
7.636665326880918148e-01
7.131098310201098300e-01
6.463270773114225820e-01
5.697306639023413943e-01
7.146621242735915480e-01
6.768053916294216599e-01
6.116337850976381052e-01
5.201932614443285363e-01
4.057349767179175837e-01
2.736861776650464928e-01
1.313958924116447602e-01
-1.233752443025377260e-02
-1.479229435313955399e-01
-2.657587872103367999e-01
-3.570646456628625565e-01
-4.146762508972999806e-01
-4.337186004354480762e-01
-4.120830453210778122e-01
-3.506542767345191547e-01
-2.532600033619020752e-01
-1.263464930131600883e-01
2.158661736293196465e-02
1.807324460856174209e-01
3.408248179535330880e-01
4.919990931417382307e-01
6.255777503331880762e-01
7.347039107547844727e-01
8.147662062035606612e-01
8.635847298375923797e-01
8.813566476608676314e-01
8.703874755488398840e-01
8.346564233806943456e-01
7.792788169727150605e-01
7.099339548329236527e-01
7.947085834340309463e-01
7.741682527486060117e-01
7.266874198378168170e-01
6.524092907972395272e-01
5.535634169665546445e-01
4.345102461475127686e-01
3.015769400359455954e-01
1.626834586556068496e-01
2.678281056045304226e-02
-9.683734739042416939e-02
-1.993260592598212200e-01
-2.730364551573329357e-01
-3.122099315384021523e-01
-3.135048681364654977e-01
-2.763131593864385227e-01
-2.028301123579126508e-01
-9.786963911464782728e-02
3.155597957092769190e-02
1.768474052886841452e-01
3.285564424288951457e-01
4.771746944322975970e-01
6.138929815330468331e-01
7.312578272578120764e-01
8.236656744704266009e-01
8.876562050473901788e-01
9.219903999323892929e-01
9.275235556207357401e-01
9.069051868479580669e-01
8.641539351645641798e-01
8.041645256662501851e-01
-8.977963760119342940e-01
-1.111495393616098504e+00
-1.334501784603902452e+00
-1.557376589801773292e+00
-1.769111616776979812e+00
-1.957842837171412942e+00
-2.111761153397018198e+00
-2.220145123619532868e+00
-2.274415422756217442e+00
-2.269096299907548797e+00
-2.202568035487484366e+00
-2.077507757206012329e+00
-1.900943416007265796e+00
-1.683884818819847418e+00
-1.440542237592310482e+00
-1.187191862850817348e+00
-9.407921643444676629e-01
-7.174900217532780289e-01
-5.311750863156619040e-01
-3.922416326566111611e-01
-3.066978437664777402e-01
-2.757244453706141907e-01
-2.957320773790809154e-01
-3.589064124358255503e-01
-4.541700738425413775e-01
-5.684395307682799103e-01
-6.880209798405877430e-01
-7.999769558178713158e-01
-8.933067873628237621e-01
-9.598168771576188751e-01
-7.157748486255134379e-01
-9.151569005581461358e-01
-1.126343699741896520e+00
-1.340358347058131061e+00
-1.546473861912161629e+00
-1.732891562873600355e+00
-1.887635426333782895e+00
-1.999590039964826982e+00
-2.059582616388220266e+00
-2.061392496322679513e+00
-2.002567936077198851e+00
-1.884941393816872868e+00
-1.714760714293626531e+00
-1.502392280342895958e+00
-1.261599271247212828e+00
-1.008448185497136995e+00
-7.599435187563308158e-01
-5.325276761290635985e-01
-3.406053651336168886e-01
-1.952549809924307433e-01
-1.032722727138028762e-01
-6.665504225600510368e-02
-8.258582621454130246e-02
-1.439090166178452201e-01
-2.400379844862323975e-01
-3.581752584349534030e-01
-4.846925068268072567e-01
-6.065024386520290189e-01
-7.122638071118724268e-01
-7.932916039528217222e-01
-5.004140310157371152e-01
-6.798732765374159159e-01
-8.737112686817956053e-01
-1.073695276084164263e+00
-1.269682341663162850e+00
-1.450239499668582344e+00
-1.603495146959246664e+00
-1.718154695859665182e+00
-1.784584594586125394e+00
-1.795849371577558529e+00
-1.748580099842759861e+00
-1.643561536229938724e+00
-1.485949166345647665e+00
-1.285064439559357563e+00
-1.053762706591296672e+00
-8.074184128801131788e-01
-5.626197340156084969e-01
-3.357037288227706640e-01
-1.412876017390859440e-01
9.042292575183873138e-03
1.077363609112415854e-01
1.518690092237012512e-01
1.432430869183708433e-01
8.800630944445332615e-02
-4.165334577815010819e-03
-1.212092761851613493e-01
-2.499974993923067823e-01
-3.776744932791656351e-01
-4.928555361681350999e-01
-5.865565720667145211e-01
-2.667723640749926628e-01
-4.221953523657872576e-01
-5.945089846329524308e-01
-7.764597603379668200e-01
-9.587535543910004066e-01
-1.130597814740726736e+00
-1.280485730741760086e+00
-1.397163204690165417e+00
-1.470689097194369577e+00
-1.493477661133941314e+00
-1.461203091984863311e+00
-1.373451932228941352e+00
-1.234029991199081522e+00
-1.050864764912300853e+00
-8.354884590315965198e-01
-6.021355165756450134e-01
-3.665359806660232755e-01
-1.445258223710556289e-01
4.937812448199348919e-02
2.032820012812399657e-01
3.089515862709160121e-01
3.624656386821022980e-01
3.644154241346955203e-01
3.196355592465123241e-01
2.365093122983950857e-01
1.259435277144357601e-01
1.467435341700878970e-04
-1.286368047861911057e-01
-2.492873274041147724e-01
-3.527373545230373386e-01
-3.160690590674430228e-02
-1.606741395700110597e-01
-3.089324802113930235e-01
-4.702767114236949819e-01
-6.364681488578670665e-01
-7.975839299210658595e-01
-9.427140440641439412e-01
-1.060856361222756394e+00
-1.141928890235010652e+00
-1.177795218361607166e+00
-1.163187436780983353e+00
-1.096413315340710071e+00
-9.797517019261887672e-01
-8.194707612464553481e-01
-6.254445353623541148e-01
-4.103896709998579029e-01
-1.887902888783805633e-01
2.438116590357215091e-02
2.150112189082813707e-01
3.711130327405385287e-01
4.838732493115078803e-01
5.483617546552909117e-01
5.638286526209972394e-01
5.335636653664578288e-01
4.643474988404626691e-01
3.655746404307966824e-01
2.481652925459525705e-01
1.234051347913691782e-01
1.852559058660413482e-03
-1.075655484435765197e-01
1.885972707473882459e-01
8.632763154683718854e-02
-3.707676105480280093e-02
-1.767504113401143773e-01
-3.256448793427955679e-01
-4.748763944443700757e-01
-6.143215576983018789e-01
-7.334219235212204868e-01
-8.221272626191928889e-01
-8.718828165213330372e-01
-8.765517880322482025e-01
-8.331633320115634511e-01
-7.423893906522707198e-01
-6.086799565497122977e-01
-4.400230308183413763e-01
-2.473384340890533717e-01
-4.355845048335445918e-02
1.575126363862686951e-01
3.424390683122744417e-01
4.993585294484124137e-01
6.190180623037662144e-01
6.955270559197598290e-01
7.267478776204592261e-01
7.142897922585920156e-01
6.631212498984087045e-01
5.808623637535383910e-01
4.768566623348221567e-01
3.611436378918672085e-01
2.434582769848162853e-01
1.323706353133837221e-01
3.795304809148153935e-01
3.027588688299288622e-01
2.033919788606864121e-01
8.504471112951116074e-02
-4.648219592285260382e-02
-1.834459421137740465e-01
-3.166484346632207902e-01
-4.361377970452969821e-01
-5.320661114682012638e-01
-5.956197792756225962e-01
-6.199227944145840885e-01
-6.008089435522203647e-01
-5.373677416422020237e-01
-4.321903199349239610e-01
-2.912733231973971826e-01
-1.235774805939876125e-01
5.972183044368337135e-02
2.462172118348207039e-01
4.233809379258506311e-01
5.796846228791716626e-01
7.056038135340797490e-01
7.943981948043217223e-01
8.425860030064584727e-01
8.500696851978799540e-01
8.199135091217246707e-01
7.578165021013385516e-01
6.713596386070632693e-01
5.691295739088197969e-01
4.598293897903110716e-01
3.514792526927617011e-01
5.305905010388719534e-01
4.765986365588167906e-01
3.991277971986139095e-01
3.006062937662463130e-01
1.856043127830289963e-01
6.068975090248109744e-02
-6.594873489617789075e-02
-1.850939049589032659e-01
-2.872609178048959322e-01
-3.635555908632304156e-01
-4.065408279331860220e-01
-4.110148606873308408e-01
-3.746095796913008202e-01
-2.981336816603972206e-01
-1.856120001424944044e-01
-4.400617081266140762e-02
1.173613901348100064e-01
2.876230014523847300e-01
4.553345524893585017e-01
6.094927033277800499e-01
7.404896392359333612e-01
8.409026818372895562e-01
9.060372440750491529e-01
9.341730748420402630e-01
9.265011101196685139e-01
8.867762298758503636e-01
8.207444014955963540e-01
7.354264381599233680e-01
6.383518457128265489e-01
5.368339858056684344e-01
6.358163846779125716e-01
6.009152899176573026e-01
5.422795403729816499e-01
4.612767534426367999e-01
3.613283086303479275e-01
2.478550446547955199e-01
1.280048417067755906e-01
1.016982110330670597e-02
-9.667218094895985159e-02
-1.837327408697638775e-01
-2.432269649496171804e-01
-2.691393003179897714e-01
-2.578545651502310854e-01
-2.085793835213257674e-01
-1.235006038397754580e-01
-7.655985565050569402e-03
1.314749936162585842e-01
2.846199870772956886e-01
4.415340418026257874e-01
5.919030633949683429e-01
7.262330856412670954e-01
8.366308720158665002e-01
9.173960977964730201e-01
9.653698919287194702e-01
9.800154378552321521e-01
9.632392755768337533e-01
9.189922698896566544e-01
8.527127383335031396e-01
7.706879480579564845e-01
6.794127173078515769e-01
6.941169759398544414e-01
6.741447489605114640e-01
6.308140223236503585e-01
5.646014914131936013e-01
4.779107619834589427e-01
3.750939958464939439e-01
2.622736704180188561e-01
1.469637168481310596e-01
3.751384540274201734e-02
-5.757586275405077170e-02
-1.304042676531945721e-01
-1.744050562024213047e-01
-1.849894395276256431e-01
-1.600231847489352044e-01
-1.000818825363484210e-01
-8.451999536366845006e-03
1.091266254915647105e-01
2.449520565332534705e-01
3.900340295102157628e-01
5.348784685102819791e-01
6.702992119583871533e-01
7.881718511782080938e-01
8.820534374417299261e-01
9.476098345198464834e-01
9.828171492640114248e-01
9.879314994100963920e-01
9.652485020314963693e-01
9.186966093668098576e-01
8.533238811310264182e-01
7.747442939458394351e-01
-7.483384424452916850e-01
-9.404145252491873386e-01
-1.141404857903028036e+00
-1.342372793486034999e+00
-1.532836212435761070e+00
-1.701459649343940228e+00
-1.836946851846586792e+00
-1.929060110840487230e+00
-1.969666835899716695e+00
-1.953698076239413384e+00
-1.879901212408423561e+00
-1.751281479213665282e+00
-1.575154027118176980e+00
-1.362767602622350083e+00
-1.128508529289367512e+00
-8.887439892463405711e-01
-6.604103165046666390e-01
-4.594887349260310394e-01
-2.995321076926568127e-01
-1.904078527896777007e-01
-1.374026452494476191e-01
-1.407951830067137866e-01
-1.959484594308771310e-01
-2.939096315385557601e-01
-4.224424468525105891e-01
-5.673635170798911886e-01
-7.140176584859179165e-01
-8.487146495627786447e-01
-9.599619927061933122e-01
-1.039363355609844719e+00
-5.732364092456792015e-01
-7.502231235157093003e-01
-9.382119733032239228e-01
-1.128722127249517815e+00
-1.311569547447508866e+00
-1.475524948220961807e+00
-1.609189115308522045e+00
-1.702015038915943634e+00
-1.745378240610707232e+00
-1.733578465797087631e+00
-1.664651093787365532e+00
-1.540877106636486804e+00
-1.368906213516635884e+00
-1.159446635818445204e+00
-9.265230858558844984e-01
-6.863560611554830881e-01
-4.559642521286233485e-01
-2.516310052487386595e-01
-8.739950995848275173e-02
2.623458222834747916e-02
8.328190966916079740e-02
8.275631738301079954e-02
2.865103743591976976e-02
-7.060106544034272513e-02
-2.031140861337736858e-01
-3.548579096175007996e-01
-5.111263695924821437e-01
-6.579865955289749824e-01
-7.835414699228999691e-01
-8.788704880946761611e-01
-3.723332690286009772e-01
-5.294171031018432005e-01
-6.996188814746063800e-01
-8.751743067735592296e-01
-1.046481621555609642e+00
-1.202703246638845425e+00
-1.332597902458274142e+00
-1.425518212552254305e+00
-1.472479013744453225e+00
-1.467181135495723598e+00
-1.406868043807745439e+00
-1.292900692751350000e+00
-1.130959446761981457e+00
-9.308191791937697745e-01
-7.056907809557910749e-01
-4.711738803438364487e-01
-2.439151217173685104e-01
-4.010717778653662136e-02
1.260102758265337353e-01
2.434796199688761265e-01
3.056310384861875562e-01
3.106469311589843407e-01
2.616191049695590909e-01
1.660951388375294102e-01
3.517412994796157572e-02
-1.177319325614050866e-01
-2.783151044555061127e-01
-4.327931402508606307e-01
-5.691695251790327426e-01
-6.781959738224762058e-01
-1.604325602268340256e-01
-2.943539868577026986e-01
-4.434219458267891767e-01
-6.008024214809011276e-01
-7.577208878690330218e-01
-9.039887282349756692e-01
-1.028768623854396713e+00
-1.121521595154353346e+00
-1.173047521007415162e+00
-1.176508563544469643e+00
-1.128314953690369826e+00
-1.028757540000065918e+00
-8.822919553569421591e-01
-6.974137058845948367e-01
-4.861084189739275918e-01
-2.629117213415166909e-01
-4.366247697912436360e-02
1.559252191467259130e-01
3.217179105722094423e-01
4.424834855009253110e-01
5.109248089396296599e-01
5.243058502125708120e-01
4.845982910872834726e-01
3.981357510724627957e-01
2.748244521548722785e-01
1.270143791188435289e-01
-3.182451420631780131e-02
-1.884568564459609963e-01
-3.311069351496532254e-01
-4.504204739516020073e-01
4.667616956748012191e-02
-6.260474133694610144e-02
-1.888524611916477247e-01
-3.263130403276381930e-01
-4.672263941478320692e-01
-6.022634440389812438e-01
-7.212055215887116510e-01
-8.138180661608204192e-01
-8.708393986425436717e-01
-8.849814605991925820e-01
-8.518269352432038533e-01
-7.705088379141253885e-01
-6.440753996845758333e-01
-4.794737644533283438e-01
-2.871275892774812766e-01
-8.013130400017280663e-02
1.268683859927050017e-01
3.189915610718653260e-01
4.825031164683748486e-01
6.060956840211052521e-01
6.819304715683944806e-01
7.063157281294962786e-01
6.799459202744775332e-01
6.076792003111828322e-01
4.978887881499769463e-01
3.614770285922153104e-01
2.106811887288811413e-01
5.782150582896712632e-02
-8.585839089156577231e-02
-2.111301176159768866e-01
2.341315093913475254e-01
1.491815991676220809e-01
4.576809377969351389e-02
-7.151121032495412477e-02
-1.960282877871862839e-01
-3.194645947386715035e-01
-4.323909226832627350e-01
-5.250498282167904707e-01
-5.882721536107700100e-01
-6.144343045014686311e-01
-5.983482440638741018e-01
-5.379744938187556169e-01
-4.348610420830706924e-01
-2.942372853902172625e-01
-1.247293832233329763e-01
6.229256396073391822e-02
2.536797574100579933e-01
4.356859462310944675e-01
5.952380406722190820e-01
7.211543611952138111e-01
8.051716593071542860e-01
8.426632895089565256e-01
8.329682534573983332e-01
7.792994534469648293e-01
6.882526085094931023e-01
5.689871791736417217e-01
4.321899038717685881e-01
2.889543662216425557e-01
1.497132578655881729e-01
2.334381792748291273e-02
3.897519152792221497e-01
3.272423719301339462e-01
2.451932043264902772e-01
1.470450995858786081e-01
3.824997135783259061e-02
-7.396949953655319876e-02
-1.810930720851642584e-01
-2.739821135619756043e-01
-3.437080546093341793e-01
-3.824482539414404969e-01
-3.843508666203634960e-01
-3.462654527462986631e-01
-2.682444082800054530e-01
-1.537416228503991622e-01
-9.467039192602794834e-03
1.551046508100671073e-01
3.285309635332416267e-01
4.984251402140950082e-01
6.525967492469857412e-01
7.801825769908605768e-01
8.726397022070213616e-01
9.244881635815735965e-01
9.337213312848212654e-01
9.018439892397324131e-01
8.335453654040645421e-01
7.360600508350931825e-01
6.183071724952672321e-01
4.899218533141480036e-01
3.602996907556477169e-01
2.377643457928236281e-01
5.053399334184297542e-01
4.621747922255074470e-01
3.988836953795807938e-01
3.178177858387100096e-01
2.232784756001453541e-01
1.213719808097370872e-01
1.964329895521138916e-02
-7.349407496589596689e-02
-1.494881665021550732e-01
-2.004688128255046053e-01
-2.200709387027224850e-01
-2.041658364764400713e-01
-1.514096755655991722e-01
-6.353476925331066893e-02
5.466394520522356582e-02
1.956602168634950789e-01
3.498206585657892553e-01
5.062604787791293859e-01
6.538395819779563301e-01
7.821888280373286984e-01
8.826510797273989795e-01
9.490315242796401041e-01
9.780756291569288052e-01
9.696278486337989166e-01
9.264649515483076581e-01
8.538386749880602089e-01
7.587973276152697455e-01
6.493799147401924099e-01
5.337861098254685910e-01
4.196201251595349513e-01
5.773457358868507860e-01
5.497002726194567535e-01
5.018655496137194305e-01
4.352260452786383405e-01
3.530173310351210625e-01
2.602661312686435635e-01
1.635260341583007482e-01
7.041555160211872277e-02
-1.100872497927789240e-02
-7.298705498473756492e-02
-1.088242151477355479e-01
-1.136045376201852419e-01
-8.476939144563275241e-02
-2.248363632488764238e-02
7.026087592947741212e-02
1.878274092674146745e-01
3.223912745246575451e-01
4.646274706505475471e-01
6.045561902295610857e-01
7.324532459563835030e-01
8.397240056392039076e-01
9.196440251590136672e-01
9.678868283833472752e-01
9.827868998568454195e-01
9.653200219085648071e-01
9.188186600501764278e-01
8.484719906042588189e-01
7.606838065576990715e-01
6.623737716172183321e-01
5.603070994242728142e-01
6.068250376233985666e-01
5.906440964942716310e-01
5.547282480909265789e-01
4.996560065404083151e-01
4.277255402945204787e-01
3.429668958658115274e-01
2.509691142448564061e-01
1.585206997847246058e-01
7.308538172435567748e-02
2.157787480276805725e-03
-4.743772758802170669e-02
-7.023013505959491143e-02
-6.268893973265694808e-02
-2.364484496339624292e-02
4.551040386043522096e-02
1.408752508995822494e-01
2.563421193752264404e-01
3.841253720150875073e-01
5.154580246391693432e-01
6.413812950567892024e-01
7.535400028542571516e-01
8.448968541018611056e-01
9.102898464997066785e-01
9.467778821288715951e-01
9.537471966111691346e-01
9.327814138446079983e-01
8.873265420080658217e-01
8.222050038451751419e-01
7.430468180069013107e-01
6.557098003484316262e-01
-5.490978755622806240e-01
-7.124347225854359422e-01
-8.851745232902242799e-01
-1.059503634749292100e+00
-1.226111108404999817e+00
-1.374806345119301554e+00
-1.495333182323270726e+00
-1.578314062277092367e+00
-1.616232029916189639e+00
-1.604341590350952362e+00
-1.541395247084762499e+00
-1.430082695417711935e+00
-1.277104181404357330e+00
-1.092836513273446997e+00
-8.905958413223271641e-01
-6.855503233780497752e-01
-4.933819609931849870e-01
-3.288338400876125722e-01
-2.043010273343836558e-01
-1.286263052402881191e-01
-1.062439616496132916e-01
-1.367770583291681441e-01
-2.151401128790195461e-01
-3.321367800618888477e-01
-4.754796123388339568e-01
-6.311055635357724070e-01
-7.846248095795478328e-01
-9.227273956838701885e-01
-1.034384190953712146e+00
-1.111713464254116879e+00
-3.781908122660119220e-01
-5.257946977696326130e-01
-6.846088084507172544e-01
-8.472802480348644583e-01
-1.004819479463025633e+00
-1.147184210151097838e+00
-1.264075234654099544e+00
-1.345881041235180486e+00
-1.384679993655480779e+00
-1.375189830211089870e+00
-1.315547718123937004e+00
-1.207812327738403635e+00
-1.058102634044146395e+00
-8.763246542676097484e-01
-6.754833768577723774e-01
-4.706274061922257612e-01
-2.775219799257399034e-01
-1.111853807190644750e-01
1.555165420555172130e-02
9.329860213847990247e-02
1.170210344461894980e-01
8.650743290373377747e-02
6.327821850864171621e-03
-1.147120062403204493e-01
-2.645530398837155905e-01
-4.291793763044222665e-01
-5.940669688462522080e-01
-7.456080865756709031e-01
-8.723447591263522316e-01
-9.658778638779040859e-01
-1.890136488393854286e-01
-3.169555283029433790e-01
-4.578878308979192902e-01
-6.051442830043443077e-01
-7.503074428798048867e-01
-8.837390040472474784e-01
-9.953336664123672017e-01
-1.075438759121302823e+00
-1.115852237722688045e+00
-1.110790481986803968e+00
-1.057708379317693570e+00
-9.578599533024855228e-01
-8.165088758531628965e-01
-6.427330936032125130e-01
-4.488129920673153417e-01
-2.492428014389047597e-01
-5.945396559138428627e-02
1.056197721057994809e-01
2.329789618209918978e-01
3.128321730733561457e-01
3.395556800931092134e-01
3.122220880722101910e-01
2.346321200227954595e-01
1.148455225313637779e-01
-3.572935697872419575e-02
-2.035717254540715671e-01
-3.744547332248854832e-01
-5.348490423546254924e-01
-6.731579124323439078e-01
-7.806489002002250377e-01
3.940013880269866570e-03
-1.019906446520060239e-01
-2.225668098834475694e-01
-3.519883139584419895e-01
-4.826208039002113370e-01
-6.054558127542188917e-01
-7.108013380067647047e-01
-7.891524207575135730e-01
-8.321607251082826506e-01
-8.335991490767498124e-01
-7.902061174387979836e-01
-7.022971379791655977e-01
-5.740493551605501121e-01
-4.133970571614228873e-01
-2.315191876473347010e-01
-4.194892850540320184e-02
1.406158224821179303e-01
3.016804082406486787e-01
4.283504375618962801e-01
5.105978581651640091e-01
5.422461144355422702e-01
5.215550168840954459e-01
4.513337836095085986e-01
3.385696255029773116e-01
1.936209683112649071e-01
2.907980547287888906e-02
-1.415517091872469657e-01
-3.052057572746382230e-01
-4.504541135184836342e-01
-5.684409269797847664e-01
1.858352119738531094e-01
1.025314054534755687e-01
3.151306962885995315e-03
-1.074899119416710264e-01
-2.226964441803917782e-01
-3.342695972247493597e-01
-4.331178506985104426e-01
-5.100575028544926948e-01
-5.567314598928396752e-01
-5.665494518268282542e-01
-5.355392888858461209e-01
-4.629986422610700147e-01
-3.518514731854507360e-01
-2.086418834681452172e-01
-4.313803794675295789e-02
1.324346453896222686e-01
3.044644762224982815e-01
4.592203239606888476e-01
5.841759786168763124e-01
6.692404214888303393e-01
7.077486946853629446e-01
6.970941738792437725e-01
6.389261905334041591e-01
5.388915371100482243e-01
4.059567370754894600e-01
2.514014366158038305e-01
8.761373229445593158e-02
-7.316050385428471414e-02
-2.199632627249238082e-01
-3.440365573484800432e-01
3.433365979022784398e-01
2.816068867750016746e-01
2.026849671140730225e-01
1.103499344247568514e-01
1.026849944629631625e-02
-9.029382280365416680e-02
-1.829903632988347795e-01
-2.591077636811868201e-01
-3.104149870594243854e-01
-3.300595905094025895e-01
-3.134083159706131938e-01
-2.587258447428282260e-01
-1.675963286005117125e-01
-4.501671377971476484e-02
1.008733805403661393e-01
2.594174369547542769e-01
4.183707437380902450e-01
5.650385302689838740e-01
6.874993447589143880e-01
7.757737867599052706e-01
8.228010719019219765e-01
8.251069239190907956e-01
7.830837560465520042e-01
7.008531498811650939e-01
5.857343343264109770e-01
4.473927599383610842e-01
2.967823052868474032e-01
1.450171547451022946e-01
2.311748665454332885e-03
-1.228903655764898434e-01
4.662091468370999636e-01
4.235988096652301138e-01
3.630677325053370819e-01
2.873751831286265324e-01
2.011350999912385751e-01
1.106170588544400230e-01
2.332691138822521118e-02
-5.261084901473910003e-02
-1.092178655360349221e-01
-1.394975543519357819e-01
-1.382480940405425018e-01
-1.027531502307863637e-01
-3.325750480297741396e-02
6.684548087032375630e-02
1.911566711554380238e-01
3.307476329326517472e-01
4.749325728547794667e-01
6.122585672380076449e-01
7.316062000373224627e-01
8.232750203662201338e-01
8.799267154474644803e-01
8.972745232205778798e-01
8.744385863139987336e-01
8.139295968877225951e-01
7.212711443167787451e-01
6.043175315748791077e-01
4.723614593162436259e-01
3.351492242181789982e-01
2.019266651503121290e-01
8.062674772372649401e-02
5.484139747616876281e-01
5.214828502403604515e-01
4.763365377725991001e-01
4.147903625524893556e-01
3.404434971726067460e-01
2.585650746567988434e-01
1.757729720668244622e-01
9.951769418875397455e-02
3.741108211812081003e-02
-3.535740010694165061e-03
-1.768251211983735624e-02
-1.446758889856295666e-03
4.618088783749311338e-02
1.233663240837806763e-01
2.254540785388889079e-01
3.452955746529762227e-01
4.738596155695022905e-01
6.010647356638729732e-01
7.167429865465378969e-01
8.116255387506279284e-01
8.782353915149401224e-01
9.115827698596210560e-01
9.095834566972931245e-01
8.731561019359015408e-01
8.059963556934457429e-01
7.140672842106638996e-01
6.048806726483269003e-01
4.866672532347121605e-01
3.675423485164517889e-01
2.547661833277128918e-01
5.885369568823370923e-01
5.733527131985338698e-01
5.401088599742566165e-01
4.897989622086413308e-01
4.250960664506229225e-01
3.503147149664858073e-01
2.711822900413229931e-01
1.944233826866391956e-01
1.271859044322314336e-01
7.636130827535997367e-02
4.786999810290225310e-02
4.599369230668033659e-02
7.283703247822864713e-02
1.279902877056548205e-01
2.084443200655395623e-01
3.087802801996710755e-01
4.216233084681332843e-01
5.383161961507825222e-01
6.497401514215824792e-01
7.471897532625387806e-01
8.232010296642915392e-01
8.722369014990472014e-01
8.911525546167933243e-01
8.793921895985838955e-01
8.389038885030211112e-01
7.737957826199051148e-01
6.897888318688655263e-01
5.935445813992279440e-01
4.919570508684829591e-01
3.914953640919303646e-01
5.895206693719621249e-01
5.821485775791443995e-01
5.573062805929517305e-01
5.153173576904735986e-01
4.580531519238096871e-01
3.889580791302321705e-01
3.129035774504078105e-01
2.358669697487962846e-01
1.644539128625651103e-01
1.053052181369276141e-01
6.444741693158843876e-02
4.665856694531596988e-02
5.492425369329814733e-02
9.005245958881277768e-02
1.505002151037202196e-01
2.324413534017687466e-01
3.300761172514904973e-01
4.361535369063708201e-01
5.426505002402224331e-01
6.415311421806743075e-01
7.254996421627193381e-01
7.886604565485735296e-01
8.270124784666504913e-01
8.387259065207924857e-01
8.241794667669293251e-01
7.857667647031648661e-01
7.275092889407006602e-01
6.545357293814864086e-01
5.724997647187062277e-01
4.870099603613388117e-01
-3.486534588655051392e-01
-4.818272619133641133e-01
-6.253511640277382710e-01
-7.728975256852497200e-01
-9.167184223488761274e-01
-1.048152501016522020e+00
-1.158317020872764891e+00
-1.238930106701086720e+00
-1.283183422777641747e+00
-1.286568375373089435e+00
-1.247552872830888004e+00
-1.168012643297113407e+00
-1.053341507058143112e+00
-9.121973636201961000e-01
-7.558817379686371130e-01
-5.973957886397914807e-01
-4.502589670759121754e-01
-3.272119814020260087e-01
-2.389478214281963719e-01
-1.930191872281443732e-01
-1.930557372162967078e-01
-2.383908667913454682e-01
-3.241489019923822767e-01
-4.417859417709553149e-01
-5.800192501193675021e-01
-7.260298352740887085e-01
-8.667885220472970609e-01
-9.903429384793602797e-01
-1.086913441574995698e+00
-1.149678172307446733e+00
-1.749593701401523649e-01
-2.916349639277383554e-01
-4.203870443268687418e-01
-5.553723373597994062e-01
-6.891966590394613679e-01
-8.133874130868522512e-01
-9.190661179679922022e-01
-9.977691719932334502e-01
-1.042338199382014441e+00
-1.047781913290308342e+00
-1.012003093442986890e+00
-9.362893480743812447e-01
-8.254854554223969298e-01
-6.877969839398636598e-01
-5.342164025916061876e-01
-3.776092211863092962e-01
-2.315429419611132189e-01
-1.089794547887008858e-01
-2.097612256042515055e-02
2.445230502787455740e-02
2.317193610245197807e-02
-2.463823366632066428e-02
-1.145182514435637566e-01
-2.382225146752298683e-01
-3.846180999330297556e-01
-5.408735090307688065e-01
-6.937886594973865506e-01
-8.311018889269390364e-01
-9.426185340689574588e-01
-1.021036586729523465e+00
1.163045769393715803e-02
-8.537709693369369135e-02
-1.961215893589248471e-01
-3.154305675352981897e-01
-4.364738810178711015e-01
-5.511851147740538526e-01
-6.508942091452840639e-01
-7.271245502738514777e-01
-7.724794089804258856e-01
-7.815211330387643596e-01
-7.515358166426115982e-01
-6.830789148681544187e-01
-5.802143761071772987e-01
-4.503903115871463747e-01
-3.039350223817804397e-01
-1.532036606473783369e-01
-1.145199963930366299e-02
1.084466846973886622e-01
1.952987983276660289e-01
2.407494861135132391e-01
2.401620236917252071e-01
1.931064749830091465e-01
1.033935531840560335e-01
-2.135292814272083534e-02
-1.705318889352592793e-01
-3.317029167286463798e-01
-4.918819973017667380e-01
-6.388335954398290939e-01
-7.622040866118737767e-01
-8.543701894130664165e-01
1.966978128839564632e-01
1.209391500414843112e-01
2.994114641733474150e-02
-7.193501505246159555e-02
-1.785937801068314679e-01
-2.825619516460258218e-01
-3.755633438143345382e-01
-4.492713413041308224e-01
-4.961700047560770876e-01
-5.104311931166878313e-01
-4.887022024967453970e-01
-4.306985354267546806e-01
-3.395108530391068302e-01
-2.215632185098746765e-01
-8.619871309524665404e-02
5.508607764387206396e-02
1.896901218214442908e-01
3.051325663705596325e-01
3.903163592925523173e-01
4.366824084933793593e-01
4.391134646196689362e-01
3.964742112984626088e-01
3.117180819633490474e-01
1.915463649193621387e-01
4.566337232966458104e-02
-1.142759119072238039e-01
-2.758904029689367432e-01
-4.273153791408090818e-01
-5.583122098646253750e-01
-6.611201237324703106e-01
3.658805867020820668e-01
3.112642519714769462e-01
2.401543758368616110e-01
1.560177256434561455e-01
6.409731151381509173e-02
-2.887022681875216559e-02
-1.151570236204784575e-01
-1.867340589753404001e-01
-2.360871790185284369e-01
-2.570729573900176201e-01
-2.457132256550023652e-01
-2.008244448727939391e-01
-1.243893772064843944e-01
-2.160339140063981256e-02
9.943612968280407527e-02
2.283855435655713084e-01
3.535992130252408883e-01
4.632652426377683041e-01
5.466058208474604552e-01
5.950010046547872244e-01
6.028990646040930379e-01
5.683998214626090340e-01
4.934372988731656751e-01
3.835392706945164876e-01
2.471965736074995257e-01
9.492606809219132635e-02
-6.185004133429355261e-02
-2.119652313502650154e-01
-3.455674408233586625e-01
-4.549544244765195145e-01
5.066669878421223849e-01
4.715148837535804160e-01
4.189425558612519529e-01
3.515011462568450873e-01
2.735224872873595059e-01
1.909150726538459963e-01
1.107433822016886393e-01
4.061409682811541882e-02
-1.207809720605901652e-02
-4.096737107019017554e-02
-4.150171385027788540e-02
-1.159603451923705772e-02
4.793869867187568884e-02
1.332612776776136709e-01
2.376995616431399339e-01
3.522816509579421163e-01
4.665545507116414803e-01
5.696064292403233420e-01
6.511781325844167023e-01
7.027331785728334612e-01
7.183562243447250140e-01
6.953687787857372182e-01
6.345857774319743072e-01
5.401829677256630990e-01
4.191962148367112118e-01
2.807221249373642036e-01
1.349273286088294999e-01
-8.004505578182788406e-03
-1.388565248679954067e-01
-2.501789229900479583e-01
6.099081932465416633e-01
5.912773643563866699e-01
5.546873667481425629e-01
5.018120083258130748e-01
4.360725217386864916e-01
3.625114819936409161e-01
2.874580265592925898e-01
2.179991988443696904e-01
1.613002988447136687e-01
1.238422224873649002e-01
1.106619106842840483e-01
1.246899309622988838e-01
1.662748564060777534e-01
2.329671075469634811e-01
3.196067116327953039e-01
4.187231707614218479e-01
5.212158776574438157e-01
6.172456810494555413e-01
6.972377974308960891e-01
7.528780935985319722e-01
7.779821089325151817e-01
7.691301690109142442e-01
7.259911654472491760e-01
6.512981669933284312e-01
5.504851207303209648e-01
4.310385410312902454e-01
3.016543827669220801e-01
1.713126729498192780e-01
4.838769520683283698e-02
-6.010069164969910477e-02
6.707978714665812081e-01
6.649226028375231357e-01
6.409716333207942096e-01
5.998304218622859674e-01
5.440629490713878580e-01
4.778582180013307701e-01
4.067802897423811181e-01
3.373283704161101904e-01
2.763398372267052983e-01
2.302936394303997936e-01
2.045904356722440531e-01
2.028958728600400441e-01
2.266323873395555411e-01
2.746921010212186598e-01
3.434197514217532943e-01
4.268827399211817530e-01
5.174092910225628339e-01
6.063402623632828670e-01
6.849104349750958498e-01
7.451557205695380492e-01
7.807369426575485605e-01
7.875800786149825816e-01
7.642562275343083300e-01
7.120589626342843648e-01
6.347771306916238920e-01
5.382014581830159017e-01
4.294373132569992424e-01
3.161184669020810634e-01
2.056244732881488957e-01
1.043966845591447756e-01
6.891734925534210854e-01
6.919674015633716646e-01
6.769969399868829285e-01
6.444853654857515268e-01
5.962341439063946202e-01
5.356327939309013519e-01
4.674880007964860029e-01
3.976710914959038501e-01
3.326071615937440940e-01
2.786525820759911398e-01
2.414267610162436906e-01
2.251757268025787739e-01
2.322470551424413721e-01
2.627468806452611383e-01
3.144307273742927844e-01
3.828527061774382179e-01
4.617656341589501112e-01
5.437321228706477605e-01
6.208782779214510050e-01
6.857016238410008624e-01
7.318364460070694300e-01
7.546845395304850879e-01
7.518370062673175314e-01
7.232408457226709997e-01
6.710985115728267392e-01
5.995241229755905454e-01
5.140111750414874114e-01
4.207886659227175752e-01
3.261524133241890944e-01
2.358549800419147413e-01
6.691281071040047213e-01
6.766662974223693894e-01
6.671551602234282452e-01
6.403030415703018230e-01
5.972707245163830780e-01
5.407326786805691787e-01
4.747758554920195051e-01
4.046289313892270090e-01
3.362365796678065122e-01
2.757151994486826130e-01
2.287453391453724838e-01
1.999688254812008181e-01
1.924630415894728608e-01
2.073596683905371552e-01
2.436606266162293366e-01
2.982814442337429206e-01
3.663245917347554559e-01
4.415561563653851440e-01
5.170326591781947423e-01
5.858047601681799499e-01
6.416141449005474673e-01
6.795007986494712160e-01
6.962502159515628897e-01
6.906321467135289049e-01
6.634109588987029404e-01
6.171382559305786941e-01
5.557663419616171163e-01
4.841422759420483946e-01
4.074536140525688022e-01
3.306972679865435305e-01
-1.874298708453798756e-01
-2.926521560223626639e-01
-4.087988627523178597e-01
-5.310985938557102326e-01
-6.534843519844519832e-01
-7.689760916634439392e-01
-8.702295382172571259e-01
-9.502095849350427059e-01
-1.002924003690768950e+00
-1.024136577352562805e+00
-1.011971186789110577e+00
-9.673219564091075640e-01
-8.939999782038630105e-01
-7.985734751869724146e-01
-6.898929748392496064e-01
-5.783321502377861689e-01
-4.748134398449532223e-01
-3.897199514648811425e-01
-3.318163980149854697e-01
-3.073079427141961473e-01
-3.191547686453287680e-01
-3.667322830505960196e-01
-4.458851218189900933e-01
-5.493729696427422926e-01
-6.676548337044541093e-01
-7.899136198205132242e-01
-9.051917684969232880e-01
-1.003496381421528305e+00
-1.076740700274176010e+00
-1.119416434913182767e+00
-4.831472235870964971e-03
-9.265301196036695996e-02
-1.932026452027079122e-01
-3.022292921384901465e-01
-4.140558792261996301e-01
-5.219263028182224984e-01
-6.185334619928696265e-01
-6.966898402628981524e-01
-7.500774926657307606e-01
-7.739953748253287635e-01
-7.660121458879040057e-01
-7.264342903961487075e-01
-6.585135930274184091e-01
-5.683439193606016904e-01
-4.644324149156953685e-01
-3.569705899725374998e-01
-2.568711353999010849e-01
-1.746710389979949651e-01
-1.194252434865304413e-01
-9.772342742853176722e-02
-1.129531297011844015e-01
-1.649055086567192130e-01
-2.497784135736831335e-01
-3.605805856627040118e-01
-4.878879972439902346e-01
-6.208566187689310567e-01
-7.483626707750492546e-01
-8.601270472755193630e-01
-9.476873626082942259e-01
-1.005107629482693055e+00
1.884854905695614313e-01
1.207075120265669183e-01
3.846844160560233122e-02
-5.465094026823936330e-02
-1.535336640992780444e-01
-2.518245074239020553e-01
-3.424206764232113898e-01
-4.181213992577402783e-01
-4.723763625808842237e-01
-5.000519354629379132e-01
-4.981220517243924450e-01
-4.661901495312688049e-01
-4.067609285419949705e-01
-3.252053628021984721e-01
-2.293970647139101371e-01
-1.290387492122210544e-01
-3.473898800020835953e-02
4.306413104480480425e-02
9.521001373119272748e-02
1.148201460072587193e-01
9.807428022035567794e-02
4.465727119847952287e-02
-4.218411516209465140e-02
-1.559848638478580074e-01
-2.877633221217394954e-01
-4.269906130601449634e-01
-5.627029372597607271e-01
-6.846155230701743699e-01
-7.841016354205732064e-01
-8.549246111669570602e-01
3.779463738773385373e-01
3.312680563491430252e-01
2.685622139290697596e-01
1.926351399960632982e-01
1.079129113644005239e-01
2.020295203925517175e-02
-6.374495314003086888e-02
-1.368503079313049819e-01
-1.924310250756182117e-01
-2.249721238282713642e-01
-2.308418618425676638e-01
-2.088602943868663186e-01
-1.606352817567976432e-01
-9.060363917945914169e-02
-5.748340025996207144e-03
8.499736617726311172e-02
1.716064894428814824e-01
2.439856632577130091e-01
2.930559751391811352e-01
3.117569184413920835e-01
2.958475653239099334e-01
2.444013510351700502e-01
1.599286415489194479e-01
4.810954741463720902e-02
-8.282873245076002866e-02
-2.230083045516951246e-01
-3.619533782134813915e-01
-4.896640506416335414e-01
-5.975778611168194310e-01
-6.793076393303492111e-01
5.491066981599435071e-01
5.229278676189195174e-01
4.794154391421034944e-01
4.205516448493495929e-01
3.499904062470534649e-01
2.728849702110315856e-01
1.955115793161656124e-01
1.247102278775656381e-01
6.719131601195099668e-02
2.878096641378297127e-02
1.369396393389444438e-02
2.392859422705550035e-02
5.887032871750984275e-02
1.151712782483699932e-01
1.869414164994052108e-01
2.662492889450712164e-01
3.438891676948079845e-01
4.103340419906482128e-01
4.567650898866973397e-01
4.760531259862766373e-01
4.635690294802236044e-01
4.177190410567014345e-01
3.401351085451177481e-01
2.354956086065524701e-01
1.110012200196073689e-01
-2.442307823461394717e-02
-1.610932242500344724e-01
-2.895723130787716260e-01
-4.015912243399462622e-01
-4.907752868505961263e-01
6.894333224830104800e-01
6.816366259706565511e-01
6.555431002699092513e-01
6.123184411820113970e-01
5.548169881252715818e-01
4.874775946113254488e-01
4.160167391442573526e-01
3.469326494724772614e-01
2.868617831943217067e-01
2.418536641608470539e-01
2.166478598294346303e-01
2.140445543666662509e-01
2.344557339180833311e-01
2.757070982245242163e-01
3.331328939712151493e-01
3.999701002139966488e-01
4.680193460420775664e-01
5.285029956171943821e-01
5.730214771588069134e-01
5.944919026566305442e-01
5.879515213038006838e-01
5.511235779218818243e-01
4.846731741810706984e-01
3.921217387359882678e-01
2.794347137192021435e-01
1.543410208636363801e-01
2.547788905743657295e-02
-9.852478874799243391e-02
-2.099033023746835203e-01
-3.024593116514432412e-01
7.898073017936296791e-01
7.970808470331122164e-01
7.854997679659889709e-01
7.554738105769986944e-01
7.090822652289097139e-01
6.500357997675600963e-01
5.834412823675173554e-01
5.153761188312520058e-01
4.523053739219343727e-01
4.003997144174511469e-01
3.648311281619618374e-01
3.491331450799591285e-01
3.547107423018622252e-01
3.805716071298991809e-01
4.233260274039045146e-01
4.774701251894384324e-01
5.359305846254207584e-01
5.908134667932573025e-01
6.342703652740981912e-01
6.593766570051728948e-01
6.609122046688941099e-01
6.359458395211283754e-01
5.841502183111266788e-01
5.078097903459681817e-01
4.115263148679049188e-01
3.016672378686788281e-01
1.856358780653740992e-01
7.106354489884386672e-02
-3.497068808885059332e-02
-1.265971849804847227e-01
8.455002113768154137e-01
8.637881003407821279e-01
8.631050111842073491e-01
8.432086694843468067e-01
8.054723702566779497e-01
7.529065184080880879e-01
6.899930705751767812e-01
6.223326342203046035e-01
5.561293209389348569e-01
4.975627345774368271e-01
4.521159939194798749e-01
4.239401808653265324e-01
4.153367776644227849e-01
4.264295992016539083e-01
4.550771269719837697e-01
4.970472975789076431e-01
5.464433418962589828e-01
5.963357746089472666e-01
6.395269471293365537e-01
6.693551115721241285e-01
6.804379516405163475e-01
6.692625089123769300e-01
6.345487379078720291e-01
5.773447780111071737e-01
5.008488558699126791e-01
4.099898617854332850e-01
3.108302821968478291e-01
2.098764271539252657e-01
1.133886814716799363e-01
2.677811962894169340e-02
8.564793262964371934e-01
8.814854884805304325e-01
8.878513399652423477e-01
8.748161422404088228e-01
8.431492138857881180e-01
7.952217834624950576e-01
7.349051759578051346e-01
6.672891788221799736e-01
5.982378852287533189e-01
5.338235535303029744e-01
4.796985877828711109e-01
4.404784763828385463e-01
4.192120794418815466e-01
4.170089027693353878e-01
4.328762662221887769e-01
4.637943880922419382e-01
5.050274960964340476e-01
5.506381908134851955e-01
5.941448451467676861e-01
6.292419492648740897e-01
6.504941767013401321e-01
6.539182087202961569e-01
6.373817909261111359e-01
6.007749508477994160e-01
5.459399570577496696e-01
4.763795592263567746e-01
3.967921803525471525e-01
3.125035674261243401e-01
2.288739487846917775e-01
1.507570095878800753e-01
8.270278487512842114e-01
8.546947986571081790e-01
8.644738773818345656e-01
8.552335283658987208e-01
8.272603617669359588e-01
7.823698873447684221e-01
7.238596994993611311e-01
6.562941854073214287e-01
5.851310234686832867e-01
5.162214559680242676e-01
4.552353921950964000e-01
4.070758409621100804e-01
3.753526525851693663e-01
3.619817838895540429e-01
3.669632958502258568e-01
3.883704261042565387e-01
4.225559529324907082e-01
4.645541950229810091e-01
5.086313081101951905e-01
5.489168248410226658e-01
5.800386639751163864e-01
5.976838632434213761e-01
5.990182040273490660e-01
5.829181231334403801e-01
5.499947659097201846e-01
5.024186171429684267e-01
4.435794077608679054e-01
3.776359361420539851e-01
3.090212186002450068e-01
2.419688024622800304e-01
-8.470993784333633037e-02
-1.655448472065525478e-01
-2.567801024697659029e-01
-3.550343500546255804e-01
-4.558168933738389050e-01
-5.537936864530883518e-01
-6.431935216895645624e-01
-7.183257116274485155e-01
-7.741612841123062250e-01
-8.069145625915110642e-01
-8.145537308538035592e-01
-7.971696042983560382e-01
-7.571422744310349895e-01
-6.990651486496870515e-01
-6.294133489572744100e-01
-5.559753394548845318e-01
-4.870989195434988206e-01
-4.308307592876612357e-01
-3.940480303844260401e-01
-3.816878249641812437e-01
-3.961729096308752585e-01
-4.371109312043830464e-01
-5.013107438664654580e-01
-5.831184594093099527e-01
-6.750330893827958256e-01
-7.685238420634149525e-01
-8.549443393513993517e-01
-9.264276507973203678e-01
-9.766519665174253628e-01
-1.001388819115559992e+00
1.073174946700138632e-01
4.463349837571939371e-02
-3.037162344177923162e-02
-1.148675517573612276e-01
-2.047818456992888669e-01
-2.950295086784419096e-01
-3.798976416620333807e-01
-4.535595636596417846e-01
-5.106714546666389909e-01
-5.469871714416589814e-01
-5.599164479580374110e-01
-5.489505346196339453e-01
-5.158886218063549745e-01
-4.648178791019471623e-01
-4.018278473744834045e-01
-3.344730643740055909e-01
-2.710319196073583958e-01
-2.196399910339724704e-01
-1.873977910735962205e-01
-1.795620694031836995e-01
-1.989242729295269685e-01
-2.454592468845737119e-01
-3.162939406147554089e-01
-4.060041569916056359e-01
-5.072033262566649769e-01
-6.113476920583237328e-01
-7.096535172980258377e-01
-7.940086572069311455e-01
-8.577652279717663530e-01
-8.963211845684668777e-01
3.106974902130129057e-01
2.684923280921424071e-01
2.120826805118773972e-01
1.436274622353657382e-01
6.664614786613576314e-02
-1.416390453636080099e-02
-9.327779232762045680e-02
-1.648396746647348143e-01
-2.232612155705882007e-01
-2.638579516182812945e-01
-2.834470513114053514e-01
-2.808267595603868849e-01
-2.570655106450779326e-01
-2.155471839371036480e-01
-1.617466084236507395e-01
-1.027430380787589526e-01
-4.651459191165985274e-02
-1.088609995536229773e-03
2.635340349784363878e-02
3.030620657071902632e-02
7.600103696650820778e-03
-4.219855513485647192e-02
-1.167010808437075053e-01
-2.109384792238206408e-01
-3.179015928257243884e-01
-4.293085920856953841e-01
-5.364987988962052201e-01
-6.313367534055729369e-01
-7.070129087370710108e-01
-7.586466698319563884e-01
5.107544107490066265e-01
4.897958785353028199e-01
4.528901727123386678e-01
4.014494817089734324e-01
3.383439058372972319e-01
2.677732951429206976e-01
1.949619427667284854e-01
1.256923943315862713e-01
6.571893899243290427e-02
2.012259874672427118e-02
-7.315874643125249224e-03
-1.464317262562903760e-02
-2.084673880558600857e-03
2.783942317039181380e-02
7.046563920858069097e-02
1.194056987661314684e-01
1.671955730221260095e-01
2.061056528698978763e-01
2.290172296650072048e-01
2.302569821218248824e-01
2.062823744554272976e-01
1.561274385413490839e-01
8.154861687514977642e-02
-1.314985714455299548e-02
-1.215880087797002740e-01
-2.360159864210701897e-01
-3.481589819550953702e-01
-4.500897454868354464e-01
-5.350175392503073724e-01
-5.978992926835972055e-01
6.927431817270923720e-01
6.921750215706744536e-01
6.741616681683657575e-01
6.393453242687403559e-01
5.898964867000082712e-01
5.294443584794668034e-01
4.628243387006830689e-01
3.956531277674968372e-01
3.337670341819374276e-01
2.825816699779803431e-01
2.464477465470016893e-01
2.280851274098106840e-01
2.281737833556747863e-01
2.451654398518649802e-01
2.753547694533955981e-01
3.132168129981597882e-01
3.519820518260700082e-01
3.843871154272243684e-01
4.035125099339117449e-01
4.036033407281334195e-01
3.807677119455992742e-01
3.334612394921367406e-01
2.626934992111360501e-01
1.719295520497036156e-01
6.670143801433833786e-02
-4.601574914051208970e-02
-1.585772099581644612e-01
-2.634871617944882782e-01
-3.541568977502456139e-01
-4.255101334261661705e-01
8.436211468789673873e-01
8.610998146232011763e-01
8.599745005862529101e-01
8.401472623614748558e-01
8.030874253717362743e-01
7.518207238204349663e-01
6.907338271584455569e-01
6.251988517668533030e-01
5.610476737406114855e-01
5.039493009019357928e-01
4.587615597283586366e-01
4.289377840464674296e-01
4.160679976960633963e-01
4.196216426416611855e-01
4.369362206134012050e-01
4.634658773368265927e-01
4.932698625538915471e-01
5.196876720891976387e-01
5.361204218724729964e-01
5.368209545430676632e-01
5.175913801226805777e-01
4.762973597516652058e-01
4.131323898719111432e-01
3.305993650410010698e-01
2.332157385826282292e-01
1.269866111333736169e-01
1.872104316104902799e-02
-8.471407832056149223e-02
-1.771040218176358760e-01
-2.534721829933812010e-01
9.535836958496716198e-01
9.855928974567166323e-01
9.982538622299921283e-01
9.908064405128980123e-01
9.640627831227245315e-01
9.204515493074696408e-01
8.638800033981588467e-01
7.994128329272978117e-01
7.327913178628491231e-01
6.698402009678758873e-01
6.158286250421433072e-01
5.748626459307675240e-01
5.493879054795232086e-01
5.398712197618773523e-01
5.447098300729467102e-01
5.603891497369932750e-01
5.818775986914102027e-01
6.032149903402994617e-01
6.182236110165451048e-01
6.212528484108589266e-01
6.078620690298958129e-01
5.753537779038229161e-01
5.230892111931397803e-01
4.525486282722162579e-01
3.671341754402983049e-01
2.717487587071937272e-01
1.722142786422753702e-01
7.461216622248434405e-02
-1.536446469212486565e-02
-9.296510614650399518e-02
1.017113999755822062e+00
1.059404788790350826e+00
1.082065599308387416e+00
1.083789957627676381e+00
1.064814426521277113e+00
1.027010899556836776e+00
9.738033097137321903e-01
9.099023459137932646e-01
8.408755914315447777e-01
7.725939186442204454e-01
7.106144916337520101e-01
6.595732020300533183e-01
6.226625193824800730e-01
6.012635525995908559e-01
5.947840395103577427e-01
6.007289333609000526e-01
6.150004410808995736e-01
6.323938662569774660e-01
6.472288122767394514e-01
6.540362632827092515e-01
6.482138473881433605e-01
6.265657233918636715e-01
5.876596648298066938e-01
5.319597653958960670e-01
4.617248481725219067e-01
3.806951971642944521e-01
2.936185279807699278e-01
2.056857866368691778e-01
1.219555525947762786e-01
4.684171497820405206e-02
1.033391368910069552e+00
1.081476999014685969e+00
1.110128975353658509e+00
1.117634679945352039e+00
1.103762833637193630e+00
1.069894401737736311e+00
1.018988025570376710e+00
9.553691538329505129e-01
8.843544008583146265e-01
8.117452279165411344e-01
7.432445227617177075e-01
6.838630024378302696e-01
6.373872912558409265e-01
6.059768618009322427e-01
5.899429544815127935e-01
5.877406795149127117e-01
5.961785450347242277e-01
6.108213064037488760e-01
6.265363221033060093e-01
6.381143329689444865e-01
6.408857307972521955e-01
6.312545869546435373e-01
6.070849382716470011e-01
5.678953007183721313e-01
5.148448123726313552e-01
4.505235087511557657e-01
3.785854445465835494e-01
3.032826659885420328e-01
2.289676332197783659e-01
1.596305650010330923e-01
1.006026173024517911e+00
1.055656483403926593e+00
1.086509263719749541e+00
1.096615165429810634e+00
1.085395934390616102e+00
1.053822983328882135e+00
1.004423536375010251e+00
9.411201193749563210e-01
8.689096614578104560e-01
7.934097033341079852e-01
7.203181282665740426e-01
6.548465687512876610e-01
6.011939438358873122e-01
5.621241837765100779e-01
5.387010503139557649e-01
5.302142836178155294e-01
5.343074669435649016e-01
5.472922079937715401e-01
5.646091068097092158e-01
5.813770059097816967e-01
5.929610275342918069e-01
5.954885881920057855e-01
5.862511831348359292e-01
5.639469491150356228e-01
5.287421631725698346e-01
4.821552841174815418e-01
4.267909152051638233e-01
3.659695365581941973e-01
3.033093924411793818e-01
2.423183371139496778e-01
-3.646114556946498941e-02
-9.645848020505268239e-02
-1.650448229760759777e-01
-2.399348236439612647e-01
-3.179735986157857797e-01
-3.953079197905382536e-01
-4.676667116047628081e-01
-5.307331800409413880e-01
-5.805756122754205384e-01
-6.140911099463941536e-01
-6.294085127240545141e-01
-6.261953397622759265e-01
-6.058197493179861004e-01
-5.713322873112983702e-01
-5.272524142996781737e-01
-4.791692143119040681e-01
-4.331911570346915208e-01
-3.953026584522384423e-01
-3.707018225483065810e-01
-3.632010998150215220e-01
-3.747687834729354628e-01
-4.052740130996335122e-01
-4.524728381958657564e-01
-5.122412345045177506e-01
-5.790274124897297758e-01
-6.464655532879849398e-01
-7.080711693341885660e-01
-7.579282717879981535e-01
-7.912820890647684902e-01
-8.049674985731205545e-01
1.581694155089315990e-01
1.164496348159561045e-01
6.418777804211731053e-02
3.112610409587497629e-03
-6.404655870926564964e-02
-1.336953281553808215e-01
-2.016334838565610466e-01
-2.634233008252040431e-01
-3.148348086632402065e-01
-3.523210426722055977e-01
-3.734662692489616465e-01
-3.773471033795752771e-01
-3.647515671196587261e-01
-3.382145986163272999e-01
-3.018491954950139888e-01
-2.609779455059377251e-01
-2.215968659270602659e-01
-1.897283720524866046e-01
-1.707389239037500617e-01
-1.687061474283866602e-01
-1.859178737120580627e-01
-2.225711432993473238e-01
-2.767142599896915134e-01
-3.444427749925810800e-01
-4.203255838743256145e-01
-4.980055458510549427e-01
-5.708953358125300470e-01
-6.328775209916653877e-01
-6.789200005676168104e-01
-7.055334109859041636e-01
3.661617614689262057e-01
3.448434183095933081e-01
3.110086793835770136e-01
2.657319956505378444e-01
2.112118900484017681e-01
1.506792254817022059e-01
8.816854975288199170e-02
2.816363253168217839e-02
-2.485268154717698921e-02
-6.689723785403180190e-02
-9.497481633410763402e-02
-1.074918427143723709e-01
-1.045353309272818998e-01
-8.796953074571739473e-02
-6.132335505721164814e-02
-2.946782797445434213e-02
1.888848614727650990e-03
2.683447982563312573e-02
3.993956390500585929e-02
3.691154707841875354e-02
1.513130093732987375e-02
-2.600053161855097467e-02
-8.495560414009435679e-02
-1.582247122379415449e-01
-2.407007406506639635e-01
-3.262463460378411950e-01
-4.083699431972929172e-01
-4.809202052743851707e-01
-5.387097379921718110e-01
-5.779925145449458235e-01
5.731952151760972836e-01
5.729159428632222273e-01
5.582317623801241746e-01
5.295079296163471838e-01
4.883429195786088695e-01
4.375257679243647058e-01
3.808455962502449443e-01
3.227601395985353339e-01
2.679505305683590466e-01
2.208083201329839595e-01
1.849147217113253916e-01
1.625788046819101607e-01
1.544991800510125135e-01
1.596021694413150283e-01
1.750894559311326759e-01
1.967020502791437808e-01
2.191784481938603979e-01
2.368571752278035847e-01
2.443517125757983244e-01
2.372127434087538678e-01
2.124912688086677826e-01
1.691272516394999037e-01
1.081109314880749628e-01
3.239476389861414146e-02
-5.343151085389843263e-02
-1.436572684658627419e-01
-2.320875095985272807e-01
-3.127132768356729597e-01
-3.803283424969684523e-01
-4.310164142358748895e-01
7.645463452454652753e-01
7.843865880908058585e-01
7.881316104805231593e-01
7.754312421631104346e-01
7.472567388647839426e-01
7.059093604147033130e-01
6.548731296012890724e-01
5.985139539177862789e-01
5.416487374220152473e-01
4.890282674838150045e-01
4.447933756842966102e-01
4.119724241203633897e-01
3.920877232343674135e-01
3.849284315316114924e-01
3.885286017729243091e-01
3.993634761231992236e-01
4.127481972834696755e-01
4.233948341906941248e-01
4.260602368554560204e-01
4.162024871839760665e-01
3.905602530227482716e-01
3.475782135656991789e-01
2.876220219916515441e-01
2.129552179090026809e-01
1.274837652028923407e-01
3.630627109179140194e-02
-5.486573139916529895e-02
-1.403369805361830147e-01
-2.150233078350361204e-01
-2.749376914235068803e-01
9.268075960138510982e-01
9.644074454998695645e-01
9.845267217615877309e-01
9.861425425577122761e-01
9.696151439592451959e-01
9.367464516776768946e-01
8.906782408122153605e-01
8.356273926670751973e-01
7.764777270580223156e-01
7.182690322962836937e-01
6.656410012180536961e-01
6.222999764342853624e-01
5.905777338832531864e-01
5.711432158379948776e-01
5.629107735835444659e-01
5.631640827532458093e-01
5.678866028537846722e-01
5.722611883813960576e-01
5.712773714925312163e-01
5.603686789369755061e-01
5.359968575246255584e-01
4.961062740070449895e-01
4.403894071699737123e-01
3.703307992045984931e-01
2.890280917615917766e-01
2.008199499599307158e-01
1.107768208426272022e-01
2.412745833182268484e-02
-5.430054602519424067e-02
-1.205548020735783821e-01
1.049434628963092031e+00
1.101280091394911897e+00
1.134654612716915700e+00
1.147949028172039476e+00
1.140968460127135042e+00
1.115036390471551453e+00
1.072937438259812248e+00
1.018691944242198666e+00
9.571774398572580056e-01
8.936336985482505879e-01
8.331060996428196752e-01
7.798935963706258301e-01
7.370705941524047233e-01
7.061455942983787537e-01
6.869039703929809004e-01
6.774594985919144552e-01
6.745121953133039749e-01
6.737823493939121278e-01
6.705663679164354241e-01
6.603428642677064975e-01
6.393500717770507213e-01
6.050595281413884141e-01
5.564856951397251228e-01
4.942946582090883556e-01
4.207037187009801116e-01
3.391930584796588599e-01
2.540760790848602402e-01
1.699925299074773466e-01
9.139558113902274128e-02
2.209988047148354895e-02
1.125875257647586114e+00
1.187708084517177465e+00
1.230538239997596817e+00
1.252290511310180765e+00
1.252302603567897910e+00
1.231467477887281614e+00
1.192217265059306808e+00
1.138337988332136952e+00
1.074625794525523315e+00
1.006416951933322146e+00
9.390423684372644075e-01
8.772699494845304091e-01
8.248026301232689317e-01
7.838953424487786759e-01
7.551407655514713602e-01
7.374529923064648829e-01
7.282529061409738214e-01
7.238325484959189371e-01
7.198518444879888900e-01
7.119032721438949274e-01
6.960711479756771514e-01
6.694136325406943033e-01
6.303072435595084011e-01
5.786138891721337441e-01
5.156560884540285494e-01
4.440131062360132552e-01
3.671749381816676872e-01
2.891087034009479639e-01
2.138004929583962876e-01
1.448341866100608388e-01
1.154112759434977598e+00
1.221399669746599415e+00
1.269641347108903195e+00
1.296437517768762815e+00
1.300767113508453754e+00
1.283159672566709819e+00
1.245714726897023672e+00
1.191955293629601398e+00
1.126522065398456007e+00
1.054735865803071437e+00
9.820743889836207607e-01
9.136223966048444556e-01
8.535602849425761862e-01
8.047531407073179599e-01
7.684911506549281235e-01
7.444138108851610092e-01
7.306271658943452874e-01
7.239984351098709414e-01
7.205893382717510898e-01
7.161715323358133212e-01
7.067574725639729216e-01
6.890792506320753130e-01
6.609566855801427554e-01
6.215128178899814726e-01
5.712173508883811035e-01
5.117629766866298446e-01
4.458020986946039654e-01
3.765887713453101027e-01
3.075802518580931788e-01
2.420533377666185815e-01
1.136567702145364844e+00
1.204959189948481280e+00
1.254746593593843773e+00
1.283352053117451153e+00
1.289513231865885956e+00
1.273473541536687792e+00
1.237029859999083659e+00
1.183421632131707035e+00
1.117064322202607762e+00
1.043150091658048284e+00
9.671564987845143735e-01
8.943173221649709514e-01
8.291162404625744831e-01
7.748628937808442751e-01
7.334017288944265633e-01
7.049880378992339214e-01
6.883447873802099881e-01
6.808909927916411142e-01
6.791106699914571943e-01
6.790138528655054184e-01
6.766303138871314626e-01
6.684740245111830959e-01
6.519223822004565072e-01
6.254678359693404133e-01
5.888186033684246201e-01
5.428466838738135181e-01
4.894019874953882132e-01
4.310279965867748198e-01
3.706246212222048531e-01
3.111066222872616027e-01
-2.329110547071850529e-02
-6.570771662308351468e-02
-1.140380878927009789e-01
-1.667799937924767939e-01
-2.218231254447303180e-01
-2.765521272994429514e-01
-3.280271834903552008e-01
-3.732326835737471704e-01
-4.093733741290506156e-01
-4.341875187434755534e-01
-4.462396682886614618e-01
-4.451531813902599999e-01
-4.317456232952421313e-01
-4.080388716419416917e-01
-3.771295652272066423e-01
-3.429229623234507640e-01
-3.097520928624245551e-01
-2.819215773853758766e-01
-2.632288362694443773e-01
-2.565221832541917379e-01
-2.633538709630154906e-01
-2.837761146980580240e-01
-3.163104463289073687e-01
-3.580977883896937497e-01
-4.052117963669514822e-01
-4.530952203637576559e-01
-4.970620350648280450e-01
-5.327997369077348555e-01
-5.568078965849035944e-01
-5.667203950775713261e-01
1.617986241060749009e-01
1.367642910788203214e-01
1.039853450797219581e-01
6.443941709684894437e-02
1.983319435702144556e-02
-2.746774554634685839e-02
-7.459995990010148681e-02
-1.184470869000333604e-01
-1.559488610113552165e-01
-1.844425435641448563e-01
-2.019964012344679927e-01
-2.076909702140889991e-01
-2.018059393419198710e-01
-1.858789376092295775e-01
-1.626167346472762454e-01
-1.356578078832008649e-01
-1.092055245825612614e-01
-8.757042488122936119e-02
-7.467524629637874167e-02
-7.358473915370976337e-02
-8.612217403428122642e-02
-1.126251717943005937e-01
-1.518759959149661998e-01
-2.012180784808119960e-01
-2.568447858028108932e-01
-3.142223342790949614e-01
-3.685902783044381348e-01
-4.154731742480762269e-01
-4.511374596006202387e-01
-4.729380401492533359e-01
3.619556640162608363e-01
3.562240020814561592e-01
3.408339281999501758e-01
3.161586119429123376e-01
2.834200946030733248e-01
2.446580052575362263e-01
2.025947194359610237e-01
1.604008167106380778e-01
1.213792831858788168e-01
8.860056952330042090e-02
6.453114007719203127e-02
5.070358481945921869e-02
4.747536489085606159e-02
5.391534511935806850e-02
6.784297612444248338e-02
8.602590149604548431e-02
1.045203430774016701e-01
1.191179016428332987e-01
1.258455949585574052e-01
1.214558826436584471e-01
1.038420856391966129e-01
7.232271801977135928e-02
2.775502789630741873e-02
-2.753877981231861449e-02
-9.002306125333314757e-02
-1.553434969172705626e-01
-2.188109178752965511e-01
-2.759087735645465167e-01
-3.227577919414286733e-01
-3.564805167148214493e-01
5.639551082872639176e-01
5.780986914315660030e-01
5.806898263468518451e-01
5.714559843185814669e-01
5.510855844360469380e-01
5.212392833112362567e-01
4.844463590002615616e-01
4.438865865491010698e-01
4.030740563178483171e-01
3.654747474381505601e-01
3.341019208035767019e-01
3.111403959748131332e-01
2.976510136647227966e-01
2.933994640052811631e-01
2.968396601646628996e-01
3.052625218236785232e-01
3.150988991233435454e-01
3.223435309293792850e-01
3.230486912339177730e-01
3.138245072337235708e-01
2.922799683687092309e-01
2.573452643424767317e-01
2.094316624328609322e-01
1.504075228575231793e-01
8.339488642377233807e-02
1.241628206037491411e-02
-5.805807000605957280e-02
-1.235999494886088623e-01
-1.802843916702675520e-01
-2.250646269879941486e-01
7.538612437199414540e-01
7.870260325273317203e-01
8.068766272427205788e-01
8.124971228965163217e-01
8.040301888858056856e-01
7.827318764832824627e-01
7.509022270008229860e-01
7.116884586119016642e-01
6.687747222614729425e-01
6.259892032499542180e-01
5.868731328113950818e-01
5.542647648370724323e-01
5.299529170538617162e-01
5.144485647376205728e-01
5.069096058495051738e-01
5.052348025437186640e-01
5.063205188372268406e-01
5.064513411125456388e-01
5.017763252478519842e-01
4.888095079212932959e-01
4.648886973547737833e-01
4.285314453727154804e-01
3.796410460967255540e-01
3.195364602484675465e-01
2.508050384396406929e-01
1.770018818510988023e-01
1.022406399888024786e-01
3.073417040950560120e-02
-3.365226943687840699e-02
-8.777813142503436417e-02
9.186121857913975841e-01
9.686065740591390805e-01
1.003768699254988128e+00
1.022585235305545126e+00
1.024678428709142608e+00
1.010902485554331154e+00
9.833091207905464426e-01
9.449755037027861571e-01
8.997058236105890394e-01
8.516355468653957761e-01
8.047824690658724744e-01
7.625984792044258054e-01
7.275787884632756164e-01
7.009804248924755843e-01
6.826893582342037359e-01
6.712571220779754988e-01
6.641056396123301564e-01
6.578761980167604495e-01
6.488784622457508533e-01
6.335811296046393037e-01
6.090796166399761180e-01
5.734791946047301803e-01
5.261439874975657460e-01
4.677815052429602494e-01
4.003559630045809836e-01
3.268478279249636964e-01
2.508979946670030214e-01
1.763894338843335352e-01
1.070249567354904646e-01
4.595631783968195938e-02
1.047501806598877039e+00
1.111040538266396815e+00
1.158571264523832411e+00
1.188068015986629700e+00
1.198691762060019927e+00
1.190923737195584753e+00
1.166564377531153163e+00
1.128587863484099119e+00
1.080860599999025728e+00
1.027750441097071255e+00
9.736693718438708123e-01
9.226032408163066245e-01
8.776861650238594326e-01
8.408735116418888378e-01
8.127560963741067290e-01
7.925407336957941418e-01
7.782007984764240938e-01
7.667779522304960516e-01
7.547958592049847093e-01
7.387315747990050863e-01
7.154826649374195213e-01
6.827692691317264195e-01
6.394201815673434819e-01
5.855091444133674328e-01
5.223292857880063034e-01
4.522165743583781983e-01
3.782536871868387718e-01
3.039006211267265001e-01
2.326055583840516972e-01
1.674481597639485841e-01
1.133325991849457592e+00
1.206391170101470678e+00
1.262690278314109182e+00
1.299799337180911341e+00
1.316503747712178818e+00
1.312961684180946387e+00
1.290732848415649059e+00
1.252659848364278572e+00
1.202607694476476308e+00
1.145085539263337227e+00
1.084791139996511555e+00
1.026130150092471771e+00
9.727673923639560405e-01
9.272647797865135599e-01
8.908506234167696824e-01
8.633488681302693424e-01
8.432764242821069178e-01
8.280949796715453282e-01
8.145835300158150716e-01
7.992822542245339168e-01
7.789495859735819927e-01
7.509737256436908037e-01
7.136875058294551710e-01
6.665502950012998085e-01
6.101801925731746845e-01
5.462410591051225506e-01
4.772086069369176897e-01
4.060548433019284809e-01
3.358984603802179780e-01
2.696693837037993369e-01
1.173023444478168198e+00
1.251287511309816747e+00
1.312489209457882389e+00
1.353939258870084039e+00
1.374150043021840295e+00
1.373020653919002187e+00
1.351890331875105877e+00
1.313445485616180797e+00
1.261483164225909670e+00
1.200552166761567285e+00
1.135509330998403676e+00
1.071040551680373376e+00
1.011201912414017690e+00
9.590349815898263630e-01
9.163018214188477506e-01
8.833706003183857680e-01
8.592637807036627162e-01
8.418602162887681706e-01
8.282229720187166411e-01
8.150090090278483412e-01
7.989072808517769797e-01
7.770496296821705062e-01
7.473444196975536080e-01
7.086951949169856269e-01
6.610838459137322598e-01
6.055171099804148582e-01
5.438537107336023357e-01
4.785442789553220888e-01
4.123252980502591925e-01
3.479106465709671525e-01
1.167736369190324197e+00
1.246985316321233439e+00
1.309345987251738119e+00
1.352001694692842149e+00
1.373300474827094497e+00
1.372952639695431243e+00
1.352102789205880562e+00
1.313260132140921188e+00
1.260087710598708721e+00
1.197068675750600386e+00
1.129083684652596009e+00
1.060945506665107008e+00
9.969432788316704430e-01
9.404485333509127187e-01
8.936280519795531951e-01
8.572956311853645595e-01
8.309176451858870660e-01
8.127681564148385718e-01
8.002108293432770303e-01
7.900695800955692683e-01
7.790398434888466950e-01
7.640889205788474747e-01
7.427974782338493398e-01
7.136042568357863214e-01
6.759307924296077408e-01
6.301801557682049637e-01
5.776207042628558330e-01
5.201801031242134776e-01
4.601844151053609000e-01
4.000807738884712417e-01
