-6.244838919309203540e-01
-8.120480528225001438e-01
-1.015261251894693739e+00
-1.225921812487573703e+00
-1.433997224931173875e+00
-1.628256635374049743e+00
-1.797108455332040444e+00
-1.929570561409827967e+00
-2.016277000848779810e+00
-2.050412469874669075e+00
-2.028466455498150633e+00
-1.950713363176548976e+00
-1.821351825014326575e+00
-1.648272633960711220e+00
-1.442466051273675554e+00
-1.217120561171922910e+00
-9.865013956328372302e-01
-7.647237549192379413e-01
-5.645491167293620327e-01
-3.963313921672922402e-01
-2.672228054875535053e-01
-1.807190398192352887e-01
-1.365830217814718861e-01
-1.311417906591638149e-01
-1.579071249233630625e-01
-2.084339061819299177e-01
-2.733056157639165429e-01
-3.431271676718728458e-01
-4.094124253809181546e-01
-4.652756152085816277e-01
-5.182300165306964468e-01
-6.998737981178372314e-01
-8.990804809594390434e-01
-1.107843957113601174e+00
-1.316192707550291940e+00
-1.512809238642232046e+00
-1.685868058033718642e+00
-1.824020285233613592e+00
-1.917427840981525966e+00
-1.958736012699280327e+00
-1.943872612025340230e+00
-1.872575605170546886e+00
-1.748577719443415335e+00
-1.579413056966166851e+00
-1.375852797037531383e+00
-1.151019510597349749e+00
-9.192672038626920061e-01
-6.949422329243104546e-01
-4.911550485819943801e-01
-3.186922407672725943e-01
-1.851823030623040434e-01
-9.459865051128965585e-02
-4.714328407266565879e-02
-3.950918840968804802e-02
-6.547503934460782715e-02
-1.167480971993146988e-01
-1.839454171900607171e-01
-2.575931372728975655e-01
-3.290296836436705230e-01
-3.911197691147165756e-01
-3.895334553226356133e-01
-5.601206710264760025e-01
-7.499760501853863781e-01
-9.515252307832737788e-01
-1.155128762619333394e+00
-1.349669684650963930e+00
-1.523368842596782846e+00
-1.664758782496462031e+00
-1.763720793426454492e+00
-1.812474212642928295e+00
-1.806405158251593646e+00
-1.744634245943733841e+00
-1.630248418426296642e+00
-1.470157815796444112e+00
-1.274580324254753982e+00
-1.056198955652281279e+00
-8.290752840794346490e-01
-6.074310378857638026e-01
-4.044259088582636275e-01
-2.310604991417907206e-01
-9.531871111544321096e-02
-1.635381097114828319e-03
4.926399227281458987e-02
6.014902043946489946e-02
3.673738579942124188e-02
-1.310552711047234878e-02
-8.031448580468728005e-02
-1.556024517532443585e-01
-2.303561708180748013e-01
-2.973561296163904077e-01
-2.468141611936787716e-01
-4.019506182513815085e-01
-5.777525207419790254e-01
-7.672878156151724527e-01
-9.615005769318888396e-01
-1.149749640446282362e+00
-1.320579378154032479e+00
-1.462658169607049530e+00
-1.565793311245623931e+00
-1.621914595558690664e+00
-1.625915391408243593e+00
-1.576250734337626414e+00
-1.475215704752771195e+00
-1.328861465520842167e+00
-1.146546612555066735e+00
-9.401630196852449606e-01
-7.231130103457581448e-01
-5.091437794913588055e-01
-3.111618287137888350e-01
-1.401525183603831159e-01
-4.317189394164727689e-03
9.148594135141049910e-02
1.459475587538494601e-01
1.611525237342648631e-01
1.420999953683340089e-01
9.597071102672033449e-02
3.124013244751789459e-02
-4.325145405609799598e-02
-1.191637465551427244e-01
-1.893652143463420146e-01
-9.985878973677006498e-02
-2.362264013404701823e-01
-3.942626197778586472e-01
-5.678461068990676708e-01
-7.487173469984323981e-01
-9.269543455750473004e-01
-1.091679783411047211e+00
-1.231941594429809994e+00
-1.337682162113224438e+00
-1.400694100221545169e+00
-1.415455734944525368e+00
-1.379748032746690445e+00
-1.294976040287669772e+00
-1.166149414491175484e+00
-1.001514474630421203e+00
-8.118697464267967678e-01
-6.096333189108420481e-01
-4.077590021514284069e-01
-2.186156677161133766e-01
-5.294802139407255720e-02
8.097321519472927553e-02
1.779269934246331952e-01
2.359921529354901959e-01
2.564600438054960296e-01
2.434373451473412220e-01
2.032021154522735962e-01
1.434019595789426949e-01
7.219629454235143573e-02
-2.556363513551193622e-03
-7.397958384581437841e-02
4.128661917563147127e-02
-7.428072519087003389e-02
-2.120615618774935318e-01
-3.668595570331475986e-01
-5.313711994042449316e-01
-6.965887049790019381e-01
-8.524286549493929055e-01
-9.885360204706780118e-01
-1.095187088463414726e+00
-1.164197230758289736e+00
-1.189733259968372758e+00
-1.168936488298828236e+00
-1.102280994732264041e+00
-9.936198265482036884e-01
-8.499064426530245075e-01
-6.806153815383082506e-01
-4.969203938474783255e-01
-3.107159097113933455e-01
-1.335853025554285534e-01
2.417524670654071922e-02
1.543761143902322996e-01
2.515153742584269048e-01
3.130696012255561600e-01
3.394774169309641709e-01
3.338352634437889987e-01
3.013576572238506612e-01
2.486789307126410220e-01
1.830870287319768808e-01
1.117808232616580300e-01
4.123114605218510670e-02
1.674499128280175497e-01
7.336257888965377894e-02
-4.298944825895532895e-02
-1.773890182501421386e-01
-3.235860937823175076e-01
-4.736227332851467020e-01
-6.183734193875967122e-01
-7.482588456412218036e-01
-8.540663205171633576e-01
-9.277924318117289904e-01
-9.634162509656646334e-01
-9.575154178529204918e-01
-9.096526075845060566e-01
-8.224843148839533491e-01
-7.015745694307512492e-01
-5.549293209711640973e-01
-3.922987395065962168e-01
-2.243207226193949799e-01
-6.159632206043757358e-02
8.620552963716923700e-02
2.111215152724894017e-01
3.074690376474267239e-01
3.721711248611727085e-01
4.048098659782466968e-01
4.074193578975710550e-01
3.840588248054426779e-01
3.402297573922259399e-01
2.822146568902516583e-01
2.164177588629632720e-01
1.487801543647293279e-01
2.713148468235709876e-01
1.981152924953943906e-01
1.030963996413508943e-01
-1.049837587827765623e-02
-1.375056339437134567e-01
-2.710887826309657522e-01
-4.031857402999562967e-01
-5.251244045646547010e-01
-6.283494134069161907e-01
-7.051866582550871954e-01
-7.495637385153819388e-01
-7.576063837222184461e-01
-7.280427096574931811e-01
-6.623675650142968330e-01
-5.647456133987260873e-01
-4.416609068825265161e-01
-3.013489787606090098e-01
-1.530714992498593552e-01
-6.310427240404530014e-03
1.300336460591219878e-01
2.483565219632495324e-01
3.429082842365718253e-01
4.101436073360651413e-01
4.488395949423326647e-01
4.599839602652930903e-01
4.464625426256449980e-01
4.125963935847908881e-01
3.635922849203441221e-01
3.049749911006574554e-01
2.420649952277813544e-01
3.481063999972535128e-01
2.941325803306090725e-01
2.192514067392118404e-01
1.257914032063497944e-01
1.785622896002761473e-02
-9.884795500597715057e-02
-2.173685377243028960e-01
-3.300211935766138027e-01
-4.290173092451441961e-01
-5.071418589140019861e-01
-5.584106150146882497e-01
-5.786354098289403503e-01
-5.658347840868213074e-01
-5.204436854840071014e-01
-4.452978455713594852e-01
-3.453933339661517943e-01
-2.274465322007435120e-01
-9.930142816056385102e-02
3.075283646362487328e-02
1.546826726078878445e-01
2.653573577158993557e-01
3.570794780292514958e-01
4.259503918837173053e-01
4.700431526637472990e-01
4.893783505175802739e-01
4.857208104044917762e-01
4.622341122588117246e-01
4.230431088809974982e-01
3.727605441078898352e-01
3.160321790393190722e-01
3.958930347395577254e-01
3.586994237720655954e-01
3.019176555104142179e-01
2.270623095930051072e-01
1.372546904851077443e-01
3.711658627818448936e-02
-6.749972740198476040e-02
-1.699282648259906603e-01
-2.632169481687232637e-01
-3.407149976751157605e-01
-3.966598875667395330e-01
-4.267017960424890344e-01
-4.283091473705826213e-01
-4.010113021080271012e-01
-3.464520971558715523e-01
-2.682485681755297224e-01
-1.716703008178937506e-01
-6.317396182595232113e-02
5.015754177892219751e-02
1.612128020482422319e-01
2.634258728289614604e-01
3.512705335748574909e-01
4.206299290884489284e-01
4.690124240811383016e-01
4.956029733468847454e-01
5.011580729005512547e-01
4.877690311716281757e-01
4.585308346714199734e-01
4.171608804376403246e-01
3.676127613856823295e-01
-6.063038479257498725e-01
-8.053148956458322516e-01
-1.021298131293574052e+00
-1.245073950317296063e+00
-1.465423059075264156e+00
-1.669814833375705021e+00
-1.845368665877518133e+00
-1.979963797955363036e+00
-2.063386087045419703e+00
-2.088385867803579377e+00
-2.051522256916038511e+00
-1.953686515440584914e+00
-1.800228781850801374e+00
-1.600655007546686326e+00
-1.367909174459500443e+00
-1.117303953368014913e+00
-8.652048965059890850e-01
-6.276037133781408039e-01
-4.187311003296739775e-01
-2.498567296354821388e-01
-1.284032533125706588e-01
-5.746472786016795092e-02
-3.577205654027788145e-02
-5.809492268659248448e-02
-1.160182645088102538e-01
-1.989886193340673071e-01
-2.954975462045145718e-01
-3.942596258873669601e-01
-4.852522372989001020e-01
-5.605113754272541549e-01
-4.884681035513509517e-01
-6.798993021923300795e-01
-8.901998859317341584e-01
-1.110427834681783299e+00
-1.329467265529248543e+00
-1.534741027866233232e+00
-1.713169856875477848e+00
-1.852294485077694342e+00
-1.941448426418950435e+00
-1.972853279916660041e+00
-1.942508286244804205e+00
-1.850762258059033272e+00
-1.702487351042995867e+00
-1.506816855583529291e+00
-1.276458135431852048e+00
-1.026641023297595323e+00
-7.738052924276154210e-01
-5.341627657722163303e-01
-3.222859871245472574e-01
-1.498737623135625030e-01
-2.482406218457679226e-02
4.929113657173064128e-02
7.330221834060832165e-02
5.207612766801677368e-02
-6.232801241790514313e-03
-9.121280912810872388e-02
-1.913735422790778795e-01
-2.953308438263287927e-01
-3.928631469853539615e-01
-4.757312695209663933e-01
-3.493557380392374179e-01
-5.277718067951870928e-01
-7.266976762793033728e-01
-9.376925151703975336e-01
-1.150048776368437720e+00
-1.351467380522478612e+00
-1.528987972894511937e+00
-1.670094041073189262e+00
-1.763882944663291985e+00
-1.802173695516493979e+00
-1.780423722622631821e+00
-1.698340767652301242e+00
-1.560106097640620693e+00
-1.374166931157636773e+00
-1.152604320393459503e+00
-9.101317787076116383e-01
-6.628235993075796140e-01
-4.267045613118060632e-01
-2.163502878492887527e-01
-4.364740563250799066e-02
8.315550064608961955e-02
1.600094046948335458e-01
1.871883364895071122e-01
1.689767276346462732e-01
1.129740206614481546e-01
2.911371027822184238e-02
-7.147606348911642038e-02
-1.776311049784708163e-01
-2.791966196620727092e-01
-3.678515631832496302e-01
-1.983942614382351866e-01
-3.592539774053145618e-01
-5.419091782069410668e-01
-7.386535408282500770e-01
-9.394682627660880803e-01
-1.132640230590374664e+00
-1.305638155115048438e+00
-1.446172165336901294e+00
-1.543332226771913396e+00
-1.588682504474863810e+00
-1.577185594173049266e+00
-1.507843458552292182e+00
-1.383969748588231852e+00
-1.213047738617100135e+00
-1.006174565721520864e+00
-7.771401236857341521e-01
-5.412319042772032462e-01
-3.138899042683773177e-01
-1.093541857899662795e-01
6.055076260619367962e-02
1.873665676400195212e-01
2.665896738073171290e-01
2.978449074222915272e-01
2.846403981738885314e-01
2.337499241159675667e-01
1.543113801866147772e-01
5.675994781664828875e-02
-4.827230614639179546e-02
-1.509636619850424077e-01
-2.431117730259959309e-01
-4.618203682045629588e-02
-1.861828877986773934e-01
-3.488295701164086937e-01
-5.273350005588695044e-01
-7.126038033006693029e-01
-8.937774738654178375e-01
-1.059034580049760033e+00
-1.196579162639466620e+00
-1.295720671375590882e+00
-1.347929872203610602e+00
-1.347750369837202866e+00
-1.293455904075144547e+00
-1.187368463868192281e+00
-1.035788621862470782e+00
-8.485328976605336360e-01
-6.381180609889962607e-01
-4.186734957474159691e-01
-2.046949084178241729e-01
-9.771675316055564164e-03
1.545765681077268250e-01
2.798315307086298165e-01
3.610814603845612925e-01
3.972448102032404837e-01
3.909032076566377745e-01
3.477809098624167206e-01
2.759484200599102155e-01
1.848570754246816883e-01
8.432535046827771552e-02
-1.640516062602309644e-02
-1.094445146610805164e-01
9.673583064814839094e-02
-2.054320554354405193e-02
-1.608281536676927914e-01
-3.183743331681853639e-01
-4.851825688989497287e-01
-6.514601641583072089e-01
-8.063283457269575516e-01
-9.387184813249662696e-01
-1.038370512692093905e+00
-1.096827915773658901e+00
-1.108317213138245938e+00
-1.070407933128082023e+00
-9.843702697404613788e-01
-8.551800427183420261e-01
-6.911599316373540081e-01
-5.032875000653481701e-01
-3.042390963846148266e-01
-1.072695228850831517e-01
7.495347501770158183e-02
2.314358274293791262e-01
3.537506922677899346e-01
4.366484842631682683e-01
4.783275406426027443e-01
4.803506562149050252e-01
4.472348229705229161e-01
3.857789755266031184e-01
3.042223170059977777e-01
2.113402474051389590e-01
1.155844506586799492e-01
2.435906150979638002e-02
2.210720073143104258e-01
1.269011878204845123e-01
9.878041087107783391e-03
-1.253505786519675536e-01
-2.719832357414337376e-01
-4.214349799290066922e-01
-5.639412415001128220e-01
-6.893468658498136392e-01
-7.880053195218034157e-01
-8.516941726046425298e-01
-8.744453795653968076e-01
-8.531940309952813495e-01
-7.881667425507333791e-01
-6.829586172206526529e-01
-5.442823472781866956e-01
-3.814102313622291240e-01
-2.053650783311915806e-01
-2.794481094283958814e-02
1.393155103752571899e-01
2.861339405375315503e-01
4.043205107524783792e-01
4.883801196664170341e-01
5.358240418726346599e-01
5.471701165410737255e-01
5.256487789142409994e-01
4.766658493138116182e-01
4.070988759836238202e-01
3.245184850805929444e-01
2.364279968770359730e-01
1.496039023214134622e-01
3.197912841044323051e-01
2.477596371944491005e-01
1.535322781949750581e-01
4.066946857769258156e-02
-8.525369883499053780e-02
-2.169282982065605103e-01
-3.458075408789729743e-01
-4.627802874766396291e-01
-5.589594779099698041e-01
-6.265045550819556830e-01
-6.593883570287460971e-01
-6.540214799523101918e-01
-6.096606459482220020e-01
-5.285505288946976687e-01
-4.157779637907052517e-01
-2.788498408082800140e-01
-1.270372842673055669e-01
2.944488847447403884e-02
1.803361660607674943e-01
3.162106401821583312e-01
4.292478942198644787e-01
5.138171538325487786e-01
5.668208385816289052e-01
5.877731657655299591e-01
5.786211155668051775e-01
5.433446488770441452e-01
4.873966468747082947e-01
4.170575897143488087e-01
3.387838813726277154e-01
2.586219921025106894e-01
3.887474864889192694e-01
3.367805166234615899e-01
2.637340229596515373e-01
1.721518622241734464e-01
6.642154709395547973e-02
-4.742159344779188490e-02
-1.620842412366314544e-01
-2.695713888407926251e-01
-3.618588670792621254e-01
-4.316145616832377518e-01
-4.728914948032484356e-01
-4.817160995400873724e-01
-4.565047192493654205e-01
-3.982594433687441926e-01
-3.105185948300684395e-01
-1.990645127393076697e-01
-7.141838352698084980e-02
6.382451579548756304e-02
1.977485198107298836e-01
3.218806915563298121e-01
4.288843653963561042e-01
5.131139784135398951e-01
5.709799159179643757e-01
6.010956292490456931e-01
6.042053798912040419e-01
5.829161659584385369e-01
5.412783834646018866e-01
4.842739021292397084e-01
4.172758985593270631e-01
3.455417112420455239e-01
4.268866433386132031e-01
3.921375133026103743e-01
3.378130789385265786e-01
2.655571444528386227e-01
1.786642832374607803e-01
8.196011745853520880e-02
-1.848947288299193983e-02
-1.158217650243383579e-01
-2.029347551951614648e-01
-2.731044175797551765e-01
-3.205975994436917054e-01
-3.412146337919195194e-01
-3.327019594072704867e-01
-2.949885438802525295e-01
-2.302190104711741570e-01
-1.425787077037052597e-01
-3.792881556972809570e-02
7.670977606225198864e-02
1.937690806922069409e-01
3.057788763477737870e-01
4.059776201071625401e-01
4.888289715030329496e-01
5.503961222852491453e-01
5.885439822674095600e-01
6.029599791660057440e-01
5.950050748651408705e-01
5.674248775181922610e-01
5.239641489875020985e-01
4.689350434131609457e-01
4.067895299496457340e-01
-5.304563586576874767e-01
-7.263825829592425176e-01
-9.396208893042931054e-01
-1.160604901057314509e+00
-1.377643116955100444e+00
-1.577701648965889270e+00
-1.747434394341393027e+00
-1.874368619828859162e+00
-1.948124902821055882e+00
-1.961535292521889851e+00
-1.911525370815965852e+00
-1.799645204895184758e+00
-1.632169154011678724e+00
-1.419731122331958195e+00
-1.176514535835935460e+00
-9.190685892778994726e-01
-6.648676176069109323e-01
-4.307629728737564778e-01
-2.314921351616982814e-01
-7.840555208947917742e-02
2.145213671931688743e-02
6.581077643587246451e-02
5.715074296476276711e-02
2.202510600093667004e-03
-8.895769500413952535e-02
-2.040971835080824803e-01
-3.301521095626249735e-01
-4.545305249915086998e-01
-5.662470759850624091e-01
-6.567745575425889548e-01
-4.079051155086369507e-01
-5.946864994714514685e-01
-8.004824016743995463e-01
-1.016003907791992233e+00
-1.229716552408554486e+00
-1.428604670060667825e+00
-1.599195573372379942e+00
-1.728752775938337427e+00
-1.806516913728876572e+00
-1.824856414830539730e+00
-1.780190466735127597e+00
-1.673565192677048730e+00
-1.510798443308226435e+00
-1.302155281614104210e+00
-1.061569463358404297e+00
-8.054794414029726735e-01
-5.513939892924750730e-01
-3.163364806293318399e-01
-1.153336242613292872e-01
3.988850973506937597e-02
1.418611835684732703e-01
1.878827388461150327e-01
1.800347261095160412e-01
1.247166869837220415e-01
3.176893377366146048e-02
-8.669992882292083813e-02
-2.176328601396790574e-01
-3.483331197059445494e-01
-4.676144018549988624e-01
-5.666752570932021005e-01
-2.676042843141709371e-01
-4.399055194868398688e-01
-6.326225117641437468e-01
-8.370183390138093982e-01
-1.042036155218595717e+00
-1.235021834795478002e+00
-1.402713149050022423e+00
-1.532408666825173071e+00
-1.613198147068734656e+00
-1.637118332144302135e+00
-1.600097033552840164e+00
-1.502565149552398838e+00
-1.349649210991366477e+00
-1.150902427569829856e+00
-9.195845182433660669e-01
-6.715534083533422072e-01
-4.238785582121095130e-01
-1.933202917294624124e-01
5.162580322954614387e-03
1.597159503920504708e-01
2.625645554933797587e-01
3.105556481566833504e-01
3.052220257493300504e-01
2.523717914104516291e-01
1.612684276224871927e-01
4.351195540025260683e-02
-8.823641204969875917e-02
-2.215319301298909194e-01
-3.452814414417213484e-01
-4.506194892102020622e-01
-1.194706511634192891e-01
-2.729745911178195206e-01
-4.479073226427001675e-01
-6.363244504045115768e-01
-8.279382327289742660e-01
-1.010777505114285990e+00
-1.172114665640902498e+00
-1.299579425663845100e+00
-1.382347478409609698e+00
-1.412273471271437542e+00
-1.384835020964703123e+00
-1.299769063300052485e+00
-1.161312257827513905e+00
-9.779999634313475410e-01
-7.620282779686290420e-01
-5.282346249938834060e-01
-2.927980012870503579e-01
-7.179446631413499702e-02
1.202377777966449623e-01
2.715689955699480129e-01
3.742479771279419998e-01
4.246706857921808131e-01
4.236946572885810225e-01
3.763008626613745800e-01
2.908585857440992295e-01
1.780946508112145332e-01
4.989974506180149677e-02
-8.188262815074363876e-02
-2.065462481819799467e-01
-3.153784863073870737e-01
2.578022350428823412e-02
-1.059543673846971845e-01
-2.596770831030040250e-01
-4.284237266611298223e-01
-6.029158680918468294e-01
-7.721410234929414473e-01
-9.241941820692111120e-01
-1.047309032250852256e+00
-1.130976308567346544e+00
-1.167027413261904956e+00
-1.150557179539170916e+00
-1.080571553993201928e+00
-9.602730377414762097e-01
-7.969358109862250128e-01
-6.013688247932675868e-01
-3.870130495068874743e-01
-1.687625430214692024e-01
3.836745913629664023e-02
2.205829930396648320e-01
3.665196645855631763e-01
4.681874554493749008e-01
5.215540166628168661e-01
5.267119372178206138e-01
4.876256094465316604e-01
4.115034222017686649e-01
3.078842758477753905e-01
1.875578820780407774e-01
6.145189818299636592e-02
-6.038585000702363648e-02
-1.696035902353788261e-01
1.579028661363984232e-01
4.939564401956473422e-02
-8.116833718553034815e-02
-2.279268561340266064e-01
-3.827832066845642256e-01
-5.358948633331216405e-01
-6.764118985198349643e-01
-7.934037243399542083e-01
-8.768831326580235341e-01
-9.188172799899909649e-01
-9.140094318792563177e-01
-8.607442744361314402e-01
-7.611126752035702880e-01
-6.209662586600509515e-01
-4.494938524841101124e-01
-2.584556055551698872e-01
-6.115092968479314550e-02
1.287717044206533878e-01
2.985357812103329733e-01
4.373571116289537430e-01
5.373439453148597389e-01
5.940837357963203447e-01
6.068614629210166145e-01
5.784990016697287851e-01
5.148502872123341678e-01
4.240268166146525797e-01
3.154569057516742325e-01
1.988962388257780878e-01
8.350502910941151602e-02
-2.291045803928802929e-02
2.683114568700060709e-01
1.829802225707226893e-01
7.601875403311189605e-02
-4.786286987441473739e-02
-1.818452861534513854e-01
-3.173911772562580946e-01
-4.448696277433542012e-01
-5.543632115382954861e-01
-6.365798686488365332e-01
-6.837726874697659385e-01
-6.905635288818815498e-01
-6.545724174287247399e-01
-5.767733500136889013e-01
-4.615264613023643547e-01
-3.162727606228803445e-01
-1.509164331545229665e-01
2.304383654818987354e-02
1.935434660276638685e-01
3.490304807103717932e-01
4.794780563861144040e-01
5.772234012488697275e-01
6.375465927552070866e-01
6.589348206389830098e-01
6.430157489097620971e-01
5.941833177813869993e-01
5.189748995990304259e-01
4.252854626611646260e-01
3.215187502195752112e-01
2.157758256045876344e-01
1.151682459088325949e-01
3.509990746706669329e-01
2.874492847959938535e-01
2.031623895430274829e-01
1.017158181538188044e-01
-1.136646033525691435e-02
-1.289081111314532013e-01
-2.425868463437092226e-01
-3.436141255662129024e-01
-4.235240005236803884e-01
-4.749888203723044433e-01
-4.925712654665296841e-01
-4.733252643863946618e-01
-4.171726362861928328e-01
-3.270061295588019279e-01
-2.084999823566946742e-01
-6.964244845471091738e-02
7.996320690610425608e-02
2.299559059402351280e-01
3.701405708017003748e-01
4.913796365701054158e-01
5.863579346911492740e-01
6.501426181747010924e-01
6.804852269183681024e-01
6.778445533210889495e-01
6.451424749657664881e-01
5.872958550265698907e-01
5.105917984614546379e-01
4.219878262212250486e-01
3.284212591359269018e-01
2.362034694342464713e-01
4.030504631538173732e-01
3.588363478148665631e-01
2.951864440124110089e-01
2.146258496754991363e-01
1.214357274555794564e-01
2.145065507122933396e-02
-7.833267557522642643e-02
-1.703073664282717392e-01
-2.469183892164135141e-01
-3.013674181875782287e-01
-3.282840276625454967e-01
-3.242873160954987122e-01
-2.883720383333504000e-01
-2.220717524721884106e-01
-1.293760588087963792e-01
-1.640669600290559429e-02
1.091153407187285262e-01
2.385557436524423092e-01
3.631328004174376178e-01
4.746816815458947403e-01
5.663368081840779444e-01
6.330629076527022336e-01
6.719845062629428156e-01
6.824884882985160495e-01
6.661016646966928523e-01
6.261713813368997572e-01
5.673985673834581744e-01
4.952865095971559217e-01
4.155734364554575233e-01
3.337125306165328875e-01
4.246926403168665431e-01
3.966831151484691564e-01
3.508653330008120741e-01
2.888392015309796390e-01
2.137532326488777445e-01
1.301833803742224183e-01
4.384827591831860077e-02
-3.882101153056508047e-02
-1.112191478261704558e-01
-1.671595851713941483e-01
-2.014600868799753808e-01
-2.104565402324518886e-01
-1.923870158117173823e-01
-1.476013919090713999e-01
-7.857080052704359940e-02
1.030665977095438640e-02
1.130847659429997099e-01
2.227928648401418243e-01
3.320488757141610292e-01
4.336968043688619323e-01
5.214024158818316712e-01
5.901470086377129665e-01
6.365725416708027939e-01
6.591499337385533508e-01
6.581637120120585882e-01
6.355274965759576400e-01
5.944632477902476175e-01
5.390904151013548029e-01
4.739775699321404634e-01
4.037083058200496288e-01
-4.069632696535329108e-01
-5.870177892729092628e-01
-7.840655484702596656e-01
-9.887983795920636254e-01
-1.189812031142867044e+00
-1.374393073434837742e+00
-1.529553810082534770e+00
-1.643221209999107923e+00
-1.705456487199457083e+00
-1.709566919388632478e+00
-1.652973804634727095e+00
-1.537720677257226942e+00
-1.370542099700183813e+00
-1.162461356934430201e+00
-9.279394037878819779e-01
-6.836507735408227093e-01
-4.470081200868458171e-01
-2.345896727519989899e-01
-6.063866024663035897e-02
6.420168765484021711e-02
1.337795525289607323e-01
1.468574168942372582e-01
1.070269161791647661e-01
2.213687563666700414e-02
-9.668627447248780149e-02
-2.362992962083707016e-01
-3.829279243965958979e-01
-5.235131232527613365e-01
-6.468674337171991251e-01
-7.445248690319543616e-01
-2.848522408651241178e-01
-4.543660756255026856e-01
-6.422751659577473626e-01
-8.395884565287397017e-01
-1.035121144403169602e+00
-1.216260518346007791e+00
-1.369990060629964423e+00
-1.484079443760642603e+00
-1.548317362079014492e+00
-1.555647732048641263e+00
-1.503070844349277069e+00
-1.392190280182115991e+00
-1.229321989495358425e+00
-1.025129774227451440e+00
-7.938057330066069506e-01
-5.518682806789902973e-01
-3.166973408031568127e-01
-1.049601398818689191e-01
6.890289963136680962e-02
1.939668996080003149e-01
2.637452143485986000e-01
2.766477412544515180e-01
2.359316193784903315e-01
1.491618977821726200e-01
2.725820185153581682e-02
-1.167485469270197473e-01
-2.690944349873655717e-01
-4.166315308585273880e-01
-5.479961799700547864e-01
-6.544781685217692102e-01
-1.501067602331386253e-01
-3.041761838082535085e-01
-4.777028547244928647e-01
-6.622812096691519379e-01
-8.472629755651179817e-01
-1.020478319139256795e+00
-1.169219469281565393e+00
-1.281398897709270290e+00
-1.346762864366734203e+00
-1.358023651341425442e+00
-1.311773398691321812e+00
-1.209059998657414203e+00
-1.055539364063498020e+00
-8.611646606057903330e-01
-6.394261689110755098e-01
-4.062087427036584208e-01
-1.783806364603593986e-01
2.773825286734103029e-02
1.978635828283022147e-01
3.210267440191079680e-01
3.905082515214404193e-01
4.043248909196710539e-01
3.652242771549250033e-01
2.801996422236899265e-01
1.595949870162362005e-01
1.591832649932637539e-02
-1.374880385165221375e-01
-2.877607801228678208e-01
-4.236642108718888800e-01
-5.364570819831739890e-01
-1.269231303530523464e-02
-1.475214151967752796e-01
-3.024593982840919071e-01
-4.699178811851157378e-01
-6.400691288069769724e-01
-8.015013879782291184e-01
-9.421344944984669789e-01
-1.050314901246035548e+00
-1.115978180862695179e+00
-1.131748862241164888e+00
-1.093845473503539667e+00
-1.002673915061101706e+00
-8.630233857891883575e-01
-6.838224479016230539e-01
-4.774631743465498346e-01
-2.587524308913729532e-01
-4.359476742042619341e-02
1.524547148123786000e-01
3.156113337762027626e-01
4.351003602589200159e-01
5.040798499795611232e-01
5.201485258894924524e-01
4.853900487836192434e-01
4.059608433046699716e-01
2.912832776363755150e-01
1.529519191745194739e-01
3.491392570018826691e-03
-1.448841782333134542e-01
-2.813693183853727131e-01
-3.974098918100308353e-01
1.170992971942483585e-01
3.911138120300618193e-03
-1.295822352853030768e-01
-2.767863861994996899e-01
-4.289232396175456929e-01
-5.756036818301093483e-01
-7.056519047984456394e-01
-8.081098863943764199e-01
-8.733202494629118684e-01
-8.939672508638333293e-01
-8.659520719542658229e-01
-7.889910749458227679e-01
-6.668531612868783265e-01
-5.071916529132949325e-01
-3.209724373469133862e-01
-1.215477268882892703e-01
7.653230660766058291e-02
2.588450452441376504e-01
4.124149358928710374e-01
5.268828467047296238e-01
5.953978257192598100e-01
6.151364918289267125e-01
5.873999989711645719e-01
5.172895432378676883e-01
4.130119252216756243e-01
2.849097976888377848e-01
1.443409207525467031e-01
2.542958809002501819e-03
-1.303862833858323300e-01
-2.462871669479090864e-01
2.299023575327429625e-01
1.392386641737017317e-01
2.854317991448968722e-02
-9.669330601930176128e-02
-2.289008793464115121e-01
-3.589088997249532675e-01
-4.766618303495063769e-01
-5.721117057989978383e-01
-6.361979532733325060e-01
-6.618069285988986694e-01
-6.445984428175207670e-01
-5.835960030490922046e-01
-4.814607014163446164e-01
-3.444029886287005571e-01
-1.817277904413905631e-01
-5.051453561824376104e-03
1.727315569302944886e-01
3.386234718323097304e-01
4.807126601736244620e-01
5.892478925262264466e-01
6.574806112681800263e-01
6.821859562841433577e-01
6.638120974662242713e-01
6.062524921558669622e-01
5.162810033684216426e-01
4.027291718977775714e-01
2.755128765560555526e-01
1.446283499533101424e-01
1.923359278789730370e-02
-9.308817082007370125e-02
3.183865063044185040e-01
2.496670778767224319e-01
1.616412707478908362e-01
5.865824235615962196e-02
-5.300024360658989186e-02
-1.654986731478853834e-01
-2.700448963832094429e-01
-3.576563974485367225e-01
-4.200203794875193020e-01
-4.503545351514943174e-01
-4.441689667558968990e-01
-3.998360337331516856e-01
-3.188934965447146608e-01
-2.060350668544680408e-01
-6.877786777313696365e-02
8.316602872015016468e-02
2.387515990931365906e-01
3.866056962160184796e-01
5.160662669190517748e-01
6.181427854971170976e-01
6.862938367205176915e-01
7.169397961137313757e-01
7.096608024059096742e-01
6.670685473365286500e-01
5.943797039614192590e-01
4.987537014257182877e-01
3.884832192774708703e-01
2.721387589487093694e-01
1.577674550736863079e-01
5.223165700817441331e-02
3.780415619546227957e-01
3.294325641853825815e-01
2.626464982310803831e-01
1.809216063659613294e-01
8.924950610187890043e-02
-5.904909053988202650e-03
-9.707902154066253009e-02
-1.764462240247730851e-01
-2.365470376858483104e-01
-2.710399798447740705e-01
-2.753870853419068676e-01
-2.473922718920822106e-01
-1.875246459072256178e-01
-9.898179380147131834e-02
1.252269148418096167e-02
1.392313465445486342e-01
2.720280005141945123e-01
4.012639535255123624e-01
5.176361881094081463e-01
6.130223176759496129e-01
6.811822715880364587e-01
7.182530950778525103e-01
7.229886985625554319e-01
6.967276341675684437e-01
6.431048332333049178e-01
5.675532256141033738e-01
4.766641677075200700e-01
3.774885554454595615e-01
2.768618770726356537e-01
1.808265849933083924e-01
4.075216721091818317e-01
3.762607572419962021e-01
3.282828325046846518e-01
2.658048745545579239e-01
1.925961165266840136e-01
1.137904018776676462e-01
3.552813544316386213e-02
-3.554619241694607912e-02
-9.288440154075632005e-02
-1.306708716549480342e-01
-1.444243865618984324e-01
-1.314958521405418523e-01
-9.140159539158035362e-02
-2.594921883855716427e-02
6.086399624897346344e-02
1.631742045863086854e-01
2.737640453614461622e-01
3.847118709840965933e-01
4.881075068965140540e-01
5.767573192888040268e-01
6.448031486800317458e-01
6.881906544377001111e-01
7.049414447754693835e-01
6.952075889828850386e-01
6.611134847769688516e-01
6.064149993494790669e-01
5.360259229146164817e-01
4.554744026849883443e-01
3.703556698315264573e-01
2.858419619292196234e-01
4.085194365438256092e-01
3.913001467641549214e-01
3.590642666142199180e-01
3.131414077866270240e-01
2.562017132043145073e-01
1.921499511931572257e-01
1.258750855839598781e-01
6.287111047578600176e-02
8.762357716234535354e-03
-3.121947647221056873e-02
-5.275076127604131498e-02
-5.286620108139442054e-02
-3.029171615439268939e-02
1.438030047006207124e-02
7.869641922321335414e-02
1.585311313569588432e-01
2.484413185352344344e-01
3.421493537874075175e-01
4.331033788120678407e-01
5.150548487838454426e-01
5.825921806241841638e-01
6.315754605266437061e-01
6.594298800702567132e-01
6.652732064884167018e-01
6.498727910431799648e-01
6.154476496109509975e-01
5.653483118585107547e-01
5.036591798193117420e-01
4.347736242198532719e-01
3.629905793446817630e-01
-2.505960089255961920e-01
-4.059246970049563141e-01
-5.777961325453144781e-01
-7.577440718645921391e-01
-9.353130192969235646e-01
-1.098799173395002438e+00
-1.236228816775212458e+00
-1.336483857635213601e+00
-1.390455885975787842e+00
-1.392095711601788466e+00
-1.339227797837108769e+00
-1.234018815222719390e+00
-1.083024784338539215e+00
-8.967878672723359479e-01
-6.890061281405912563e-01
-4.753510025946267037e-01
-2.720512613871249874e-01
-9.439316265178995802e-02
4.470002359223159555e-02
1.358521127239721016e-01
1.740503960796391525e-01
1.590054693186232493e-01
9.501984708186000939e-02
-9.610257611410363832e-03
-1.435796436610149995e-01
-2.938198278250473416e-01
-4.468523215647335345e-01
-5.900892704119762300e-01
-7.129363046208420096e-01
-8.075865861262014889e-01
-1.305281377543370258e-01
-2.740918081613358814e-01
-4.353023592596296232e-01
-6.060529233234163149e-01
-7.761743234271745173e-01
-9.341520586211419230e-01
-1.068088556534507294e+00
-1.166822410560399037e+00
-1.221086937638198755e+00
-1.224574820705121692e+00
-1.174776878784138834e+00
-1.073481801282956338e+00
-9.268581821965909961e-01
-7.450863880806831707e-01
-5.415600538906270023e-01
-3.317288033844012496e-01
-1.316985529470564020e-01
4.326236585884284808e-02
1.801484324463980269e-01
2.694157281495480616e-01
3.058211580181440792e-01
2.888106269851866137e-01
2.224183822054525694e-01
1.146986030827645275e-01
-2.323350142705379179e-02
-1.784281256090121670e-01
-3.374431079680663137e-01
-4.876424767529987658e-01
-6.183058129364996658e-01
-7.214361292058260045e-01
-3.416682704569372342e-03
-1.309410917291068677e-01
-2.768441586162631585e-01
-4.336262401187132021e-01
-5.917015940731016332e-01
-7.400687958496269259e-01
-8.672281362835134733e-01
-9.622625070281028981e-01
-1.015968591996781134e+00
-1.021908741183449765e+00
-9.772538248164829300e-01
-8.833044590139005336e-01
-7.456106405649614022e-01
-5.736542355511159430e-01
-3.801095080527038261e-01
-1.797476150261108907e-01
1.190471521903420371e-02
1.800100323846092476e-01
3.118107934803052150e-01
3.978116161768858738e-01
4.326217434596693612e-01
4.153658124094629089e-01
3.496225588692999375e-01
2.429080760056476773e-01
1.057750511723097864e-01
-4.935555910077541603e-02
-2.094850554932903564e-01
-3.622956372052543728e-01
-4.972354662377931889e-01
-6.063195791275852731e-01
1.209630895045261945e-01
1.258768422916703433e-02
-1.144721797854783563e-01
-2.535334009577938086e-01
-3.958545609719024139e-01
-5.312397964897687119e-01
-6.488850197250819463e-01
-7.383903186612611469e-01
-7.908331409147287827e-01
-7.997799192327833540e-01
-7.621122511517117726e-01
-6.785585433540054501e-01
-5.538518068769078262e-01
-3.964755854772562538e-01
-2.180077651163537245e-01
-3.212027983697383904e-02
1.466646308915751096e-01
3.043294878923084035e-01
4.286798124289197265e-01
5.104792758666314434e-01
5.442755436414050685e-01
5.288267155992281143e-01
4.670861164920449005e-01
3.657566502979364698e-01
2.344778386847293228e-01
8.475183068185701551e-02
-7.125699028106055599e-02
-2.219046107181434635e-01
-3.570982824403016176e-01
-4.690698145950265574e-01
2.329805039564825098e-01
1.454618143036490174e-01
3.940381798931128637e-02
-7.948105594506843508e-02
-2.035000412517204704e-01
-3.235016428326646376e-01
-4.296288419343782250e-01
-5.122371392904663256e-01
-5.628826581477901492e-01
-5.752684837374962834e-01
-5.460343866367617371e-01
-4.752871260791201591e-01
-3.667945885242267501e-01
-2.278040672052010496e-01
-6.848849661016884194e-02
9.893101416173663565e-02
2.612981016892381714e-01
4.057511666519977300e-01
5.209358811395097266e-01
5.980656018265623208e-01
6.317118364730736069e-01
6.202386055660581432e-01
5.658373871812334421e-01
4.741678338838686280e-01
3.536571023128957658e-01
2.145508449059106426e-01
6.783602180997677644e-02
-7.583405913144597443e-02
-2.070898379756385965e-01
-3.185721955182495013e-01
3.243505856669054443e-01
2.579244853015918992e-01
1.735483001274876202e-01
7.587533008156180370e-02
-2.858401448410759910e-02
-1.318912711583704600e-01
-2.253243839802926973e-01
-3.001816872726150720e-01
-3.486634008903892745e-01
-3.647318916867651195e-01
-3.448475242643545546e-01
-2.884859472169175598e-01
-1.983643979498559695e-01
-8.033655196576872104e-02
5.704631484319181572e-02
2.032703145703713410e-01
3.468162917039567250e-01
4.762376571775178702e-01
5.812407090236407781e-01
6.536475750347282565e-01
6.881349111306855892e-01
6.826680100636629556e-01
6.385868195096493505e-01
5.603427967665831622e-01
4.549278436603519937e-01
3.310729182669888138e-01
1.983192096959227879e-01
6.607549969673917611e-02
-5.722972121228536713e-02
-1.648123993970723455e-01
3.891357674876039785e-01
3.426674553103824516e-01
2.792440601283618373e-01
2.024401223512216907e-01
1.175268264837212584e-01
3.113976517113258707e-02
-4.924810808184175437e-02
-1.160041131988619467e-01
-1.620961318319210365e-01
-1.818515925118606713e-01
-1.716255333176098796e-01
-1.302940409248859732e-01
-5.950645428457701502e-02
3.634397358369764047e-02
1.504389511101042742e-01
2.741172662576433217e-01
3.976619114368168395e-01
5.112084856124265997e-01
6.056754644657621478e-01
6.736132725074297500e-01
7.098781867355181685e-01
7.120580346000268124e-01
6.806068852606509401e-01
6.186815699077394815e-01
5.317091139565444102e-01
4.267460138151804028e-01
3.117132913702430064e-01
1.946022557522424645e-01
8.274360106215200572e-02
-1.778230866249772002e-02
4.243815987313329097e-01
3.956135143080170558e-01
3.512255316866937371e-01
2.937584103943414182e-01
2.272620562378894205e-01
1.570584275597299018e-01
8.933329352291119463e-02
3.058937888634486596e-02
-1.298568567048020636e-02
-3.616821679470230005e-02
-3.528909895393333995e-02
-8.694063668972074055e-03
4.298607206573288458e-02
1.167944146644935566e-01
2.076493687569870294e-01
3.087730535063183956e-01
4.123042118042731796e-01
5.100305264762313717e-01
5.941603465088436398e-01
6.580485796572125290e-01
6.967967766872366076e-01
7.076627158946190432e-01
6.902382346237354582e-01
6.463826087401691733e-01
5.799286066598228206e-01
4.962053269144015566e-01
4.014423125131929004e-01
3.021304446103111330e-01
2.044154375047324557e-01
1.135897752609061617e-01
4.302922940033889199e-01
4.161928290526743512e-01
3.880630682670381804e-01
3.475090507580386734e-01
2.974427711055194212e-01
2.419332568347800638e-01
1.859117921022486741e-01
1.347527651534398407e-01
9.376945842662207098e-02
6.767774429639139555e-02
6.008797968522466143e-02
7.308516923122895803e-02
1.069494978525725171e-01
1.600544853720159977e-01
2.289600752586885002e-01
3.086953968469405285e-01
3.932035523087230033e-01
4.759014016308749095e-01
5.502934402864801955e-01
6.105723259004516290e-01
6.521403524221395243e-01
6.719960737891669256e-01
6.689471286484736101e-01
6.436319145769665573e-01
5.983561898999556483e-01
5.367727176907799436e-01
4.634496612782305069e-01
3.833842156034795723e-01
3.015206095991425084e-01
2.223261355686561025e-01
4.099421118940055897e-01
4.070972459847318481e-01
3.919692708685910132e-01
3.653677100486839580e-01
3.292005004401447610e-01
2.864021142256669705e-01
2.407413271254612019e-01
1.965202413361074596e-01
1.581909247015481079e-01
1.299281530336483803e-01
1.152044355303907808e-01
1.164155648578508173e-01
1.346009361229866530e-01
1.692932128223725574e-01
2.185177232404753034e-01
2.789449784243966945e-01
3.461820100598869132e-01
4.151720377215022406e-01
4.806593326051847859e-01
5.376686750722938779e-01
5.819474998966337465e-01
6.103238960814039160e-01
6.209444432007524828e-01
6.133709959749444884e-01
5.885329246045967189e-01
5.485485922433608330e-01
4.964446320036228766e-01
4.358118950459348717e-01
3.704415151166228215e-01
3.039830314798337429e-01
-7.702366463426515986e-02
-2.032170881652608507e-01
-3.458154243389800486e-01
-4.976304463177460558e-01
-6.496246700500548643e-01
-7.915644386943752053e-01
-9.128930652163249615e-01
-1.003742273626787584e+00
-1.055973820659615869e+00
-1.064129693586029601e+00
-1.026171358535675315e+00
-9.439066516998819711e-01
-8.230352540448290233e-01
-6.727864547912791870e-01
-5.051708163052681666e-01
-3.339143756141906838e-01
-1.731841365627775908e-01
-3.624154605549867458e-02
6.582747912891590003e-02
1.251635911786617983e-01
1.378477330086594066e-01
1.041984147765585567e-01
2.862321047430813753e-02
-8.095090306302311911e-02
-2.139928643051936252e-01
-3.585122845181623052e-01
-5.022926709726787120e-01
-6.340668544933008022e-01
-7.445030627600054407e-01
-8.269021269576762867e-01
4.284689008070261679e-02
-7.051796793086961834e-02
-2.011933388899856956e-01
-3.423955996677124913e-01
-4.854382293338245224e-01
-6.203578661967715790e-01
-7.367662022351916251e-01
-8.248483238359891612e-01
-8.764009482958778907e-01
-8.857895168687411891e-01
-8.507041012242027023e-01
-7.726111647418536510e-01
-6.568297035249647253e-01
-5.122024563558652543e-01
-3.503805070431126323e-01
-1.847867038402087325e-01
-2.936385635659916754e-02
1.027576834283356888e-01
2.005256572449627406e-01
2.560225045674783817e-01
2.651936498469885661e-01
2.281665142441008376e-01
1.491283683538366378e-01
3.578467262519218622e-02
-1.015296550244878387e-01
-2.509726204757056767e-01
-4.004124169884417661e-01
-5.385946845830414942e-01
-6.561286123506044898e-01
-7.461917993051786491e-01
1.647333336940451365e-01
6.778438802908789973e-02
-4.698385645319730353e-02
-1.734098941500790692e-01
-3.034236965899563265e-01
-4.276252260108341363e-01
-5.360886638081876487e-01
-6.193179165665698704e-01
-6.692517086370148860e-01
-6.802013831520488107e-01
-6.496042804284190009e-01
-5.784909765023390493e-01
-4.715942426883956151e-01
-3.370678326201761998e-01
-1.858291326318394221e-01
-3.058552844665184817e-02
1.153558238905406375e-01
2.393665058350851194e-01
3.307218214504339948e-01
3.816342607620398231e-01
3.879785376803476238e-01
3.496274365828164754e-01
2.703645229017817009e-01
1.573912611826615848e-01
2.049531313168321406e-02
-1.290130960910252367e-01
-2.794645559820861380e-01
-4.199544882416503810e-01
-5.413009022632897516e-01
-6.367380155925079777e-01
2.790803692429245086e-01
2.009421258341306527e-01
1.049146344876452086e-01
-3.640552962471677034e-03
-1.174970741922928275e-01
-2.280769183702857084e-01
-3.261831420841315721e-01
-4.028849864218835286e-01
-4.504616259224510921e-01
-4.632952508857761664e-01
-4.386025899973599040e-01
-3.769071737574845593e-01
-2.821813638190631690e-01
-1.616242684217900349e-01
-2.508452880050081324e-02
1.158198195184161339e-01
2.487941699528845030e-01
3.620547353805643742e-01
4.454784814978018370e-01
4.915857899823250499e-01
4.962445237165650225e-01
4.590169587285617414e-01
3.831141817042178488e-01
2.749704727022770356e-01
1.434964455448446419e-01
-8.921374578883464745e-04
-1.473483398800857491e-01
-2.856416405057180530e-01
-4.070601509855243383e-01
-5.050744979953490921e-01
3.768554098826896182e-01
3.185417862449883009e-01
2.427188984666266980e-01
1.538246636477695883e-01
5.807106607756356426e-02
-3.699002842237969491e-02
-1.231087292857472038e-01
-1.921286636878539178e-01
-2.368449417800054801e-01
-2.518297945873756993e-01
-2.341241917558289920e-01
-1.837043062343459987e-01
-1.036547873654308782e-01
-1.370394828479476468e-05
1.187073603855378079e-01
2.422851179521848808e-01
3.597501071162009789e-01
4.604513232670494061e-01
5.351012986145770034e-01
5.766834509356346672e-01
5.811188113326919424e-01
5.476177302049108908e-01
4.786803940496525689e-01
3.797530262299445569e-01
2.585886862855817370e-01
1.243967697837879693e-01
-1.311134336029288680e-02
-1.446648066981846004e-01
-2.622561110884327196e-01
-3.597585241966697600e-01
4.506910107805396359e-01
4.118122458528977181e-01
3.562324243099817545e-01
2.874047205087130741e-01
2.104243443313322248e-01
1.316817411882939826e-01
5.832498114471867251e-02
-2.421132080939081277e-03
-4.400838194540047238e-02
-6.130497896500055471e-02
-5.123180032019894470e-02
-1.321259337587002425e-02
5.062537145142196465e-02
1.355357831020712056e-01
2.345250224349664792e-01
3.389784813439817857e-01
4.394771651095952247e-01
5.267158881460208830e-01
5.924205175551024993e-01
6.301604151016489963e-01
6.359639423724786633e-01
6.086683980459989263e-01
5.499681899414978759e-01
4.641622056951971720e-01
3.576382119731231768e-01
2.381635484332973451e-01
1.140729427221804648e-01
-6.547047403768886664e-03
-1.165826676196885237e-01
-2.104502713843869888e-01
4.957890604534668233e-01
4.746924438981721117e-01
4.380786816556290209e-01
3.884190895697804402e-01
3.296622788911538482e-01
2.669774726282425625e-01
2.063277530767978762e-01
1.539097086493172173e-01
1.155168179601404888e-01
9.589818608207112405e-02
9.818955767155543302e-02
1.234887803151279717e-01
1.706334151005258759e-01
2.362156837928954811e-01
3.148421956602391325e-01
3.996164159376922043e-01
4.827943836942033551e-01
5.565423125647054325e-01
6.137113226579485881e-01
6.485415507996986628e-01
6.572158765920707024e-01
6.382016631867222234e-01
5.923450237255226680e-01
5.227127892221592464e-01
4.342084166774233811e-01
3.330152108209401551e-01
2.259396112481449892e-01
1.197362325752559520e-01
2.049377820805629163e-02
-6.685234417761179437e-02
5.104344929968723799e-01
5.044803128008068516e-01
4.844908929009751342e-01
4.520171350204910121e-01
4.099002863594164436e-01
3.621025690773433392e-01
3.133910352762769858e-01
2.689001355316316677e-01
2.336165754989911192e-01
2.118432245397775526e-01
2.067050199378924202e-01
2.197578637589003292e-01
2.507514701093946363e-01
2.975801454065939988e-01
3.564336721853480494e-01
4.221365651634431670e-01
4.886410147871580456e-01
5.496197796054208551e-01
5.990926371154484675e-01
6.320154899168386464e-01
6.447655774282938790e-01
6.354690413403234484e-01
6.041367599294107382e-01
5.525983271793059037e-01
4.842490503830541027e-01
4.036473927657707739e-01
3.160172252882014199e-01
2.267182404661023387e-01
1.407478340428106878e-01
6.232903963598044467e-02
4.960424306719668497e-01
5.019667934741608439e-01
4.955413403627995095e-01
4.775054419051827370e-01
4.496909693110440753e-01
4.149326018384262293e-01
3.768557833672741553e-01
3.395575494198492805e-01
3.072105875662143326e-01
2.836327640102392356e-01
2.718711226352322763e-01
2.738499330979873303e-01
2.901264954804685936e-01
3.197867509324063273e-01
3.604967300111835971e-01
4.087074989706944161e-01
4.599928592074212785e-01
5.094829614404633444e-01
5.523452957139336483e-01
5.842587671520526049e-01
6.018275839943127981e-01
6.028894132149921203e-01
5.866857363972208805e-01
5.538797819416858559e-01
5.064264365278375868e-01
4.473164991960113523e-01
3.802320226173774298e-01
3.091583211152008626e-01
2.380004278388913597e-01
1.702473374415262308e-01
4.567531269989202336e-01
4.710593594868727196e-01
4.748034220555036322e-01
4.680545797452002610e-01
4.517768635218558648e-01
4.278077195472409500e-01
3.987384874497494347e-01
3.677028874938447767e-01
3.380919005701928937e-01
3.132238265690080459e-01
2.960053790748442548e-01
2.886223503400320300e-01
2.922962010326415339e-01
3.071360951093156655e-01
3.321052309057311303e-01
3.651071350917442504e-01
4.031835330244609161e-01
4.428022540891084491e-01
4.802030433953001776e-01
5.117624948472179192e-01
5.343374713886644978e-01
5.455495951152105061e-01
5.439812560652813600e-01
5.292650422461543380e-01
5.020619573712796768e-01
4.639373923794634091e-01
4.171556621584088242e-01
3.644224044447401667e-01
3.086082051834987405e-01
2.524861245276288080e-01
9.709756854034018447e-02
7.285534053743797367e-04
-1.123289090048405214e-01
-2.364067952689358765e-01
-3.641299486979696076e-01
-4.869534645412851304e-01
-5.958997380513525455e-01
-6.824253345549979866e-01
-7.393239667102718959e-01
-7.615593120664906346e-01
-7.469226093408645184e-01
-6.964253796756256776e-01
-6.143656297638691033e-01
-5.080431214712535226e-01
-3.871410647057268450e-01
-2.628325866773832398e-01
-1.467052673799858487e-01
-4.962130969761901350e-02
1.935881970364636273e-02
5.386686072548910881e-02
5.082975615877640546e-02
1.071754951777764003e-02
-6.258848187653881512e-02
-1.622857087873417481e-01
-2.794326794068632269e-01
-4.039241942958040066e-01
-5.255379270431540517e-01
-6.349274854665635237e-01
-7.244498733188674544e-01
-7.887432004196673896e-01
2.198994044441230922e-01
1.372005258795605809e-01
3.696382743852925229e-02
-7.559042380494183921e-02
-1.934914190606936701e-01
-3.085253287241602194e-01
-4.119470355459181055e-01
-4.953288774888158774e-01
-5.514546747943590566e-01
-5.751538759429054570e-01
-5.639708386813053753e-01
-5.185786268471995752e-01
-4.428737668541311012e-01
-3.437248847684550301e-01
-2.303894401459582464e-01
-1.136536129217603219e-01
-4.785514732162599039e-03
8.558333100106954583e-02
1.485222669293249087e-01
1.776900300742260685e-01
1.699458085668210106e-01
1.256140330949927220e-01
4.837616228331065998e-02
-5.519153661586698179e-02
-1.763719527322634706e-01
-3.052558471530368855e-01
-4.317670580165136052e-01
-5.466411392620139642e-01
-6.422465215598577304e-01
-7.131641452256682889e-01
3.409160404630959262e-01
2.748287281949914895e-01
1.907646031645474638e-01
9.331393696962014817e-02
-1.118431616353823474e-02
-1.151024797776245279e-01
-2.101874060809124922e-01
-2.883647390718856451e-01
-3.425973934205056026e-01
-3.676974158202177545e-01
-3.609894179639301370e-01
-3.227365292925900575e-01
-2.562650051468966517e-01
-1.677581718509502107e-01
-6.572992510374811581e-02
3.977253996710309464e-02
1.381527967871467311e-01
2.193274635682154194e-01
2.747465102843826834e-01
2.982546510785624716e-01
2.866948721160088587e-01
2.401859182369347478e-01
1.620453438745435015e-01
5.837336852098514578e-02
-6.264563415423501924e-02
-1.916334477882886134e-01
-3.189884763963161118e-01
-4.358192465306161001e-01
-5.347345526631299695e-01
-6.104087349913421834e-01
4.507459090743847763e-01
4.030187715290468597e-01
3.373241629560142507e-01
2.574801826858645892e-01
1.690056176765797891e-01
7.872251748896780255e-02
-5.838042888494474059e-03
-7.717168889500172768e-02
-1.285987961750890973e-01
-1.550314024749275266e-01
-1.536133169790080411e-01
-1.241484384953979725e-01
-6.925476944813731273e-02
5.786864090658531967e-03
9.348380855574484061e-02
1.848397998425453381e-01
2.702454101417544607e-01
3.404519186185187007e-01
3.875178909862399546e-01
4.056195350381765485e-01
3.916314494569793636e-01
3.454119817300022599e-01
2.697636620466155044e-01
1.700793697011610262e-01
5.372357347262606692e-02
-7.077023532323907518e-02
-1.945844452378761580e-01
-3.094770154914796012e-01
-4.085172604131029339e-01
-4.866210864720608709e-01
5.407427659265584552e-01
5.117845047679213666e-01
4.653224873398087436e-01
4.043125870397506483e-01
3.333198036029785261e-01
2.581943507808996952e-01
1.855626297303198946e-01
1.221798534461929209e-01
7.421361222529684887e-02
4.654186787381301565e-02
4.215228007657528114e-02
6.172152482772522847e-02
1.034341745842586313e-01
1.630731211644323997e-01
2.343809543233611459e-01
3.096583530090248337e-01
3.805357161722831560e-01
4.388318545019256334e-01
4.774015926307956237e-01
4.908743338113584764e-01
4.761982351968599980e-01
4.329282345323625658e-01
3.632278387416409404e-01
2.715901963579512302e-01
1.643186944539471173e-01
4.883629531084978520e-02
-6.708805261212108517e-02
-1.761010009532846532e-01
-2.719261183840356866e-01
-3.498552068350559985e-01
6.041065017229068079e-01
5.929986539990680372e-01
5.652779142304439342e-01
5.230062441935755535e-01
4.697253931089973022e-01
4.102126246912266017e-01
3.500675151720680223e-01
2.951669815987666978e-01
2.510463493014959413e-01
2.222780096864239718e-01
2.119237554194285944e-01
2.211312612311340242e-01
2.489299292247174611e-01
2.922583232284831078e-01
3.462276241720965153e-01
4.045965337039012510e-01
4.604065870847124931e-01
5.067063556494942889e-01
5.372812467618485188e-01
5.473042038890434391e-01
5.338319316929128755e-01
4.960902836857929987e-01
4.355187819585592535e-01
3.555744327391981985e-01
2.613249466258356635e-01
1.588869815893895754e-01
5.478248853087384213e-02
-4.470677367932379687e-02
-1.341107719238804064e-01
-2.092075543548793104e-01
6.367195056546361975e-01
6.413836222737235859e-01
6.306949688742645721e-01
6.058479996199265250e-01
5.693582445421525584e-01
5.248986273681267578e-01
4.769864752073504910e-01
4.305483497091193157e-01
3.904081672540822279e-01
3.607570359951441374e-01
3.446687282545951581e-01
3.437217341872035314e-01
3.577776401403671147e-01
3.849475362141441259e-01
4.217556062310989784e-01
4.634849064593439261e-01
5.046677171427520481e-01
5.396646849723512052e-01
5.632656511329098281e-01
5.712421228008797147e-01
5.607872873645589618e-01
5.307936247283802089e-01
4.819387578054731280e-01
4.165744713483520711e-01
3.384385035575547263e-01
2.522303213220434825e-01
1.631075779469473019e-01
7.616718160193081122e-02
-4.026973926147571492e-03
-7.381793568599828714e-02
6.375875194812000712e-01
6.550765381890161221e-01
6.587598051336785998e-01
6.490422628857036580e-01
6.274719669058648197e-01
5.966529997873194491e-01
5.600308750280785786e-01
5.215677327928250895e-01
4.853403692112144840e-01
4.551060450749613850e-01
4.338872421958835934e-01
4.236260655626780669e-01
4.249517851441809158e-01
4.370919759808303828e-01
4.579405395595186334e-01
4.842767998257906381e-01
5.121113253722036074e-01
5.371185216551963570e-01
5.551053832404808652e-01
5.624615007275890477e-01
5.565380839449148853e-01
5.359130925371988763e-01
5.005143557507844010e-01
4.515908344467661206e-01
3.915414169112773624e-01
3.236281518457044815e-01
2.516141440967916698e-01
1.793736433755669379e-01
1.105222673756161289e-01
4.810905215156319886e-02
6.088196834005629166e-01
6.356848588694073987e-01
6.504802500569701884e-01
6.529393838281277729e-01
6.437524595579082742e-01
6.245476467345930649e-01
5.977675138192314330e-01
5.664488300820518241e-01
5.339269960930144165e-01
5.034970027893489464e-01
4.780695132544197090e-01
4.598624068325092296e-01
4.501646370621676940e-01
4.492009771989659006e-01
4.561142435656020400e-01
4.690674538748778044e-01
4.854539101589790961e-01
5.021902369635675711e-01
5.160576007567636569e-01
5.240509340876188249e-01
5.236956788487400205e-01
5.132963795899152526e-01
4.920907483726076892e-01
4.602953145116936984e-01
4.190427301467133381e-01
3.702242688609585497e-01
3.162621461049661686e-01
2.598434987160416210e-01
2.036503043790431344e-01
1.501170920575624623e-01
5.551705196369218775e-01
5.878467929087602961e-01
6.102749084384887501e-01
6.216605696927240965e-01
6.219815888527067127e-01
6.120262353697407676e-01
5.933489291405543709e-01
5.681436746532551041e-01
5.390459511134405579e-01
5.088830329549359766e-01
4.803996080906985933e-01
4.559891279305857692e-01
4.374610793554535304e-01
4.258703544904850480e-01
4.214276455199779114e-01
4.235002511214457921e-01
4.307020632594352749e-01
4.410611390898664941e-01
4.522444369060836800e-01
4.618130904042603291e-01
4.674787605893777620e-01
4.673324553372489865e-01
4.600215770278174299e-01
4.448582122781213899e-01
4.218507857918166737e-01
3.916608828820538069e-01
3.554959597928987747e-01
3.149556091458545204e-01
2.718531644676100423e-01
2.280353153463625659e-01
2.524113137945606100e-01
1.839253309246021151e-01
9.833895882836929392e-02
-2.396995176466229505e-04
-1.061332703854558912e-01
-2.125057509654390830e-01
-3.119513815320636985e-01
-3.972054877512811166e-01
-4.618998637039158361e-01
-5.012736098784531524e-01
-5.127503512467921354e-01
-4.963048719262992403e-01
-4.545650827178949194e-01
-3.926260207962628535e-01
-3.175873099075864348e-01
-2.378596950098084140e-01
-1.623154746288247574e-01
-9.937806059695909744e-02
-5.615473927434534718e-02
-3.771264315666338768e-02
-4.658123239359246437e-02
-8.253714565378654500e-02
-1.426925126554386969e-01
-2.218702532200502453e-01
-3.132146018427381939e-01
-4.089570113988342803e-01
-5.012406890974676621e-01
-5.829036627978274598e-01
-6.481307435040057907e-01
-6.929071248048069842e-01
3.794990865985277684e-01
3.251303634301007661e-01
2.527516261112054963e-01
1.659925252930596062e-01
7.009398487251941590e-02
-2.847068143356506695e-02
-1.225570438787899341e-01
-2.050397222045657053e-01
-2.695561887859723726e-01
-3.112164663483344418e-01
-3.271900012442316430e-01
-3.170920697711692160e-01
-2.831139790307186099e-01
-2.298712875674013834e-01
-1.639784167446459717e-01
-9.339191791015742650e-02
-2.659389960719604068e-02
2.829212194692164867e-02
6.435119352097823375e-02
7.659413854016039469e-02
6.245909926561837161e-02
2.204083275419913696e-02
-4.197508463927111105e-02
-1.246592774925877334e-01
-2.194182302565958753e-01
-3.187301131863269910e-01
-4.149432015225122949e-01
-5.010393757863158548e-01
-5.712747682998429166e-01
-6.216309209251602574e-01
5.024369431918529472e-01
4.645621141666889109e-01
4.081762707356714759e-01
3.362845168462367251e-01
2.535039591558298500e-01
1.657310988828371578e-01
7.962754690233084243e-02
1.972876400029570376e-03
-6.104480969606219942e-02
-1.045169650974001885e-01
-1.253956461515779441e-01
-1.228913957241823118e-01
-9.863198567120137761e-02
-5.655417848000109105e-02
-2.533136301966970594e-03
5.621333504501401651e-02
1.118801062687786452e-01
1.569034513610209625e-01
1.847670591240583027e-01
1.906912633419008962e-01
1.721254186529392882e-01
1.289876440164796634e-01
6.362769876575052885e-02
-1.947659188529847138e-02
-1.142458904354666516e-01
-2.136785608720858654e-01
-3.105953792753303189e-01
-3.983580703923225164e-01
-4.714782581698388486e-01
-5.260528452928430188e-01
6.119787063933153082e-01
5.918145442536540957e-01
5.530872781803992666e-01
4.980707255509164710e-01
4.306092459329687316e-01
3.558432736451110912e-01
2.797588432976784167e-01
2.086035607582814033e-01
1.482326461213729074e-01
1.034619843346876733e-01
7.750830410041484320e-02
7.158892632976482373e-02
8.473584120342192438e-02
1.138534761170270082e-01
1.540197473166666220e-01
1.989997508923203595e-01
2.419146868181485388e-01
2.759888088570078835e-01
2.952869632178294901e-01
2.953560376637743290e-01
2.736954237672374335e-01
2.300029988999361397e-01
1.661714458706435027e-01
8.604121108753587377e-02
-5.053230363738836495e-03
-1.008821182513931491e-01
-1.949863389439957517e-01
-2.813276933785188727e-01
-3.548472272289475149e-01
-4.118721963862258528e-01
6.997143202652905680e-01
6.972019059283504072e-01
6.765321366581387164e-01
6.391898285258645895e-01
5.881489003032487339e-01
5.276642072449290177e-01
4.628977000250966700e-01
3.994137120945314701e-01
3.425981958781801895e-01
2.970699600951340891e-01
2.661562309758307432e-01
2.514993471015246618e-01
2.528467265365054173e-01
2.680543477605118463e-01
2.933077759094517845e-01
3.235377026085006769e-01
3.529825865149914255e-01
3.758324475969070377e-01
3.868775958060027276e-01
3.820854396510212636e-01
3.590376791131796308e-01
3.171780261377895038e-01
2.578448220309846328e-01
1.840903144942502290e-01
1.003151747471285327e-01
1.176933559921560651e-02
-7.601474992603803049e-02
-1.577848500183525182e-01
-2.290607503473386930e-01
-2.865018730037701689e-01
7.591118518198585186e-01
7.729512881447183625e-01
7.694729889941310796e-01
7.493683158419813806e-01
7.147014660451177503e-01
6.687714008809083621e-01
6.158224470519766403e-01
5.606299343341782926e-01
5.080055953546406267e-01
4.622802783643910063e-01
4.268267715941775342e-01
4.036823240177117023e-01
3.933191448851321992e-01
3.945932991387398614e-01
4.048803989610635923e-01
4.203832513073677002e-01
4.365751984328464785e-01
4.487260511412331510e-01
4.524474258281719341e-01
4.441922594208626562e-01
4.216495711598218232e-01
3.839893680028910183e-01
3.319321396003468427e-01
2.676400342034778168e-01
1.944494398911153776e-01
1.164841576847107374e-01
3.820191824155617227e-02
-3.606718216529146426e-02
-1.025343021285377576e-01
-1.582717329581909971e-01
7.863114289255730416e-01
8.141402148041936293e-01
8.258701935329828547e-01
8.214463803230098726e-01
8.020430875725703679e-01
7.699951852080930692e-01
7.285954665378294726e-01
6.817757987928396712e-01
6.337060576085266073e-01
5.883569592687989402e-01
5.490789576888308599e-01
5.182484422136751645e-01
4.970246769593077429e-01
4.852473593776018834e-01
4.814872131790082221e-01
4.832430136665183396e-01
4.872603642868175156e-01
4.899327224924580060e-01
4.877354822819685021e-01
4.776405652345867558e-01
4.574623466966714624e-01
4.260953754438356889e-01
3.836189296118369674e-01
3.312609992252882885e-01
2.712323710176645641e-01
2.064575900810084463e-01
1.402414423978500524e-01
7.591564421047408695e-02
1.650995905506554007e-02
-3.551464684224270307e-02
7.805384994661572762e-01
8.192236721446681802e-01
8.433289614220567110e-01
8.521444859160189900e-01
8.460280011858815064e-01
8.264004756163519927e-01
7.956271689061322760e-01
7.567935083032439891e-01
7.133990772764007282e-01
6.690041799866194294e-01
6.268700831463925871e-01
5.896352297293884215e-01
5.590653484424066288e-01
5.359061205692032814e-01
5.198542305830359256e-01
5.096479661904315117e-01
5.032639712031734547e-01
4.981941423638250876e-01
4.917675572348998436e-01
4.814778125669872955e-01
4.652767359505823874e-01
4.418009489328592609e-01
4.105074053289759495e-01
3.717064500576490738e-01
3.264944055014191715e-01
2.766003147779882987e-01
2.241715098283449947e-01
1.715287914029002825e-01
1.209235005999254875e-01
7.432566496875675499e-02
7.440752002256203479e-01
7.900725025276836844e-01
8.232132910158614925e-01
8.422570713057081493e-01
8.468609881497749514e-01
8.376311735462157460e-01
8.160797729937543377e-01
7.844893410322784089e-01
7.456979015442247727e-01
7.028279592245799678e-01
6.589897227260699264e-01
6.169918362802843115e-01
5.790916886626054083e-01
5.468121521061851675e-01
5.208431951091732071e-01
5.010363831090467457e-01
4.864891996955349462e-01
4.757057769074839459e-01
4.668122584005840459e-01
4.577995925180895487e-01
4.467646364112663471e-01
4.321221732727444365e-01
4.127654677299849584e-01
3.881605537194145472e-01
3.583684832166493250e-01
3.239990015751231800e-01
2.861072950578364416e-01
2.460515073567930422e-01
2.053319282305023363e-01
1.654328658035359167e-01
6.818115413080001463e-01
7.315373462122949366e-01
7.702325896555064499e-01
7.962692846505494693e-01
8.087481918525015745e-01
8.075949075174495562e-01
7.935814486571964865e-01
7.682685765196309857e-01
7.338733125323338990e-01
6.930748149750889375e-01
6.487788384442566558e-01
6.038655089160340772e-01
5.609466198660614245e-01
5.221570196606540870e-01
4.890002446378346468e-01
4.622620029222551663e-01
4.419972911801992033e-01
4.275887867955592281e-01
4.178666416254757099e-01
4.112737345820526857e-01
4.060564443956438119e-01
4.004594477483588988e-01
3.929040043634295931e-01
3.821324336402138200e-01
3.673065210342947307e-01
3.480537136383324293e-01
3.244613563138829537e-01
2.970250632047734540e-01
2.665619083565778924e-01
2.341019590502594339e-01
3.679820405109779924e-01
3.236722616343243875e-01
2.622509924158599182e-01
1.864055672299962108e-01
1.002454796004294268e-01
9.013338369100884484e-03
-8.136008834397262524e-02
-1.648140683521305272e-01
-2.357683335638374733e-01
-2.897140387050662902e-01
-3.237123499006016036e-01
-3.367364891304419627e-01
-3.298106700820832571e-01
-3.059235421753753181e-01
-2.697213090642169298e-01
-2.270129814478683838e-01
-1.841437052228630522e-01
-1.473087311785328535e-01
-1.218881918851904833e-01
-1.118803855137244785e-01
-1.194989627050874748e-01
-1.449787717207580151e-01
-1.866087724737299780e-01
-2.409818552666116442e-01
-3.034244716715513990e-01
-3.685474390748871287e-01
-4.308461350852221816e-01
-4.852753411220792068e-01
-5.277314447562920785e-01
-5.553911405157726522e-01
4.967943206744637186e-01
4.664249898417178741e-01
4.179328057628623472e-01
3.535203333600558939e-01
2.768578610358445324e-01
1.928263103674552614e-01
1.070999389865638085e-01
2.560880829623165406e-02
-4.606009854961951727e-02
-1.032527193781526131e-01
-1.427561814334212253e-01
-1.631606958049581502e-01
-1.650269479956570640e-01
-1.508342344241657695e-01
-1.247115521322532672e-01
-9.198081348085604403e-02
-5.856480616062222089e-02
-3.032941892942242132e-02
-1.243782228613210528e-02
-8.792651470174411843e-03
-2.163094698868752927e-02
-5.131707213762739389e-02
-9.635356697488242639e-02
-1.536022632659704568e-01
-2.186817326406647888e-01
-2.864859113160860837e-01
-3.517555035829580401e-01
-4.096303021248659526e-01
-4.561171569413852711e-01
-4.884236662015660757e-01
6.203924203443308416e-01
6.058537164053510171e-01
5.725684351947092354e-01
5.221423710213874969e-01
4.576583838505979274e-01
3.834625753492350020e-01
3.047901260649517607e-01
2.272665278214975326e-01
1.563389494185472572e-01
9.670454879600787201e-02
5.180570411359389921e-02
2.345576178823829266e-02
1.164380004590435252e-02
1.454514034609705186e-02
2.873886119781835641e-02
4.960778105160524448e-02
7.187365811395021731e-02
9.020363434195552421e-02
9.981536220362177692e-02
9.700889015938024551e-02
7.956316977422286940e-02
4.695272799996539487e-02
3.633104737313999633e-04
-5.748896086178610643e-02
-1.227056693574220259e-01
-1.906719330100316578e-01
-2.565775190080101797e-01
-3.159268230949771605e-01
-3.649766941853400115e-01
-4.010547090806957926e-01
7.298675529198150880e-01
7.319643577519228117e-01
7.151237962375618373e-01
6.802800312708576769e-01
6.298161521690147646e-01
5.674024529374778192e-01
4.976785123056692850e-01
4.258092590241867037e-01
3.569637906148049877e-01
2.957780828538086881e-01
2.458669054953751543e-01
2.094455429167739746e-01
1.871089415252877586e-01
1.777964884338147367e-01
1.789474485386794433e-01
1.868282735461164745e-01
1.969916766871971647e-01
2.048112787483293284e-01
2.060267983939480518e-01
1.972342653998424566e-01
1.762635988336135884e-01
1.424010584604331331e-01
9.643452521162412805e-02
4.052253886398971688e-02
-2.208962563028966930e-02
-8.746492292862181883e-02
-1.514262778850829494e-01
-2.100064253419898774e-01
-2.598411039314583726e-01
-2.984622217135518563e-01
8.171054243685681451e-01
8.354647089458602238e-01
8.351449085433667596e-01
8.163783035936313937e-01
7.807819439088838909e-01
7.312535592497686476e-01
6.717194753422505160e-01
6.067581951819549513e-01
5.411409803290456733e-01
4.793431295083747656e-01
4.250847896215486643e-01
3.809572703723594356e-01
3.481804044877952475e-01
3.265200232189445217e-01
3.143744254332550558e-01
3.090175614861107034e-01
3.069673205229411228e-01
3.044322713793717328e-01
2.977813222802127568e-01
2.839790791438881468e-01
2.609353184257279246e-01
2.277291323236678156e-01
1.846852869309177914e-01
1.332998374286649412e-01
7.603138652680868637e-02
1.599087797110930464e-02
-4.342578267881283538e-02
-9.891318997681418368e-02
-1.475931656444402773e-01
-1.872746244713147656e-01
8.757651382862678968e-01
9.088803720487796944e-01
9.240087285059305211e-01
9.206975329953585030e-01
8.997827723042424175e-01
8.633443800417518466e-01
8.145252810599850068e-01
7.572307804555402644e-01
6.957412131926419274e-01
6.342828243264597710e-01
5.766078246693256970e-01
5.256336313718997788e-01
4.831836826941915408e-01
4.498590966438618666e-01
4.250537325277610745e-01
4.071072264521602424e-01
3.935736880037608021e-01
3.815701067297115334e-01
3.681597748416103877e-01
3.507231729812834709e-01
3.272720133543299270e-01
2.966709355212192589e-01
2.587444397334794921e-01
2.142621958427495255e-01
1.648117283930144727e-01
1.125814608736406264e-01
6.008730008026590824e-02
9.881034744804007008e-03
-3.572170699256076165e-02
-7.486197647610252914e-02
9.020347686708780621e-01
9.474405246947330550e-01
9.759405551706794579e-01
9.864586686332987853e-01
9.790855216999325705e-01
9.550911633518432975e-01
9.168158779942353620e-01
8.674487475795680247e-01
8.107179920747004109e-01
7.505286106790141076e-01
6.905894812469007826e-01
6.340730188235567111e-01
5.833457618867338157e-01
5.397986777843637451e-01
5.037930175172999903e-01
4.747230378276677820e-01
4.511827758188147741e-01
4.312120818610914452e-01
4.125887029297324315e-01
3.931292678871421975e-01
3.709628788882194383e-01
3.447463737143285356e-01
3.137993449035310634e-01
2.781483794596239512e-01
2.384821237303954566e-01
1.960300110806501850e-01
1.523863059513131668e-01
1.093063961694845931e-01
6.850344928486459817e-02
3.147073103991213788e-02
8.950394857047945241e-01
9.495887105957235841e-01
9.886323015081559529e-01
1.010569066317706710e+00
1.014824897483863397e+00
1.001916943239138158e+00
9.734124707262306053e-01
9.317850329845985824e-01
8.801832613700889540e-01
8.221382348405217311e-01
7.612424560345153468e-01
7.008361191371318411e-01
6.437344069903959687e-01
5.920234861825490746e-01
5.469436879769682402e-01
5.088674130183392652e-01
4.773680439800270792e-01
4.513659839734848189e-01
4.293300183391429159e-01
4.095073371907259618e-01
3.901541592464013442e-01
3.697409358564148762e-01
3.471111485017727705e-01
3.215799547194962416e-01
2.929673492574051408e-01
2.615689383460144124e-01
2.280747663079937260e-01
1.934519745902880949e-01
1.588098326197736609e-01
1.252656873092424794e-01
8.568417833698613872e-01
9.170429942082642949e-01
9.633700533401572397e-01
9.938213397565087703e-01
1.007273055056611133e+00
1.003586569754879365e+00
9.836277051972952545e-01
9.491945013492709693e-01
9.028606829726433247e-01
8.477516457014203644e-01
7.872770673717252032e-01
7.248483518179420493e-01
6.636096839860603502e-01
6.062086741066909923e-01
5.546269756377907312e-01
5.100837488730944891e-01
4.730164236504198483e-01
4.431349067689887011e-01
4.195380872573714059e-01
4.008759273737959594e-01
3.855370580607773157e-01
3.718408271618817706e-01
3.582141128699970478e-01
3.433366028479202803e-01
3.262431347223947453e-01
3.063774351216170255e-01
2.835974552718206199e-01
2.581377783995151831e-01
2.305386779669553743e-01
2.015539348200229564e-01
7.920483921403045358e-01
8.544132135623054847e-01
9.046706942275856145e-01
9.405564497119726086e-01
9.605334654792783144e-01
9.639322889724080134e-01
9.510202793334268101e-01
9.229914457819722307e-01
8.818770201706326306e-01
8.303853739216636720e-01
7.716871392729430790e-01
7.091666099225343300e-01
6.461631938087006866e-01
5.857267470508900065e-01
5.304082317358042031e-01
4.821027570478246815e-01
4.419562845757354919e-01
4.103407734797624995e-01
3.868959739036688106e-01
3.706300543793268898e-01
3.600662843567838944e-01
3.534194815975434389e-01
3.487841341095542780e-01
3.443161228336131807e-01
3.383917452371807966e-01
3.297310447018150792e-01
3.174769033314788769e-01
3.012264481769150737e-01
2.810164701843445023e-01
2.572691731571448148e-01
4.270433657793992199e-01
4.020432599185777556e-01
3.607890930736658563e-01
3.048149166529377507e-01
2.369029324788726187e-01
1.608983218973262797e-01
8.139192707847323072e-02
3.301186444094918182e-03
-6.860490787458616013e-02
-1.301815433045470372e-01
-1.783271070506850242e-01
-2.112937861540800100e-01
-2.288507860681713024e-01
-2.322792284257954587e-01
-2.241986129542535566e-01
-2.082455617018849625e-01
-1.886436815297504732e-01
-1.697164720072622812e-01
-1.554016408188952925e-01
-1.488241977283802919e-01
-1.519774538632091276e-01
-1.655466554027485160e-01
-1.888913388968642137e-01
-2.201821071812713193e-01
-2.566681612144643965e-01
-2.950362454368721243e-01
-3.318118222045904897e-01
-3.637505691632970661e-01
-3.881728793227646745e-01
-4.032049754791771634e-01
5.511619871310863283e-01
5.391417276564333116e-01
5.097957829525007201e-01
4.641991829515366152e-01
4.047242005727620384e-01
3.348851979842188409e-01
2.590468202078747839e-01
1.820234817247052272e-01
1.086140410971384029e-01
4.312585046059323052e-02
-1.105463692782339760e-02
-5.179231320151821139e-02
-7.839443233716847370e-02
-9.163902209751337291e-02
-9.363781597560871806e-02
-8.755136793808367124e-02
-7.719209504004528877e-02
-6.656432123084721209e-02
-5.939733476737105861e-02
-5.872722382726265622e-02
-6.657593926007303320e-02
-8.376266939693735591e-02
-1.098650051159484609e-01
-1.433279039408116018e-01
-1.816997834007791635e-01
-2.219597486556899313e-01
-2.608900758888993976e-01
-2.954449071831327100e-01
-3.230699029972712855e-01
-3.419374909851246591e-01
6.699940345288806220e-01
6.724183053776342511e-01
6.567918966576292705e-01
6.236489641226244940e-01
5.748396403354227857e-01
5.134132499373909031e-01
4.433637597264643571e-01
3.692617898071713367e-01
2.958136491535816592e-01
2.273987246284816521e-01
1.676404650175620514e-01
1.190625816088579092e-01
8.287150391504993774e-02
5.889015333345212072e-02
4.564900641518270658e-02
4.062082995654189149e-02
4.056796322694380258e-02
4.195781248738385955e-02
4.139490264994869634e-02
3.601720753289908844e-02
2.381050111843665412e-02
3.806242135942966565e-03
-2.385560844517336382e-02
-5.799960568524514110e-02
-9.660710622455255525e-02
-1.370967826442026360e-01
-1.766526815625154567e-01
-2.125555461292737147e-01
-2.424758732228168290e-01
-2.646955657811605467e-01
7.753228296831983224e-01
7.926911080906371421e-01
7.916790921750864740e-01
7.722314340408004130e-01
7.355955121899834248e-01
6.842491760319678873e-01
6.216931477901220804e-01
5.521278171658763334e-01
4.800500716492448472e-01
4.098170067328111288e-01
3.452281714911605848e-01
2.891757710511517754e-01
2.434033976604836336e-01
2.083997779052479959e-01
1.834367678614721719e-01
1.667428005009471970e-01
1.557865760936465171e-01
1.476330495530629450e-01
1.393262136890059955e-01
1.282516010015013475e-01
1.124358523930681086e-01
9.075039541238841267e-02
6.299984193980470715e-02
2.989126936301395726e-02
-7.104047494736066837e-03
-4.597173482198350924e-02
-8.442438917407288357e-02
-1.201827743279048899e-01
-1.512318185874938214e-01
-1.760215846509795012e-01
8.596079197714964204e-01
8.913803306466885346e-01
9.048614650842830009e-01
8.993966064096181601e-01
8.755891585089952134e-01
8.352762681492803543e-01
7.813749470129349728e-01
7.176131471283696550e-01
6.481755130549285981e-01
5.773048086687094793e-01
5.089056519039434345e-01
4.461964691884014456e-01
3.914487730450734171e-01
3.458411195227434343e-01
3.094402013464607193e-01
2.813055891730824043e-01
2.596997677190440168e-01
2.423731786567004942e-01
2.268863539749824132e-01
2.109286696619054324e-01
1.925958744871296702e-01
1.705958087869091921e-01
1.443625124917446434e-01
1.140716932044539000e-01
8.056351648746251648e-02
4.519012879995405046e-02
9.613719095383117808e-03
-2.441476303429666178e-02
-5.526627824482432949e-02
-8.160813452187572203e-02
9.168696585598400395e-01
9.615118751774980321e-01
9.883655412674727803e-01
9.962067947526171974e-01
9.849967720993551001e-01
9.559053189267089357e-01
9.112140967984758699e-01
8.541079089712072525e-01
7.883773305685132238e-01
7.180668074816161095e-01
6.471087197440488215e-01
5.789847245078407756e-01
5.164511045201459760e-01
4.613557347483764337e-01
4.145621032890743907e-01
3.759823521715922601e-01
3.447083419485193478e-01
3.192188884648270442e-01
2.976337849318101414e-01
2.779817288987676549e-01
2.584500071507377372e-01
2.375884145806882453e-01
2.144475992743857251e-01
1.886416879738618546e-01
1.603353019840698668e-01
1.301645427611181627e-01
9.910898596237924241e-02
6.833628029895702505e-02
3.904217056453616191e-02
1.230673868908164353e-02
9.433869656604987330e-01
9.985283335352017620e-01
1.036764915820517441e+00
1.056370913594606220e+00
1.056708640021604362e+00
1.038297404773447230e+00
1.002773167127161136e+00
9.527421662923778456e-01
8.915446895469546496e-01
8.229557658678126053e-01
7.508564265431681983e-01
6.789114631628576646e-01
6.102872764780565840e-01
5.474370550023666127e-01
4.919712622047065498e-01
4.446206419211468086e-01
4.052881260089868931e-01
3.731764594415197256e-01
3.469710758250007521e-01
3.250534219684194648e-01
3.057188043403229472e-01
2.873747845392402578e-01
2.687007131368300272e-01
2.487554185478025315e-01
2.270274421969994960e-01
2.034295541494889059e-01
1.782456767080602689e-01
1.520430485101844920e-01
1.255650146887464236e-01
9.962009783369862870e-02
9.380957258825233236e-01
1.000776928496859730e+00
1.047761233833857553e+00
1.076918036704581860e+00
1.087090348595655342e+00
1.078203164182822471e+00
1.051275716261549142e+00
1.008335581230824340e+00
9.522440196176148453e-01
8.864518857550139908e-01
8.147126116589988865e-01
7.407823651214080485e-01
6.681372887262831961e-01
5.997340811179504572e-01
5.378338458120578425e-01
4.839011219786135687e-01
4.385814188561248939e-01
4.017524189519668387e-01
3.726371300045875357e-01
3.499622425987608532e-01
3.321421152700892998e-01
3.174682318266287551e-01
3.042854976876010475e-01
2.911400143288859210e-01
2.768875005842461601e-01
2.607567332782044778e-01
2.423676437523649141e-01
2.217084514132268702e-01
1.990799574198113264e-01
1.750175285799573377e-01
9.026288181694280821e-01
9.696021403794521376e-01
1.022335458762434479e+00
1.058410445639663466e+00
1.076257200683114368e+00
1.075294258292681215e+00
1.055986547946757170e+00
1.019814691236518689e+00
9.691587879036578368e-01
9.071089341085232238e-01
8.372219840997484619e-01
7.632487296271470711e-01
6.888573879112938059e-01
6.173781438330441240e-01
5.515899142730457116e-01
4.935651431593486294e-01
4.445820394471842740e-01
4.051069670789024246e-01
3.748433272986205211e-01
3.528377537665294272e-01
3.376301468249059412e-01
3.274312510037788448e-01
3.203102545909167764e-01
3.143752728527839380e-01
3.079314651087514121e-01
2.996047135179718546e-01
2.884229296930633235e-01
2.738517290286028860e-01
2.557859324094524101e-01
2.345026167250232607e-01
8.410033910531898860e-01
9.090424632395511795e-01
9.644618109949618656e-01
1.004680985361748213e+00
1.027839069685913653e+00
1.032957151496522563e+00
1.020032961459570675e+00
9.900573740452960347e-01
9.449505507865837428e-01
8.874236118857802280e-01
8.207788695853620586e-01
7.486671003163817284e-01
6.748236288491401558e-01
6.028060143581704944e-01
5.357549984064312598e-01
4.761974194756676271e-01
4.259054446607118960e-01
3.858211810133293507e-01
3.560499659022383634e-01
3.359198335169116811e-01
3.240992248868962977e-01
3.187603421555500471e-01
3.177720092612640879e-01
3.189038090447784413e-01
3.200228551441497982e-01
3.192659272758828770e-01
3.151727737589601896e-01
3.067708829414833582e-01
2.936074626427266909e-01
2.757301059666369403e-01
