-9.552264919670511167e-01
-1.138367573871445826e+00
-1.338507404700549852e+00
-1.546278822514053797e+00
-1.750404283899596791e+00
-1.938523027709165181e+00
-2.098228671135593970e+00
-2.218212862590025036e+00
-2.289388488136927080e+00
-2.305860211084275413e+00
-2.265622264300537481e+00
-2.170892095348326833e+00
-2.028029875308632324e+00
-1.847042395974736184e+00
-1.640718975760563136e+00
-1.423490241379109289e+00
-1.210132590540576203e+00
-1.014457945754609680e+00
-8.481282826256650864e-01
-7.197177038094688672e-01
-6.341138940788693112e-01
-5.923096775198298802e-01
-5.915893339306854681e-01
-6.260691065936740962e-01
-6.875125891466634664e-01
-7.663141844582170847e-01
-8.525308226583112603e-01
-9.368448324430642682e-01
-1.011358273979089395e+00
-1.070148059071928781e+00
-7.806100221642116033e-01
-9.537350666311686931e-01
-1.146789222071254333e+00
-1.350714830835912039e+00
-1.554351009902064984e+00
-1.745243547871099699e+00
-1.910682756806719951e+00
-2.038864979101078223e+00
-2.120049505478975416e+00
-2.147575469452568164e+00
-2.118614447828056413e+00
-2.034562746971443126e+00
-1.901018827377430220e+00
-1.727340264704404493e+00
-1.525824392861794276e+00
-1.310600759255068581e+00
-1.096356198320867392e+00
-8.970308472786447940e-01
-7.246240179761234135e-01
-5.882329035924482863e-01
-4.934170508345457895e-01
-4.419414208604945937e-01
-4.319058692563554902e-01
-4.582246612870772284e-01
-5.133816692295739559e-01
-5.883597532495022930e-01
-6.736295897273562039e-01
-7.600850305973620991e-01
-8.398279894363389619e-01
-9.067329152589040930e-01
-5.795612699405338075e-01
-7.370635753764978038e-01
-9.173591203194888521e-01
-1.111991587254111291e+00
-1.310236301453811647e+00
-1.499867502473967384e+00
-1.668167385203346065e+00
-1.803075655503594721e+00
-1.894352990009967153e+00
-1.934623105571632973e+00
-1.920167864939332336e+00
-1.851376792089959533e+00
-1.732792728583946174e+00
-1.572743404129899547e+00
-1.382597767302324865e+00
-1.175729495585678519e+00
-9.663026927845067560e-01
-7.680126196808600980e-01
-5.929157062566434711e-01
-4.504685188680213059e-01
-3.468672047750085419e-01
-2.847411570621433130e-01
-2.632121955128760571e-01
-2.782887997591009244e-01
-3.235289637382825489e-01
-3.908792910535090481e-01
-4.715848319791291487e-01
-5.570649034520374077e-01
-6.396638428934275922e-01
-7.132096610013411997e-01
-3.641273835344706056e-01
-5.013779004741257816e-01
-6.640668856392020203e-01
-8.445982950898947017e-01
-1.032979486629188814e+00
-1.217522662640195374e+00
-1.385797380474606655e+00
-1.525738752470910065e+00
-1.626789681052968950e+00
-1.680945361742195887e+00
-1.683576173056517078e+00
-1.633929904942738265e+00
-1.535252390738336636e+00
-1.394511442551765068e+00
-1.221756081116623482e+00
-1.029185070831234228e+00
-8.300304404148598492e-01
-6.373794108742034670e-01
-4.630604190664048270e-01
-3.167062259463552798e-01
-2.050817633069011436e-01
-1.317301323867593466e-01
-9.695162048188174508e-02
-9.809262673539453914e-02
-1.300885578208252624e-01
-1.861807941006919376e-01
-2.587151766864196345e-01
-3.399289934115136691e-01
-4.226443602149769219e-01
-5.008059119473458054e-01
-1.482308155463509525e-01
-2.619574571379185146e-01
-4.033944121408425953e-01
-5.660106248653147265e-01
-7.407946031019081445e-01
-9.168708736633068845e-01
-1.082371726106774901e+00
-1.225477218668483692e+00
-1.335509770086694470e+00
-1.403958272284449471e+00
-1.425312429874947107e+00
-1.397610068032947961e+00
-1.322635024058705477e+00
-1.205745694904392096e+00
-1.055358233502169396e+00
-8.821478025544440271e-01
-6.980612669844675766e-01
-5.152519391440180119e-01
-3.450501209260523061e-01
-1.970727665037355081e-01
-7.855382008287262185e-02
6.052918713922245120e-03
5.518007383343216665e-02
6.997687461619089833e-02
5.390674416931258428e-02
1.217709309364808923e-02
-4.892202430675757219e-02
-1.226919882502952586e-01
-2.026417295192476653e-01
-2.829905004807452551e-01
5.381922452387312428e-02
-3.469732311504367117e-02
-1.526810702639377626e-01
-2.948007849726823060e-01
-4.532104907881810973e-01
-6.180672992524405274e-01
-7.783034169280241832e-01
-9.225755859973812090e-01
-1.040288764267760957e+00
-1.122578420072724681e+00
-1.163139329742372219e+00
-1.158807501553564601e+00
-1.109832698787162952e+00
-1.019817160796315569e+00
-8.953358868698779727e-01
-7.452897776369844518e-01
-5.800705357644646565e-01
-4.106325734642242153e-01
-2.475711117974469244e-01
-1.002977717568003385e-01
2.361272513596674241e-02
1.188555838565864137e-01
1.825872297508351338e-01
2.143808159554538018e-01
2.159758647606684623e-01
1.908700884932231778e-01
1.438122295330287459e-01
8.025775737501053553e-02
5.844981297159962397e-03
-7.406106728583347620e-02
2.288927749014695312e-01
1.656342943147475211e-01
7.178085618838146720e-02
-4.859299775554763029e-02
-1.889154330478432509e-01
-3.405293050701024837e-01
-4.933519406129737161e-01
-6.367175271611167364e-01
-7.603112206502179449e-01
-8.550909126102659297e-01
-9.140938541011387475e-01
-9.330404829000848999e-01
-9.106741001118825451e-01
-8.488081666889505383e-01
-7.520878874345486853e-01
-6.275045386641794343e-01
-4.837257225452663567e-01
-3.303198686472555434e-01
-1.769579396136269356e-01
-3.267004017020720685e-02
9.477871091756101540e-02
1.993475270467638671e-01
2.769904572417966060e-01
3.257352930315159933e-01
3.455869507673224872e-01
3.382860578059864731e-01
3.069629974350946422e-01
2.557318154822812439e-01
1.892675316963706722e-01
1.124053773556232261e-01
3.664448875239947334e-01
3.269772239083394982e-01
2.564905116411337893e-01
1.578234467554188170e-01
3.624371380973996637e-02
-1.008575286731940163e-01
-2.445077181577456904e-01
-3.848784133088882231e-01
-5.121167418977905506e-01
-6.171916777617966199e-01
-6.926631984676949738e-01
-7.332938744656306573e-01
-7.364439530049819993e-01
-7.022187655133365070e-01
-6.333669074942460675e-01
-5.349548922975360110e-01
-4.138654934695729093e-01
-2.781806746403148178e-01
-1.365151887058866920e-01
2.635775926369855748e-03
1.314805393299087188e-01
2.434053148033425984e-01
3.333130710053435752e-01
3.978160781296131154e-01
4.352849714680465110e-01
4.457682735053724588e-01
4.308044515043033540e-01
3.931537104649439063e-01
3.364790577132692473e-01
2.650060830255628885e-01
4.595529347648589225e-01
4.411649279639897614e-01
3.920642188662825101e-01
3.139440668936175904e-01
2.108115358160985719e-01
8.878293514054412527e-02
-4.434185784683962461e-02
-1.796850239697712071e-01
-3.080124705111390027e-01
-4.204940523052406176e-01
-5.094221557865734606e-01
-5.688164552884898972e-01
-5.948594182606876668e-01
-5.861295004955999755e-01
-5.436232188097762652e-01
-4.705798772888005743e-01
-3.721408798326127920e-01
-2.548876343973081049e-01
-1.263076001351242095e-01
5.762344319607953791e-03
1.336709951454818912e-01
2.504300664412875688e-01
3.501065231269134825e-01
4.281123016814485371e-01
4.813823988676803056e-01
5.084399973480561163e-01
5.093540021610336588e-01
4.856002291294099771e-01
4.398426093748658561e-01
3.756550692743435005e-01
5.054458778190241697e-01
5.045551318390923967e-01
4.739646496927372166e-01
4.143677549753047584e-01
3.286161741023876370e-01
2.216058442454046928e-01
9.996033981735538698e-02
-2.845806000747066328e-02
-1.551589377231095135e-01
-2.716919654491462000e-01
-3.703046324321369598e-01
-4.445261388298074601e-01
-4.896264350403779497e-01
-5.029165921287911400e-01
-4.838757492366803081e-01
-4.341079303884767815e-01
-3.571468602531010506e-01
-2.581372999388101275e-01
-1.434271342428638518e-01
-2.010605877386192897e-02
1.044746737125118313e-01
2.231701717039247523e-01
3.294701832903851324e-01
4.178645997751049279e-01
4.841272994722291001e-01
5.255040253463996169e-01
5.407953018862088346e-01
5.303317431565527373e-01
4.958464652590869881e-01
4.402572355610576138e-01
-9.205143225779499616e-01
-1.114186617940292834e+00
-1.326388148452544824e+00
-1.546828673356253958e+00
-1.763105964053998553e+00
-1.961623586254872542e+00
-2.128741861053737416e+00
-2.252045531418786162e+00
-2.321587256002407784e+00
-2.330960039108173731e+00
-2.278065626601524229e+00
-2.165478189895159389e+00
-2.000348936629715801e+00
-1.793851274269644192e+00
-1.560220504769972205e+00
-1.315489597460397064e+00
-1.076057371909446170e+00
-8.572432971634471599e-01
-6.719822424644625869e-01
-5.297934491577683813e-01
-4.361234942107435342e-01
-3.921176473295048814e-01
-3.948235794404775789e-01
-4.377821832116030043e-01
-5.119183995288277833e-01
-6.066154796351720391e-01
-7.108424283439893632e-01
-8.142076604906436366e-01
-9.078309679078102601e-01
-9.849573262028199494e-01
-7.334648501163198997e-01
-9.156712014091130669e-01
-1.119354527563516166e+00
-1.334560362708003822e+00
-1.549026430250119546e+00
-1.749081578581562546e+00
-1.920795605812678719e+00
-2.051263666515361184e+00
-2.129882741037458338e+00
-2.149470174287391178e+00
-2.107087245350799609e+00
-2.004462584954830540e+00
-1.847956602904073709e+00
-1.648062438513346217e+00
-1.418493846607178144e+00
-1.174958607812868649e+00
-9.337514362962854308e-01
-7.103188270836038321e-01
-5.179480611700502113e-01
-3.667143049084184980e-01
-2.627862273911079627e-01
-2.081463900164735592e-01
-2.007335558078183202e-01
-2.349661845135325722e-01
-3.025655811257100813e-01
-3.935682786632608288e-01
-4.974034350676578287e-01
-6.039133956059480335e-01
-7.042129593705729329e-01
-7.913120675215679078e-01
-5.212740720113460124e-01
-6.861623097395694870e-01
-8.753683437953685420e-01
-1.079590302034806326e+00
-1.287055843542510125e+00
-1.484374278841478212e+00
-1.657652915635213553e+00
-1.793764808559219048e+00
-1.881627549625332740e+00
-1.913343798954213471e+00
-1.885065731181724491e+00
-1.797476017612929411e+00
-1.655823016637825162e+00
-1.469501055966655922e+00
-1.251220643321472092e+00
-1.015860931049751059e+00
-7.791318150275334808e-01
-5.561916682267926682e-01
-3.603672375806679096e-01
-2.021053842490384000e-01
-8.825494540929450238e-02
-2.173549431467309764e-02
-1.603643678670635397e-03
-2.348257277996435022e-02
-8.028208772763004153e-02
-1.631091518182337108e-01
-2.622552939406825323e-01
-3.681485500740018790e-01
-4.721725326784999011e-01
-5.672809414477231194e-01
-2.969930771336511399e-01
-4.398268213861443732e-01
-6.095605414333908900e-01
-7.978254107833251396e-01
-9.936617650689529846e-01
-1.184298829370023842e+00
-1.356206835616702522e+00
-1.496315354518621632e+00
-1.593263356736320580e+00
-1.638536198922296405e+00
-1.627354293219046344e+00
-1.559206345612254907e+00
-1.437962542198778060e+00
-1.271553673687834785e+00
-1.071253732724864127e+00
-8.506490450548535032e-01
-6.244107958129392344e-01
-4.070061241038431810e-01
-2.114843030130038604e-01
-4.845968524808039191e-02
7.461517371432710433e-02
1.538302939653350410e-01
1.888386902268404666e-01
1.825427549410465755e-01
1.405076266481167235e-01
7.018755501759785242e-02
-1.993585004860000398e-02
-1.212045718317866644e-01
-2.255372773857332869e-01
-3.260187050429550482e-01
-7.535831736039909357e-02
-1.929024913594841739e-01
-3.395196015965979974e-01
-5.079950133255543010e-01
-6.884522240021361261e-01
-8.690390873177601394e-01
-1.036888921644328665e+00
-1.179259729030115444e+00
-1.284726283742803954e+00
-1.344288315507395470e+00
-1.352265345639607874e+00
-1.306873776755699268e+00
-1.210420659371135077e+00
-1.069095265589043109e+00
-8.923874163459103448e-01
-6.922039135925441844e-01
-4.817861227760357190e-01
-2.745493125493168041e-01
-8.296653195503871092e-02
8.239256255331357803e-02
2.135818171935147669e-01
3.057038923145792841e-01
3.570229982732247009e-01
3.687822790777885995e-01
3.447730645740152422e-01
2.907250922643128122e-01
2.135986794994523263e-01
1.208611970417175635e-01
1.982189720383692455e-02
-8.291681737474204672e-02
1.288100005217195643e-01
3.807249761758017825e-02
-8.336657731155966422e-02
-2.295919245365711236e-01
-3.920089888584085136e-01
-5.599216567116110932e-01
-7.213815135032188852e-01
-8.642234345069623735e-01
-9.771742785977717283e-01
-1.050908951334069696e+00
-1.078933034276744474e+00
-1.058192568644199083e+00
-9.893458580457317186e-01
-8.766739051317514742e-01
-7.276491066196102420e-01
-5.522201566612739976e-01
-3.618999802061893534e-01
-1.687599353010053593e-01
1.556351390262654052e-02
1.807530518327860325e-01
3.185088422686771503e-01
4.230105727804472915e-01
4.911222435400134367e-01
5.223473027541361002e-01
5.185663015629586869e-01
4.836074834805410561e-01
4.227113267342003100e-01
3.419527570857387455e-01
2.476802320376705613e-01
1.460206155558991525e-01
3.022442611810236546e-01
2.380885331978674913e-01
1.422527568592761305e-01
1.929218921971794995e-02
-1.235960416912287030e-01
-2.770341358829054856e-01
-4.301874539896226590e-01
-5.716786990333707630e-01
-6.905932124739837530e-01
-7.774629867445890241e-01
-8.251195075504456078e-01
-8.293229494839053917e-01
-7.891043996187554477e-01
-7.067938467400977087e-01
-5.877441105520309073e-01
-4.397944385178330640e-01
-2.725430147606057174e-01
-9.651257886708472511e-02
7.770298635801242693e-02
2.402299528043376764e-01
3.825777012775912200e-01
4.981273117302679188e-01
5.824221591863717462e-01
6.332586005757010472e-01
6.505936078162404268e-01
6.363005147517142301e-01
5.938131754453295219e-01
5.277027578603368241e-01
4.432306465263194384e-01
3.459163893587111072e-01
4.346499446754658602e-01
3.952715851345048881e-01
3.239500930759513508e-01
2.239038034847301017e-01
1.009029298742310232e-01
-3.707442860934147266e-02
-1.804349416945615625e-01
-3.187526069277332730e-01
-4.416570823755210928e-01
-5.397301887587709901e-01
-6.053132030782342188e-01
-6.331409150936078145e-01
-6.207421859614751236e-01
-5.685767514872671624e-01
-4.799094606203296864e-01
-3.604515287255773970e-01
-2.178202259462954926e-01
-6.088168345045986279e-02
1.009542748734612028e-01
2.584222577017586397e-01
4.030174729037104275e-01
5.274989527256019883e-01
6.262542458304660720e-01
6.955148494354407296e-01
7.334246171069309650e-01
7.399737166316608938e-01
7.168182653569227236e-01
6.670107455756781878e-01
5.946690661031819314e-01
5.046130366541137224e-01
5.196998843619354824e-01
5.020302017032037822e-01
4.528871404571884751e-01
3.742499779914308933e-01
2.705125261870577336e-01
1.482503231869443661e-01
1.575733957309519498e-02
-1.176023694425126498e-01
-2.421592643305729708e-01
-3.487369517217976944e-01
-4.294008298162484971e-01
-4.780821780167103796e-01
-4.910215623619978986e-01
-4.669993549421164181e-01
-4.073465623074192798e-01
-3.157522950717805976e-01
-1.979022723338974832e-01
-6.099420010331632613e-02
8.681951509337955397e-02
2.370125500203125735e-01
3.812453681173991749e-01
5.118702932938683503e-01
6.223542123223745337e-01
7.076005864564238745e-01
7.641599419356758238e-01
7.903245656397128727e-01
7.861090989351839919e-01
7.531245082764672638e-01
6.943587320294792864e-01
6.138830201722293989e-01
5.554716292806183287e-01
5.555917418817766240e-01
5.254087870009640504e-01
4.658197741067253150e-01
3.799594005158139498e-01
2.730668386950060311e-01
1.521433759616295234e-01
2.543390253640138293e-02
-9.821369947393443489e-02
-2.100441958623892880e-01
-3.020751499911900062e-01
-3.676969598234308689e-01
-4.021416121484722161e-01
-4.027871374898321921e-01
-3.692843526225431106e-01
-3.035105555493282092e-01
-2.093692192560388243e-01
-9.246433295350402204e-02
4.031712420740433955e-02
1.812801488441426190e-01
3.224213015134854698e-01
4.559229018743669593e-01
5.746147948468312006e-01
6.723793736563121737e-01
7.444781804332643027e-01
7.877815685905689147e-01
8.008873683066680682e-01
7.841208171328204468e-01
7.394162872848575319e-01
6.700910102157970893e-01
-8.399326664331372427e-01
-1.028344109602874701e+00
-1.235570163747837569e+00
-1.451135010042251983e+00
-1.662398771345089621e+00
-1.855506714971026039e+00
-2.016578154660367606e+00
-2.133013542883309466e+00
-2.194773280985994113e+00
-2.195476098738566861e+00
-2.133179975603971101e+00
-2.010742736953871290e+00
-1.835707996752911741e+00
-1.619718306501737093e+00
-1.377513540831982519e+00
-1.125621274829456064e+00
-8.808810316858908251e-01
-6.589616694843525302e-01
-4.730291287172733172e-01
-3.327010658912493701e-01
-2.433886047579197354e-01
-2.060784005147693887e-01
-2.175564664411916704e-01
-2.710252317574406988e-01
-3.570232150350657330e-01
-4.645275291017522679e-01
-5.821064279675319808e-01
-6.989932805828751317e-01
-8.059733375295442537e-01
-8.960068822921480880e-01
-6.510228392576694612e-01
-8.269193783371053819e-01
-1.024354063250304980e+00
-1.233192384329953040e+00
-1.440952745404374902e+00
-1.633736947249136540e+00
-1.797416893824019368e+00
-1.918956180757746655e+00
-1.987718603987933097e+00
-1.996608633302350277e+00
-1.942903164759053336e+00
-1.828667657296441096e+00
-1.660698331228639635e+00
-1.449988596199399460e+00
-1.210774469845611767e+00
-9.592629072520578726e-01
-7.121824861296526255e-01
-4.853136820860185496e-01
-2.921544071631548278e-01
-1.428564718830231395e-01
-4.353330328932434462e-02
4.006519609942073464e-03
2.095614803849864261e-03
-4.334180436442405804e-02
-1.236405259903443354e-01
-2.284325956819228398e-01
-3.467469322376929841e-01
-4.680473401662976207e-01
-5.831042436172745314e-01
-6.846253334145275815e-01
-4.408427840291078148e-01
-5.986063737460610712e-01
-7.804851995003587728e-01
-9.770043115870632455e-01
-1.176195205849741354e+00
-1.364478930138007140e+00
-1.527817172955705072e+00
-1.653013616225579296e+00
-1.729020076521790461e+00
-1.748093662357273370e+00
-1.706664067165441612e+00
-1.605802524016112898e+00
-1.451231171557675559e+00
-1.252866796755839118e+00
-1.023948371274756131e+00
-7.798460368449436908e-01
-5.366841513664589725e-01
-3.099287365111093040e-01
-1.130887058243181809e-01
4.333839722310441761e-02
1.525786122353993690e-01
2.118971677405221965e-01
2.225100078326139041e-01
1.891290611366134577e-01
1.192171724107547182e-01
2.205525011015974785e-02
-9.226328832355787379e-02
-2.137979703606406046e-01
-3.335896169442924553e-01
-4.442808479592130211e-01
-2.227280161076760912e-01
-3.579469578888097026e-01
-5.195738033308771042e-01
-6.990737942026465923e-01
-8.853170231196407780e-01
-1.065387956722933627e+00
-1.225669211134313930e+00
-1.353088772023883557e+00
-1.436391554225302514e+00
-1.467286686091018977e+00
-1.441332966342899979e+00
-1.358455013378372378e+00
-1.223027176228730806e+00
-1.043514692760711515e+00
-8.317143652244578522e-01
-6.016830177105468858e-01
-3.684754343086358297e-01
-1.468306805384596569e-01
5.005457180083767998e-02
2.115437697040688514e-01
3.302772918628815724e-01
4.025351856378936444e-01
4.282350302288954746e-01
4.105947506381117940e-01
3.555243435911996097e-01
2.708344834723657168e-01
1.653616917476527504e-01
4.810869627599576731e-02
-7.251403588542811030e-02
-1.892812150516793857e-01
-1.130682235561181886e-02
-1.211324618736889236e-01
-2.592408443995490863e-01
-4.182576310340571646e-01
-5.881625639279578488e-01
-7.570037664991450255e-01
-9.118866855673626315e-01
-1.040136644133717203e+00
-1.130505768947259959e+00
-1.174284501589116569e+00
-1.166186795450042668e+00
-1.104905031667281046e+00
-9.932713977846178155e-01
-8.380107309276594307e-01
-6.491185789150029084e-01
-4.389407917564699391e-01
-2.210620032194458018e-01
-9.126605269831389311e-03
1.842837472232883023e-01
3.486062680751579324e-01
4.760028763869391666e-01
5.617652803695993846e-01
6.044052343345662770e-01
6.054506224637268286e-01
5.689971618255200703e-01
5.010861741124741364e-01
4.089894468561838803e-01
3.004824579314585575e-01
1.831782271687046881e-01
6.397789348350062244e-02
1.791209674876684255e-01
9.579621519426945175e-02
-1.715211221640647321e-02
-1.536535629341077569e-01
-3.049948434694214616e-01
-4.604234693563780123e-01
-6.080205499342259401e-01
-7.357536831307036618e-01
-8.325934516133483010e-01
-8.895656462518605201e-01
-9.006178690529982322e-01
-8.632023531308189446e-01
-7.785127933222455443e-01
-6.513559904709202986e-01
-4.896827249459894116e-01
-3.038404282147892932e-01
-1.056381699362508586e-01
9.267061360858729058e-02
2.793810812999433235e-01
4.442104708175016459e-01
5.789781415829424738e-01
6.780455627402436347e-01
7.384991554636138877e-01
7.600868859761062968e-01
7.449429313546209741e-01
6.971515377140506953e-01
6.222103590395937633e-01
5.264551320221755315e-01
4.165024088003585478e-01
2.987567770932260114e-01
3.361806486182495890e-01
2.787422424668534182e-01
1.909605685747628734e-01
7.754345533063647378e-02
-5.421515156394068891e-02
-1.949199541456711482e-01
-3.338171539218964812e-01
-4.597198239332376257e-01
-5.620140506921460499e-01
-6.316322084026328998e-01
-6.618838419927969285e-01
-6.490537152134866483e-01
-5.927071743148789595e-01
-4.956799894367008852e-01
-3.637675370614229520e-01
-2.051612503087896777e-01
-2.970460369115429655e-02
1.519458148615720483e-01
3.291667961853190771e-01
4.921436618778222138e-01
6.325113723921099718e-01
7.438197082761932588e-01
8.218028727574433479e-01
8.644547026390216882e-01
8.719280428234211788e-01
8.462895189991905820e-01
7.911685417780542906e-01
7.113421751948656446e-01
6.122962374015816778e-01
4.997986322339934562e-01
4.507475451858398152e-01
4.170621416652606772e-01
3.529836739452470451e-01
2.618822415940951220e-01
1.496070907292028629e-01
2.412157289680934291e-02
-1.051040903253336600e-01
-2.278807370830776557e-01
-3.341830030698007548e-01
-4.150288918594108867e-01
-4.632600098560172852e-01
-4.741411687810840325e-01
-4.457230206101140957e-01
-3.789420317290719264e-01
-2.774634929600461319e-01
-1.473008725791680740e-01
3.734731827586493941e-03
1.666898072826806243e-01
3.321607163668868212e-01
4.909609982496179192e-01
6.347128147730737302e-01
7.563259789207175121e-01
8.503429695214763662e-01
9.131420699891470427e-01
9.430021184395512845e-01
9.400409192451284479e-01
9.060453274807520607e-01
8.442148913752274275e-01
7.588432894397023620e-01
6.549630297468024276e-01
5.178039070841307101e-01
5.045671657972511381e-01
4.615623851657031373e-01
3.909209461907545702e-01
2.971024283964883717e-01
1.866432820427936234e-01
6.768308411424549254e-02
-5.068398034083239356e-02
-1.591625678594125459e-01
-2.490327486067054341e-01
-3.128676304202824277e-01
-3.451207675889523818e-01
-3.425314759117734642e-01
-3.043204499856935197e-01
-2.321731291579108569e-01
-1.300303751832108945e-01
-3.722530690761748084e-03
1.395074757199214199e-01
2.915435271880915113e-01
4.439525716914523024e-01
5.885185851025165338e-01
7.177232739704200171e-01
8.251507039085848039e-01
9.058001296798509072e-01
9.562970267195438634e-01
9.749970150768476618e-01
9.619817215185206827e-01
9.189503540094312584e-01
8.490162692754712470e-01
7.564239948644886358e-01
5.367194290914911736e-01
5.398898026363152525e-01
5.145523406256351517e-01
4.617567224823105332e-01
3.846944395512676973e-01
2.885495064918414121e-01
1.801492910690531690e-01
6.745016806794071340e-02
-4.108753859590196650e-02
-1.371693297633842790e-01
-2.133130311228194076e-01
-2.634111149517671113e-01
-2.831621046413603793e-01
-2.703425677986315279e-01
-2.249102225408943223e-01
-1.489455557610449565e-01
-4.645207521074153079e-02
7.695694198976631151e-02
2.144542703348017998e-01
3.584466187745561916e-01
5.010464104042637867e-01
6.345420495019198359e-01
7.518434182675577393e-01
8.468805969223613950e-01
9.149345833528323979e-01
9.528800556002642308e-01
9.593230861204010695e-01
9.346220419197411866e-01
8.807879479117017851e-01
8.012708226702383030e-01
-7.185359134410106430e-01
-8.878180684920966570e-01
-1.075313778770758955e+00
-1.271090798138202471e+00
-1.463132933606157593e+00
-1.638261769184774508e+00
-1.783289943159981128e+00
-1.886286400593536694e+00
-1.937810034934782877e+00
-1.931963247176343490e+00
-1.867132564150763230e+00
-1.746317695983160334e+00
-1.576998534746416381e+00
-1.370544853626153081e+00
-1.141228241614622441e+00
-9.049428014939913112e-01
-6.777743879815187888e-01
-4.745737773034774953e-01
-3.076856899851656002e-01
-1.859640525867565786e-01
-1.141674949920739313e-01
-9.278275371503022506e-02
-1.182733606724079983e-01
-1.837030336637904826e-01
-2.796433989053099811e-01
-3.952487494566087056e-01
-5.193693861579437021e-01
-6.415804406942677840e-01
-7.530234076315853731e-01
-8.469893308195513004e-01
-5.334643858335121891e-01
-6.894858048463092803e-01
-8.660998283569398826e-01
-1.053705046188961658e+00
-1.240453932962780614e+00
-1.413157732657008392e+00
-1.558437632054172406e+00
-1.664002650013201468e+00
-1.719909203318426227e+00
-1.719651311477204514e+00
-1.660945348358479956e+00
-1.546107258566020271e+00
-1.381968394275294276e+00
-1.179331700163511076e+00
-9.520251162239814491e-01
-7.156563758949133769e-01
-4.862068593954675944e-01
-2.786179780473758694e-01
-1.055203761795205364e-01
2.376480704221482429e-02
1.038589537476616864e-01
1.335447673268926883e-01
1.155712172990266684e-01
5.609141985855058132e-02
-3.618133753848128131e-02
-1.509882019680465204e-01
-2.775878018862674157e-01
-4.057502243710974232e-01
-5.265831998798430336e-01
-6.331212604334526262e-01
-3.325149079697670151e-01
-4.702742428998189506e-01
-6.308273626740474871e-01
-8.052013004675082630e-01
-9.820520927094082975e-01
-1.148525374237361563e+00
-1.291373187818530610e+00
-1.398210807767554131e+00
-1.458770980216938185e+00
-1.466005895567449979e+00
-1.416900976445229832e+00
-1.312897351015710701e+00
-1.159866876906658018e+00
-9.676379207862637610e-01
-7.491240729648995789e-01
-5.191542758319158679e-01
-2.931356192371561420e-01
-8.569563476853347961e-02
9.055186470909495910e-02
2.259932309981764753e-01
3.146631639447691753e-01
3.545066057653007974e-01
3.472520943573478291e-01
2.979376240402052956e-01
2.141657693171802324e-01
1.051890222509802297e-01
-1.906329938411291738e-02
-1.489089909425350133e-01
-2.756966327034813258e-01
-3.923839332995540108e-01
-1.288506398508479089e-01
-2.445998533838935896e-01
-3.850479633775669153e-01
-5.421111872277311061e-01
-7.052543310337927585e-01
-8.622819741501210888e-01
-1.000390351016499313e+00
-1.107370315096803948e+00
-1.172825033157298025e+00
-1.189257973187634931e+00
-1.152898892817379117e+00
-1.064166161236132169e+00
-9.277081949181935627e-01
-7.520183960236574983e-01
-5.486692972098943244e-01
-3.312556202870089450e-01
-1.141671042688166826e-01
8.867313419962273568e-02
2.649712270244186652e-01
4.050107783398281258e-01
5.023019022641698195e-01
5.538848042160450236e-01
5.602828310268916923e-01
5.251386396335762097e-01
4.545989174788166443e-01
3.565346327184677477e-01
2.396933007100117419e-01
1.128770618885958921e-01
-1.577312177464734039e-02
-1.393284289992697267e-01
6.356468706963780413e-02
-2.798165884746848381e-02
-1.457254152349879983e-01
-2.826748513399635065e-01
-4.293555922813628301e-01
-5.745116124445335259e-01
-7.060656767836046566e-01
-8.122390084722954651e-01
-8.827035021877280840e-01
-9.096308748828958457e-01
-8.885133199819370553e-01
-8.186578918712892339e-01
-7.032975947404616068e-01
-5.493096911873626143e-01
-3.665790674095043555e-01
-1.670850472968113953e-01
3.618125362896840863e-02
2.303481041480849034e-01
4.037236433790032386e-01
5.466822539805715753e-01
6.523001143577398242e-01
7.166966033615286280e-01
7.390736229383905176e-01
7.214778785020030671e-01
6.683380356645225451e-01
5.858468952531838969e-01
4.812670489701187937e-01
3.622369830228610588e-01
2.361445701136853648e-01
1.096185379352709044e-01
2.315458444335679045e-01
1.647185514467929823e-01
7.069434637666546783e-02
-4.475731893856545879e-02
-1.734040964956905795e-01
-3.051466669584005365e-01
-4.288672146753518266e-01
-5.334418221033618845e-01
-6.088025713247137150e-01
-6.469255817120134200e-01
-6.426292007956321273e-01
-5.940906488450333756e-01
-5.030255522419915248e-01
-3.745172014659177151e-01
-2.165246206883728042e-01
-3.913471237081279919e-02
1.463506770283696523e-01
3.283894817945085531e-01
4.961337526062084557e-01
6.402345638063131616e-01
7.534506519990143980e-01
8.310214033236729136e-01
8.707935424142476677e-01
8.731172943790357355e-01
8.405490987678294612e-01
7.774123965454569074e-01
6.892749289565724968e-01
5.824007235398839244e-01
4.632286346215241934e-01
3.379186137775388454e-01
3.641767929553491046e-01
3.209784023770311245e-01
2.501475618250287858e-01
1.561806453813078255e-01
4.596747783089841916e-02
-7.169147194701645798e-02
-1.868083499414033288e-01
-2.890960322778644009e-01
-3.689213399945365790e-01
-4.182136589968953322e-01
-4.312249982412312832e-01
-4.050576453819975109e-01
-3.399064883139590321e-01
-2.389995918106151973e-01
-1.082570521162777577e-01
4.428069667376278301e-02
2.091819477600923571e-01
3.764261744116059738e-01
5.361964027083909734e-01
6.795883313837554063e-01
7.991803777005624942e-01
8.894299541360619621e-01
9.468829400374777494e-01
9.702027950144810342e-01
9.600411925234093591e-01
9.187824990773263423e-01
8.501998163366315531e-01
7.590612261573916886e-01
6.507223061199164382e-01
5.307360119672603904e-01
4.539794136797903334e-01
4.319556473774698868e-01
3.824583907485782364e-01
3.087378531315915220e-01
2.163227798783337597e-01
1.126517923022431755e-01
6.480808661572618097e-03
-9.287152202858281469e-02
-1.763561534659963126e-01
-2.360094805615277624e-01
-2.656619532203795542e-01
-2.614647722652377881e-01
-2.221853733261544006e-01
-1.492526757372130697e-01
-4.656330879090376379e-02
7.991417596138622459e-02
2.226819122215297486e-01
3.733379140869200752e-01
5.232195954876828203e-01
6.640087894678553537e-01
7.882539209980063966e-01
8.897797721427997963e-01
9.639698878385231096e-01
1.007919275536735215e+00
1.020464674393461113e+00
1.002106160784009603e+00
9.548376966262618337e-01
8.819062175431306994e-01
7.875198022540429443e-01
6.765259140894406276e-01
4.975871732377732393e-01
4.932888311613081722e-01
4.622630435579039299e-01
4.066089947567241847e-01
3.305507732657206321e-01
2.401773875489405796e-01
1.429788304463125992e-01
4.722662225337587866e-02
-3.873265810892524696e-02
-1.071924717438079433e-01
-1.517331937555631283e-01
-1.677359598320208867e-01
-1.527186087825412875e-01
-1.064728636762761749e-01
-3.100591582512962283e-02
6.968999496817329664e-02
1.900020532020619823e-01
3.231502015636212866e-01
4.616836405557328549e-01
5.979795369215676892e-01
7.247108467369975937e-01
8.352589660575666652e-01
9.240549214688549284e-01
9.868390025647826302e-01
1.020832960305100290e+00
1.024821703566518138e+00
9.991437811358877541e-01
9.455928159631554752e-01
8.672360976250457210e-01
7.681617931372082264e-01
4.958436289777982120e-01
5.052619463941392386e-01
4.892410510721895145e-01
4.488770164963459819e-01
3.872070998311621937e-01
3.090475860807763153e-01
2.206499442460926330e-01
1.292110809296739826e-01
4.229114015649598074e-02
-3.279825320806352418e-02
-8.957221850671309715e-02
-1.228626007330835684e-01
-1.291797725404636443e-01
-1.069244153748522275e-01
-5.644555999320549633e-02
2.004349826781375715e-02
1.186690707717737020e-01
2.341928795807300956e-01
3.603710606602656963e-01
4.903499637066002226e-01
6.170760893708235884e-01
7.337010046053628054e-01
8.339642477040118962e-01
9.125378028393825725e-01
9.653152339118858949e-01
9.896281584845647572e-01
9.843737602843518619e-01
9.500405878895165079e-01
8.886264456920622834e-01
8.034513851880505930e-01
-5.655677205161614429e-01
-7.068530678185087623e-01
-8.655751340088400081e-01
-1.032907647097893289e+00
-1.198093635486394248e+00
-1.349293221527101183e+00
-1.474646120176486219e+00
-1.563436609517092402e+00
-1.607226537303684921e+00
-1.600817878029272556e+00
-1.542921669252723227e+00
-1.436442941458584865e+00
-1.288336900524464035e+00
-1.109043638650336172e+00
-9.115597807463367008e-01
-7.102488310729914156e-01
-5.195220289637534350e-01
-3.525347407316458681e-01
-2.200386526075950311e-01
-1.295084776474069721e-01
-8.462678881885692117e-02
-8.516672696055764546e-02
-1.272653975320501840e-01
-2.040366526954044690e-01
-3.064360247809285176e-01
-4.242670235621543995e-01
-5.472093107130314715e-01
-6.657558573048283357e-01
-7.719664136687314215e-01
-8.599749698222654004e-01
-3.830953461462800469e-01
-5.105067977543216173e-01
-6.574402658582090275e-01
-8.153826281815196309e-01
-9.737456356812850267e-01
-1.120700094778011691e+00
-1.244238166285217773e+00
-1.333351185251940185e+00
-1.379186873820708481e+00
-1.376044823072392287e+00
-1.322083955136708067e+00
-1.219648426662610419e+00
-1.075164372790120781e+00
-8.986123658877362974e-01
-7.026320547644702152e-01
-5.013591543042682508e-01
-3.091251943762526322e-01
-1.391637461009498367e-01
-2.462183465857901467e-03
9.312325600448327634e-02
1.434059111026923516e-01
1.480204255766130739e-01
1.101933176461194763e-01
3.618074054220213331e-02
-6.554352014040337737e-02
-1.852440922753965380e-01
-3.129099653624876076e-01
-4.391623131969191740e-01
-5.559951313146019869e-01
-6.572880859848394541e-01
-1.902383978385188412e-01
-2.995848669187503033e-01
-4.303414076115130715e-01
-5.745694137278204439e-01
-7.221461633693888604e-01
-8.615606093924113029e-01
-9.809461709815999741e-01
-1.069240667407870715e+00
-1.117339169508068553e+00
-1.119099628069378127e+00
-1.072075022045678505e+00
-9.778775592468584854e-01
-8.421254325367120153e-01
-6.739741351969028571e-01
-4.852849745203090537e-01
-2.895262587411048250e-01
-1.005322105843241276e-01
6.874232535998592297e-02
2.073377379937679788e-01
3.071628195496477476e-01
3.635449540647265332e-01
3.754177663518255548e-01
3.451497564312467903e-01
2.780574690375612334e-01
1.816789966324436345e-01
6.490459727586925243e-02
-6.293095440724361112e-02
-1.928950624497369759e-01
-3.171608077766012168e-01
-4.295104532395681574e-01
7.085925070767114253e-05
-8.828925677275513417e-02
-1.996485770522590797e-01
-3.268696100664622017e-01
-4.605635144679591231e-01
-5.898247779362532084e-01
-7.032066780458862132e-01
-7.898333771890810873e-01
-8.405198598219707495e-01
-8.487641679235443659e-01
-8.114889023940803359e-01
-7.294389085372328108e-01
-6.071848447775107793e-01
-4.527314622682645506e-01
-2.767777187332159938e-01
-9.171663230131818501e-02
8.950913526006226695e-02
2.545676364449039886e-01
3.927896752475389941e-01
4.960071601162720500e-01
5.591027532104486664e-01
5.802330134938651351e-01
5.607262509186483612e-01
5.046922380826734944e-01
4.184096319801220432e-01
3.095755174723157088e-01
1.865084558668031467e-01
5.739193641425387182e-02
-7.036922601123225818e-02
-1.906284767378116918e-01
1.745598014478643156e-01
1.086005508249772711e-01
1.844379898945543508e-02
-8.974777142710996247e-02
-2.075385974494390329e-01
-3.248749431257587084e-01
-4.309788153705330638e-01
-5.153852728050187793e-01
-5.690029674110697044e-01
-5.850703100789920175e-01
-5.598904574126806200e-01
-4.932556623323987033e-01
-3.885110334324617387e-01
-2.522532486638128235e-01
-9.370447978220382279e-02
7.616055207296970608e-02
2.456306272961830128e-01
4.033020976066208352e-01
5.390395025952970931e-01
6.447581554821778527e-01
7.149610163759886339e-01
7.469948086608028115e-01
7.410241504542194324e-01
6.997532283675266251e-01
6.279488187760008389e-01
5.318340069229940958e-01
4.184278287859474199e-01
2.949026262511600383e-01
1.680196478952800665e-01
4.368665395310055571e-02
3.211390200713058474e-01
2.774285637370574875e-01
2.087866431491502139e-01
1.202926937075324831e-01
1.927365483992540124e-02
-8.525716160091124929e-02
-1.833935852012426038e-01
-2.652770777934123636e-01
-3.220753098458436492e-01
-3.468819725624020522e-01
-3.354298549377687788e-01
-2.865333587863731490e-01
-2.022119720408626087e-01
-8.748707205449807178e-02
5.011545740789548342e-02
2.012906309272884942e-01
3.558186267522935875e-01
5.034687179185798334e-01
6.348467720000765535e-01
7.421047367005062512e-01
8.194533582939445004e-01
8.634466735391344017e-01
8.730346228613330428e-01
8.494049675279022882e-01
7.956549410269000422e-01
7.163451983847155535e-01
6.169932416579460011e-01
5.035611871635730097e-01
3.819848516659881676e-01
2.577794834117292933e-01
4.302832532758659179e-01
4.072237108601721167e-01
3.590107707088172617e-01
2.896025760752151679e-01
2.051341401383190155e-01
1.134573135424095380e-01
2.346000497166709359e-02
-5.576175126729428916e-02
-1.157831631073707179e-01
-1.496775178907609194e-01
-1.526933782950131158e-01
-1.227055807017064515e-01
-6.039406530270356732e-02
3.085994966008295121e-02
1.453361393441082172e-01
2.755421871549926238e-01
4.129127083179593427e-01
5.485582984944914475e-01
6.739855713829214778e-01
7.817209614955099584e-01
8.657894786275416310e-01
9.220211335868300218e-01
9.481791375147640144e-01
9.439225299264935032e-01
9.106298322500152587e-01
8.511188695835329998e-01
7.693011767211295204e-01
6.698082111563364860e-01
5.576221319503147367e-01
4.377374646964435345e-01
4.960512130218450166e-01
4.908744653923019508e-01
4.608512026042511645e-01
4.088482251156329017e-01
3.397976361941428269e-01
2.603391768274377904e-01
1.782575201239282592e-01
1.017756433589375176e-01
3.878574105274308625e-02
-3.892554373082337052e-03
-2.114173851024824663e-02
-9.995682203802631546e-03
3.013402925335739030e-02
9.746752133592215261e-02
1.880855731950443199e-01
2.963376442755258355e-01
4.153722946954020445e-01
5.377263431537478988e-01
6.559111050432477885e-01
7.629433044664197805e-01
8.527821689047720977e-01
9.206499335161670849e-01
9.632279300536104039e-01
9.787327407266213086e-01
9.668855931701567652e-01
9.287931824166526518e-01
8.667600427888542125e-01
7.840524470000211910e-01
6.846326102296176330e-01
5.728805132085115215e-01
5.165932514368737349e-01
5.257426760529462229e-01
5.108650923655951859e-01
4.738247593824782555e-01
4.184053055863297121e-01
3.500499053969802210e-01
2.754152375547364029e-01
2.017879246932207660e-01
1.364304150807277294e-01
8.593139261125010142e-02
5.563279454876825236e-02
4.919241662416495159e-02
6.832065086152974698e-02
1.127059625554697742e-01
1.801203490907161142e-01
2.666767665933779119e-01
3.671977362012101009e-01
4.756489606349430521e-01
5.855932629920276300e-01
6.906268445645213916e-01
7.847694648262031336e-01
8.627903362246087671e-01
9.204604066756882919e-01
9.547281621720306033e-01
9.638199008888461705e-01
9.472671643922312423e-01
9.058646980109699154e-01
8.415630843321506571e-01
7.573019098341595701e-01
6.567923088838917289e-01
4.940916319575155979e-01
5.136486139473386281e-01
5.104628670424479209e-01
4.855295868296809481e-01
4.415912165080861373e-01
3.829661369027958506e-01
3.152119998700174119e-01
2.446606805579320809e-01
1.778778191031032407e-01
1.211076573224812297e-01
7.976249367389814937e-02
5.800643802812822936e-02
5.846754156924604401e-02
8.209397045316998986e-02
1.281520075063862507e-01
1.943491029246120216e-01
2.770557209421787848e-01
3.715958489662272157e-01
4.725770538558702882e-01
5.742353148771055515e-01
6.707755691353969318e-01
7.566941376981347611e-01
8.270726936678269858e-01
8.778347510717936508e-01
9.059552171644540408e-01
9.096124411030059864e-01
8.882717813792451178e-01
8.426912310409904183e-01
7.748437781773024335e-01
6.877578613657497897e-01
-3.939495834568629284e-01
-5.044196655808520502e-01
-6.320747311405094937e-01
-7.695044530298063012e-01
-9.075221307138592319e-01
-1.035910519384781958e+00
-1.144364267814599989e+00
-1.223527322366730452e+00
-1.266003302366426331e+00
-1.267213226212412724e+00
-1.225989154826566230e+00
-1.144822516796818235e+00
-1.029727764580301574e+00
-8.897295385131986922e-01
-7.360279598198974371e-01
-5.809356987373114345e-01
-4.367070309155988150e-01
-3.143900884641840365e-01
-2.228280250178348021e-01
-1.679141141531994008e-01
-1.521730254405371796e-01
-1.747001869895033477e-01
-2.314485268299269483e-01
-3.158123677741936364e-01
-4.194266546252744532e-01
-5.330796929324175260e-01
-6.476312373500608954e-01
-7.548352676687657414e-01
-8.479864177826702543e-01
-9.223374288809883526e-01
-2.075993542947797144e-01
-3.036074369255910010e-01
-4.187833655426534962e-01
-5.460133327981140372e-01
-6.762679821651627066e-01
-7.993384821624490710e-01
-9.047826068567694779e-01
-9.829782735138247185e-01
-1.026160273396252265e+00
-1.029311405420492820e+00
-9.907930596282225055e-01
-9.126306633028221649e-01
-8.004118399548441065e-01
-6.628034026327835893e-01
-5.107404845899279344e-01
-3.563807127104004491e-01
-2.119432413855844577e-01
-8.856359036125899253e-02
4.710238957076045424e-03
6.167554949621766036e-02
7.941438253970070638e-02
5.838221657822156851e-02
2.155439915451872607e-03
-8.311427088508439864e-02
-1.894598317922928932e-01
-3.079747320247576137e-01
-4.297008644544833000e-01
-5.464311377198228792e-01
-6.513485089252384341e-01
-7.394500523734087727e-01
-1.525242404837110800e-02
-9.341078675317446289e-02
-1.925151983425844038e-01
-3.059665725557347282e-01
-4.251428432900360432e-01
-5.401039925704120837e-01
-6.405164744044338221e-01
-7.166962952827811151e-01
-7.606473726239948441e-01
-7.669663863339502008e-01
-7.334984042291613493e-01
-6.616572753991232236e-01
-5.563666598635121918e-01
-4.256253153129668787e-01
-2.797469387145435915e-01
-1.303639836277054043e-01
1.068860231187571119e-02
1.324828330365871443e-01
2.259787542109498448e-01
2.847755732887551350e-01
3.055626901754484592e-01
2.882386601629139955e-01
2.357059670830203013e-01
1.533859524905564764e-01
4.852701839038743581e-02
-7.060281012310049009e-02
-1.955422691023507298e-01
-3.183921190825751424e-01
-4.324263362587840165e-01
-5.325108324250966696e-01
1.701351080906067792e-01
1.119466004224849431e-01
3.133441327483118405e-02
-6.580320612407802860e-02
-1.714755357728061369e-01
-2.762537790280265027e-01
-3.701496450651783343e-01
-4.436218164202998526e-01
-4.885909476461586243e-01
-4.993376295092637474e-01
-4.731696686589435541e-01
-4.107733028228074401e-01
-3.162031865517408447e-01
-1.965119664411490441e-01
-6.106520609194647509e-02
7.937498160806995273e-02
2.136888275682604366e-01
3.314411126033518507e-01
4.238124886869012453e-01
4.843245536376455940e-01
5.092926375928790161e-01
4.979756325240627945e-01
4.524287705098354873e-01
3.770984095525907187e-01
2.782237789011696716e-01
1.631266317671263011e-01
3.947466236867515355e-02
-8.540131647614129795e-02
-2.050713772956793135e-01
-3.144078613473173522e-01
3.355876998783019483e-01
2.980434842603725265e-01
2.369838898373805014e-01
1.574671469898067666e-01
6.667143162027729109e-02
-2.669256392958881813e-02
-1.131931087766362420e-01
-1.836234713947196284e-01
-2.299700747833444692e-01
-2.462834430247251016e-01
-2.293430739561270193e-01
-1.790334987706433401e-01
-9.838634997800183024e-02
6.713669081158518508e-03
1.281189425524170700e-01
2.562301431684208541e-01
3.809297562981446283e-01
4.925295458354544964e-01
5.826281889801321334e-01
6.447924718807110933e-01
6.750019029184527453e-01
6.718281867294604304e-01
6.363532745753902597e-01
5.718585830908134993e-01
4.833402114738414301e-01
3.769185087383720711e-01
2.592143793452238443e-01
1.367597789014332599e-01
1.549754644558341832e-02
-9.959156688056794438e-02
4.696042873905422743e-01
4.519263288804688528e-01
4.100940108107232196e-01
3.482429639951756251e-01
2.726126171562008871e-01
1.910376583310816057e-01
1.122204861193928649e-01
4.486542291658562887e-02
-3.222219176408642159e-03
-2.596174782395728464e-02
-1.964570034180208521e-02
1.666679938004499845e-02
8.105610623697706574e-02
1.689525060596473727e-01
2.736177488470070140e-01
3.868325232563318838e-01
4.997034202361728683e-01
6.034942934244946766e-01
6.903910406525289867e-01
7.541239500111338590e-01
7.903947683106180566e-01
7.970827252450719547e-01
7.742309638795239479e-01
7.238387406332504881e-01
6.495027983723159481e-01
5.559620197875175807e-01
4.486025126733692581e-01
3.329763647427719242e-01
2.143779181457408367e-01
9.750851321855753817e-02
5.634759751942776118e-01
5.635952557034606958e-01
5.394154378111181147e-01
4.941269239909656941e-01
4.329651979808414319e-01
3.627879695231754908e-01
2.914429273114489405e-01
2.269968098281821278e-01
1.769177016483537423e-01
1.473101343289622001e-01
1.422955382826054382e-01
1.636102596597721059e-01
2.104633450547720996e-01
2.796616625074440088e-01
3.659761601511363205e-01
4.626950943134496841e-01
5.622914657170408059e-01
6.571244540824550118e-01
7.400982135007343476e-01
8.052142226543159698e-01
8.479725769458016371e-01
8.655997431133668485e-01
8.571020342592589047e-01
8.231626472711863762e-01
7.659136777718298372e-01
6.886222528142202925e-01
5.953319182895879802e-01
4.904975587873844356e-01
3.786457528490942970e-01
2.640840839524503658e-01
6.122184586344521229e-01
6.270746855000060016e-01
6.179931306995405382e-01
5.872532333877813482e-01
5.390818088051461121e-01
4.793173886534033978e-01
4.148787567657573616e-01
3.530976075327409980e-01
3.009949191641586586e-01
2.645883721333519567e-01
2.483128667527441658e-01
2.546191430754867757e-01
2.837899094246210674e-01
3.339832386283843046e-01
4.014841395400388646e-01
4.811214469109187375e-01
5.667915231078606286e-01
6.520241033290605781e-01
7.305286231077539050e-01
7.966698123600807202e-01
8.458365804974856683e-01
8.746852881614246566e-01
8.812546787455345365e-01
8.649629697364088488e-01
8.265067222873027086e-01
7.676858823596757198e-01
6.911803478140834400e-01
6.003015784690883816e-01
4.987393104384074682e-01
3.903194196536385885e-01
6.149810687972363521e-01
6.409100872401500837e-01
6.437492596725389316e-01
6.249495694893988373e-01
5.877784368256167014e-01
5.370678662736593223e-01
4.787835150856678545e-01
4.194637289528819202e-01
3.655954074691962763e-01
3.230011449796166834e-01
2.963084664660855516e-01
2.885582121960758029e-01
3.009880262408730633e-01
3.330023676904877994e-01
3.823166500745061036e-01
4.452436463617681084e-01
5.170776398945661212e-01
5.925269426427601793e-01
6.661478547610683032e-01
7.327412377609960892e-01
7.876842601577820346e-01
8.271820584407596488e-01
8.484349200013450165e-01
8.497247501161886429e-01
8.304295234752270272e-01
7.909764486060371080e-01
7.327445740808417041e-01
6.579266600363681272e-01
5.693593402644893109e-01
4.703305448575093028e-01
5.748912363920755109e-01
6.080395016756268145e-01
6.193834252063245005e-01
6.096636215038893081e-01
5.812803432117228386e-01
5.381179718395113776e-01
4.852093255603336930e-01
4.282784115371036648e-01
3.732160092366985649e-01
3.255496979242973321e-01
2.899677811319502085e-01
2.699459146682667288e-01
2.675084926788914852e-01
2.831372740761169959e-01
3.158208105020411383e-01
3.632229263063126989e-01
4.219387239292728964e-01
4.878029760225353062e-01
5.562176998556633833e-01
6.224716199821402896e-01
6.820320560838135648e-01
7.307974983189098328e-01
7.653052036147798276e-01
7.828917789847873454e-01
7.818059681964062424e-01
7.612724858054894517e-01
7.215049104162991611e-01
6.636655419949792911e-01
5.897715937190398661e-01
5.025503909053959939e-01
-2.218596969672353425e-01
-3.037358356251493863e-01
-4.033650015770514630e-01
-5.148146819541653540e-01
-6.304824625256922888e-01
-7.417292617062698490e-01
-8.396951003936496960e-01
-9.162077240639809883e-01
-9.646753902652656087e-01
-9.808512527844093221e-01
-9.633690599669003651e-01
-9.139767327391887797e-01
-8.374318746321527396e-01
-7.410658875469280371e-01
-6.340649992840903248e-01
-5.265513944001845026e-01
-4.285712238821899334e-01
-3.491057687039860191e-01
-2.952166918604315904e-01
-2.714173586097365920e-01
-2.793325507078487369e-01
-3.176726866140282546e-01
-3.825106803580881065e-01
-4.678146670826446862e-01
-5.661622838322541984e-01
-6.695452335841103331e-01
-7.701682119545525396e-01
-8.611539697873258348e-01
-9.370846544998580052e-01
-9.943355116254681825e-01
-2.476664073490479623e-02
-9.167956007081534686e-02
-1.784569322134634817e-01
-2.794508212397170399e-01
-3.871942350248502862e-01
-4.930283085526968034e-01
-5.879268895558588115e-01
-6.634273170249138651e-01
-7.125556100711731844e-01
-7.306294032722172593e-01
-7.158339341282002888e-01
-6.694935746252923536e-01
-5.959997291877795478e-01
-5.023996642835839577e-01
-3.976936202335099035e-01
-2.919234168694770371e-01
-1.951600177138839987e-01
-1.165073494080410138e-01
-6.323439018977852766e-02
-4.012849334782236238e-02
-4.913315859589581502e-02
-8.929726532836053388e-02
-1.570249907424822178e-01
-2.465810745302138285e-01
-3.507789588132143033e-01
-4.617627004498489618e-01
-5.717890070221876009e-01
-6.739232045861730525e-01
-7.625806966851889079e-01
-8.338704624366819473e-01
1.756198911948846364e-01
1.263977485080600427e-01
5.540265350538817885e-02
-3.217781311438666636e-02
-1.292150840230945341e-01
-2.272431420358955734e-01
-3.172709463704671551e-01
-3.907133003866348764e-01
-4.403279371731962932e-01
-4.610407301097118049e-01
-4.505522243270979055e-01
-4.096455086107650967e-01
-3.421536734110516842e-01
-2.545888978973499528e-01
-1.554781041967858990e-01
-5.448607383848108610e-02
3.856875717860409891e-02
1.146906873902687335e-01
1.665652657373681289e-01
1.892085007197693569e-01
1.803443551446026194e-01
1.404832696714953255e-01
7.271094939752202613e-02
-1.777018362702032991e-02
-1.242785941085078338e-01
-2.393862558793155570e-01
-3.556579755111068941e-01
-4.663160853413613749e-01
-5.657657153941320072e-01
-6.499390351166793867e-01
3.660204363982418885e-01
3.359673258011115493e-01
2.825385847681045615e-01
2.103149866230945297e-01
1.259060913860685638e-01
3.738660786402270286e-02
-4.648354237610190232e-02
-1.171680312064923568e-01
-1.672818382199740550e-01
-1.914211264512307720e-01
-1.867888157533118820e-01
-1.535351655947796434e-01
-9.476984997896853447e-02
-1.624477615304452047e-02
7.425115889727962326e-02
1.677090253987110202e-01
2.548284072993486360e-01
3.269476593153660682e-01
3.768707397913034773e-01
3.995031862999901540e-01
3.922373053550312072e-01
3.550597632587968455e-01
2.903889026998222045e-01
2.026798995105610346e-01
9.785969629720207841e-02
-1.733196645602261624e-02
-1.360152410753344698e-01
-2.517827111045927158e-01
-3.591927052317190894e-01
-4.541049238801003751e-01
5.332733324892389160e-01
5.224832137925196074e-01
4.871133498800930273e-01
4.310323319563975630e-01
3.601860404416622474e-01
2.820875674636753039e-01
2.050879751825708253e-01
1.375102318567681392e-01
8.675146596606229943e-02
5.846624617642216803e-02
5.593457848488586626e-02
7.969420348709457813e-02
1.274815466581556977e-01
1.944849541429461426e-01
2.738738633075418205e-01
3.575340559024156595e-01
4.369164967804474164e-01
5.038979186631823426e-01
5.515556113566673080e-01
5.747752130452683517e-01
5.706355827453299945e-01
5.385450493224563928e-01
4.801342046053047041e-01
3.989379751560030440e-01
2.999208043239230403e-01
1.889113609679436701e-01
7.201650072603572872e-02
-4.492125762263232680e-02
-1.567711181250748820e-01
-2.594320617173482280e-01
6.658335382294083837e-01
6.730447925856628544e-01
6.549446073060889439e-01
6.146322486134820906e-01
5.572905447598548445e-01
4.897394712313916099e-01
4.197724293985058974e-01
3.553507446223384547e-01
3.037544601934689670e-01
2.707956692333134407e-01
2.601930532777040339e-01
2.731843642963109886e-01
3.084210561773059744e-01
3.621514864110678689e-01
4.286619634175510285e-01
5.009138112698777734e-01
5.712936202691035747e-01
6.323851432443070575e-01
6.776750683619601201e-01
7.021195247200926470e-01
7.025206783972566260e-01
6.776894172800218552e-01
6.283970285122423283e-01
5.571424803157595251e-01
4.677797941581989805e-01
3.650604704491633434e-01
2.541485930782644842e-01
1.401617268652227966e-01
2.778052604072983600e-02
-7.904387214236402448e-02
7.550867992804977114e-01
7.778680117858458587e-01
7.751260588150075126e-01
7.491837323405891036e-01
7.044110218408662361e-01
6.468483274907923519e-01
5.836188273567600726e-01
5.221974217729133949e-01
4.696254842090882287e-01
4.317691884729703555e-01
4.127131345626641190e-01
4.143616077936300157e-01
4.362905574580913104e-01
4.758592268725934105e-01
5.285567537852268183e-01
5.885309426572635783e-01
6.492274533659218028e-01
7.040597561583613606e-01
7.470334002349225955e-01
7.732608151481381586e-01
7.793222091326450496e-01
7.634507494866904498e-01
7.255427056532632868e-01
6.670126988631921439e-01
5.905285654140965956e-01
4.996685388475023970e-01
3.985454164006533295e-01
2.914388628512369350e-01
1.824693762248427720e-01
7.533735054138214482e-02
7.962719376947497985e-01
8.313329247960232760e-01
8.411951378069193463e-01
8.274441478969110086e-01
7.936358824216472874e-01
7.449911594530670422e-01
6.878900302351314000e-01
6.292244652769389823e-01
5.756885340733207679e-01
5.330938988807029100e-01
5.057939105272145630e-01
4.962829607461569648e-01
5.050121577574796516e-01
5.304323367989760563e-01
5.692458095198952295e-01
6.168235254381856381e-01
6.677276833458919425e-01
7.162728774607377558e-01
7.570614757931652949e-01
7.854395280464450124e-01
7.978355099157610208e-01
7.919626201265439480e-01
7.668832657717021828e-01
7.229494716016613420e-01
6.616437344087749972e-01
5.853507357253944221e-01
4.970915749330431233e-01
4.002496570191440561e-01
2.983122708828043201e-01
1.946454945993479346e-01
7.888746565631141738e-01
8.324523663129479445e-01
8.516745560169052265e-01
8.474671217324574179e-01
8.226135176206452737e-01
7.815183280083147777e-01
7.297848389575504191e-01
6.736559835099409366e-01
6.193870853620416783e-01
5.726273793038113569e-01
5.378841744593602092e-01
5.181296987105712404e-01
5.145889006020144540e-01
5.267207573872588755e-01
5.523802716753669628e-01
5.881271949417221645e-01
6.296333391762907183e-01
6.721343965117105856e-01
7.108742349389856052e-01
7.414981673539414730e-01
7.603643804381041704e-01
7.647569617646141626e-01
7.529974078434216178e-01
7.244623702037367163e-01
6.795227481681419546e-01
6.194229325682243381e-01
5.461195770330998789e-01
4.620976605417953520e-01
3.701788546380299083e-01
2.733342206242204142e-01
7.364525596921798201e-01
7.847130358429111885e-01
8.099308751443874410e-01
8.124769397788621506e-01
7.944373410927707546e-01
7.594404399258688487e-01
7.123147402717242560e-01
6.586180859487719141e-01
6.040957800777589926e-01
5.541334541922726675e-01
5.132686596832309878e-01
4.848140401864775573e-01
4.706269709162441139e-01
4.710391481005483105e-01
4.849384957104714289e-01
5.099782047978601573e-01
5.428760044528897488e-01
5.797618462240687887e-01
6.165337145043834344e-01
6.491878412120148933e-01
6.740991592705807278e-01
6.882381937615577039e-01
6.893198932565263171e-01
6.758869099238140610e-01
6.473340776924093598e-01
6.038825622837585838e-01
5.465121255388859511e-01
4.768591356047603425e-01
3.970872533002638982e-01
3.097376984384141441e-01
-7.321932987365513401e-02
-1.315864871491427002e-01
-2.087943895062813748e-01
-3.002717242562170097e-01
-3.998326639717361131e-01
-5.001988894440165812e-01
-5.936948696344377385e-01
-6.730389597888297715e-01
-7.321346769740126881e-01
-7.667617722396191660e-01
-7.750765241479522505e-01
-7.578537028018768051e-01
-7.184354503247568635e-01
-6.623899876050272084e-01
-5.969200940012405754e-01
-5.300925309644490824e-01
-4.699808771461409518e-01
-4.238230862869137860e-01
-3.972907665355059903e-01
-3.939507866826251203e-01
-4.149739303063595397e-01
-4.591136227669936898e-01
-5.229445050776012627e-01
-6.013201096808769019e-01
-6.879848924718486858e-01
-7.762612126172522276e-01
-8.597280265690691037e-01
-9.328150647286770347e-01
-9.912525809228452944e-01
-1.032339635510368225e+00
1.364444818219420208e-01
9.322161177201526705e-02
2.876830276132884973e-02
-5.261917297028916723e-02
-1.448610817322095734e-01
-2.406131628638598086e-01
-3.319760181174460367e-01
-4.113154413729527281e-01
-4.720940992654677482e-01
-5.096090369347860971e-01
-5.215389175254607768e-01
-5.082283699486007666e-01
-4.726707125744702975e-01
-4.201894782849117105e-01
-3.578578003229834215e-01
-2.937273749042514925e-01
-2.359610886915913808e-01
-1.919728730149004858e-01
-1.676742338043159808e-01
-1.669103791409063398e-01
-1.911426550237053656e-01
-2.394019266952454039e-01
-3.085039722496728531e-01
-3.934872245738074148e-01
-4.882090819258947390e-01
-5.860222659647822407e-01
-6.804487555180782632e-01
-7.657755800496370835e-01
-8.375126732695974408e-01
-8.926753092130714773e-01
3.482665348410440842e-01
3.224368128068664241e-01
2.731819589178633434e-01
2.043845120859668074e-01
1.218566713991702244e-01
3.283856541895194270e-02
-5.470837745633447963e-02
-1.329332307000446189e-01
-1.949511651421240166e-01
-2.356143312178163862e-01
-2.520982804983589176e-01
-2.442275079488777090e-01
-2.144979083387267005e-01
-1.677937207731398095e-01
-1.108359201987423881e-01
-5.143239604070577731e-02
2.376769180160640677e-03
4.317568500548488869e-02
6.493124122993267078e-02
6.357066023402146993e-02
3.732062640671795356e-02
-1.321779210669782323e-02
-8.525122735999576817e-02
-1.741958008921460355e-01
-2.742377622143565286e-01
-3.789777176984324703e-01
-4.820792206000986679e-01
-5.778487845441278026e-01
-6.616893891912463133e-01
-7.303906065681591286e-01
5.486016344407755874e-01
5.412078273030911379e-01
5.085073624841911499e-01
4.538569603553296306e-01
3.826583141169893620e-01
3.018866655287905654e-01
2.194036363679586765e-01
1.431323716706572324e-01
8.019588732839033618e-02
3.612776073561461965e-02
1.425648380899807374e-02
1.534217950353941422e-02
3.751065374970434518e-02
7.649026587596902127e-02
1.261178624786867819e-01
1.790466704726345060e-01
2.275659872786600091e-01
2.644323426207335070e-01
2.836151260863107870e-01
2.808751659409285950e-01
2.541195643297387563e-01
2.035063944424305438e-01
1.313043866862930453e-01
4.154137788306469514e-02
-6.050235981923542117e-02
-1.688861353382965502e-01
-2.776125451987420112e-01
-3.811748507655348672e-01
-4.749936452147269783e-01
-5.557075771151773758e-01
7.239009408897378872e-01
7.346702167538611272e-01
7.186736737700359923e-01
6.786658837274407441e-01
6.195240351035848914e-01
5.478179174878989866e-01
4.711575784228918540e-01
3.973932664050733865e-01
3.337658291630417606e-01
2.861149538241084533e-01
2.582459613326733017e-01
2.515344879120867683e-01
2.648159102763331663e-01
2.945680698405435116e-01
3.353576484578270622e-01
3.804879865754685619e-01
4.227635136243931835e-01
4.552757824380266882e-01
4.721188741219147778e-01
4.689563209976963520e-01
4.433848736105424626e-01
3.950686850426369245e-01
3.256467494662284023e-01
2.384428956885281947e-01
1.380281853539687409e-01
2.969811735442519363e-02
-8.106927675611823314e-02
-1.891131911873467075e-01
-2.899983003757475308e-01
-3.802988547197026503e-01
8.622246078477152631e-01
8.896130822243732972e-01
8.892888492911921183e-01
8.633688877441847431e-01
8.161279921878212829e-01
7.536184991821109902e-01
6.830657795580481473e-01
6.121091273864640581e-01
5.479814374454411441e-01
4.967310421111267305e-01
4.625836787634627356e-01
4.475228635706168800e-01
4.511364116426003212e-01
4.707405463884226648e-01
5.017566936050563697e-01
5.382849853535558449e-01
5.737968074782326955e-01
6.018587588218565765e-01
6.168025665118384016e-01
6.142684659655043289e-01
5.915705895144305337e-01
5.478584839991064159e-01
4.840752377326162925e-01
4.027363875660118220e-01
3.075720670167026993e-01
2.030860107992626673e-01
9.408842264384122134e-02
-1.474421319345542436e-02
-1.192391926486580933e-01
-2.159982246660556715e-01
9.545838498679622974e-01
9.959676610448118250e-01
1.009265681482630406e+00
9.959632854396291979e-01
9.596941302876109692e-01
9.059147247169720973e-01
8.413576580913384451e-01
7.733269207716642057e-01
7.089221866101327318e-01
6.542894102048097960e-01
6.139910125580660960e-01
5.905712541636112256e-01
5.843643598993586430e-01
5.935593539007277819e-01
6.145017701606854121e-01
6.421834319579329264e-01
6.708511646494599301e-01
6.946557657338372493e-01
7.082641197432745228e-01
7.073686781497211529e-01
6.890470540383544229e-01
6.519469428980007031e-01
5.962945801049487349e-01
5.237454524247826537e-01
4.371116942563552099e-01
3.400101559259677275e-01
2.364781553689875027e-01
1.306009396293257574e-01
2.618711715237666271e-02
-7.348255191015611032e-02
9.959033312496994306e-01
1.047885343969541916e+00
1.072008856174640368e+00
1.069171171080474769e+00
1.042364056198198385e+00
9.964049048507166439e-01
9.374540740899057756e-01
8.723747936047147045e-01
8.080146565410881720e-01
7.504983976456087724e-01
7.046188714734471503e-01
6.733977006380748032e-01
6.578619362478231869e-01
6.570526763478192755e-01
6.682508904288968488e-01
6.873792984366222658e-01
7.095205337556256264e-01
7.294828898463557865e-01
7.423459244341545915e-01
7.439277828861572406e-01
7.311319201072574714e-01
7.021499977752114763e-01
6.565171254980897153e-01
5.950327273151689855e-01
5.195732954703593531e-01
4.328311528744838155e-01
3.380159503886910333e-01
2.385535621007343898e-01
1.378114042598740374e-01
3.887134285799112576e-02
9.854613281846396067e-01
1.044245437999372417e+00
1.075987202088195760e+00
1.081069409993985264e+00
1.061874362006393069e+00
1.022570243795758449e+00
9.686953463918468454e-01
9.065890587286367097e-01
8.427398997553997573e-01
7.831314680217190682e-01
7.326655744559792405e-01
6.947286965084664700e-01
6.709459074993864292e-01
6.611395794534623560e-01
6.634829120482699238e-01
6.748148363774322256e-01
6.910661776005377899e-01
7.077387893260429497e-01
7.203798131601917287e-01
7.250010469511174449e-01
7.184064623441752673e-01
6.984065924052524910e-01
6.639142584121946467e-01
6.149298122165173242e-01
5.524343227426267156e-01
4.782152989251778341e-01
3.946517014838045734e-01
3.044837837715657081e-01
2.105896675554486674e-01
1.157855409892967202e-01
9.267584891992217688e-01
9.885358469498781719e-01
1.024627156281771923e+00
1.034994403332655688e+00
1.021468553309606175e+00
9.875871226852570572e-01
9.382447143498754416e-01
8.791979285648833242e-01
8.164857543125461081e-01
7.558367913951613559e-01
7.021340611732541648e-01
6.589973160060048629e-01
6.285239869305229155e-01
6.112067348743943640e-01
6.060219470934758990e-01
6.106630762614264629e-01
6.218781453683299709e-01
6.358634320154388231e-01
6.486653330482308188e-01
6.565485602863606607e-01
6.562992094690609512e-01
6.454436326699128923e-01
6.223763041499646986e-01
5.864003383710306716e-01
5.376919909623941729e-01
4.772050332803716710e-01
4.065326075782606519e-01
3.277436969275639989e-01
2.432094882734460450e-01
1.554324162763891515e-01
2.645658264382558245e-02
-1.415927684933138489e-02
-7.447795222293389361e-02
-1.510840472396751399e-01
-2.389901562614260566e-01
-3.320551530903407267e-01
-4.235678815252208462e-01
-5.069309874932775850e-01
-5.763620869823828929e-01
-6.275236570897855248e-01
-6.580001157682144886e-01
-6.675595144205404008e-01
-6.581651885442930672e-01
-6.337353392593106927e-01
-5.996810278452201493e-01
-5.622808612018102004e-01
-5.279700457632965360e-01
-5.026301888794337813e-01
-4.909635217028083809e-01
-4.960219602063213884e-01
-5.189397973390195151e-01
-5.588919792186388680e-01
-6.132715267459516451e-01
-6.780534254339533051e-01
-7.482915036146249310e-01
-8.186819102597187037e-01
-8.841231152737487609e-01
-9.402079179070013115e-01
-9.835965065804898044e-01
-1.012238821595653704e+00
2.425406153435049061e-01
2.166402432899084962e-01
1.683788699636417641e-01
1.009100050415520922e-01
1.914690064359172300e-02
-7.065461210777250478e-02
-1.614979621219213013e-01
-2.463646725391125947e-01
-3.189628241360498162e-01
-3.744105798839371668e-01
-4.097668127520778247e-01
-4.243403037554528412e-01
-4.197381442080276304e-01
-3.996483571336839624e-01
-3.693861975950498699e-01
-3.352631937914998250e-01
-3.038588252895620956e-01
-2.812843599848999787e-01
-2.725260493609327206e-01
-2.809415310191728521e-01
-3.079612217997394485e-01
-3.530190051078309632e-01
-4.137074270698202216e-01
-4.861257246264015786e-01
-5.653676514764720551e-01
-6.460827108429030297e-01
-7.230403510498009112e-01
-7.916319271293612569e-01
-8.482584967098691919e-01
-8.905714524967149881e-01
4.606476881398851586e-01
4.513717671521148000e-01
4.172588426960666119e-01
3.610923169062894011e-01
2.875842972778810958e-01
2.029706031475129735e-01
1.144040201711980925e-01
2.921443004329078719e-02
-4.587396524981331158e-02
-1.054695086495577305e-01
-1.460911250298369823e-01
-1.665240426239531502e-01
-1.679095072566231805e-01
-1.535602432340248402e-01
-1.285291288699783319e-01
-9.898940976718703655e-02
-7.150667576787578250e-02
-5.229324451173871652e-02
-4.653377525178965107e-02
-5.785784945762645348e-02
-8.801329591096389293e-02
-1.367665909953328374e-01
-2.020275891557212766e-01
-2.801689522368261409e-01
-3.664892546135803952e-01
-4.557552492551731893e-01
-5.427544275911397875e-01
-6.227937487718754328e-01
-6.920929738254424368e-01
-7.480391281373068857e-01
6.671426990975097837e-01
6.752755242417860515e-01
6.564106859866362109e-01
6.128769974010979116e-01
5.490728769763073558e-01
4.710838272483931499e-01
3.860842548236194105e-01
3.015916761928917333e-01
2.246645080471372791e-01
1.611445508853832642e-01
1.150402916912445783e-01
8.812817876092504665e-02
7.981925339392932639e-02
8.730276684715940205e-02
1.059421704218344584e-01
1.298673869738303788e-01
1.526847313945842166e-01
1.682148170866494818e-01
1.711700100565358429e-01
1.576954714138359970e-01
1.257191335309455482e-01
7.508269281156496056e-02
7.454047539079668161e-03
-7.395217447116538001e-02
-1.647984551820529942e-01
-2.601317478364133517e-01
-3.549089484878441558e-01
-4.444791425022758258e-01
-5.249727698163273448e-01
-5.935645648601325375e-01
8.483766856103975851e-01
8.734812915484712059e-01
8.698686254996765843e-01
8.393592729193911639e-01
7.859479798692023955e-01
7.154523994710587642e-01
6.349362822125168559e-01
5.519730875385314706e-01
4.738402703891143597e-01
4.067455567945733597e-01
3.551826002971395502e-01
3.214953285989157195e-01
3.057012009589776258e-01
3.055883002875964261e-01
3.170651904618377870e-01
3.347110311703387353e-01
3.524507328667254580e-01
3.642685063631456721e-01
3.648737365321866322e-01
3.502446743582421362e-01
3.179955851212284967e-01
2.675383864840342740e-01
2.000367538548458168e-01
1.181755930158597950e-01
2.578868724906527299e-02
-7.259987660817619759e-02
-1.722602145204818191e-01
-2.687100875052475524e-01
-3.580903721515981686e-01
-4.374305431686261736e-01
9.921779979059033305e-01
1.032640508034157412e+00
1.043213527214314151e+00
1.025190263479125230e+00
9.820998196713797146e-01
9.193938999171809012e-01
8.439026943984140328e-01
7.631225103863604753e-01
6.844226035944398490e-01
6.142706371840125357e-01
5.575734097393585387e-01
5.172126746510736783e-01
4.938280696945893666e-01
4.858650769978500872e-01
4.898709424072724694e-01
5.009907476196243659e-01
5.135934283956591351e-01
5.219459478147707721e-01
5.208537461078126540e-01
5.061959925367859325e-01
4.753027171691915354e-01
4.271444104500836669e-01
3.623296404110463165e-01
2.829293274195848196e-01
1.921647990818166896e-01
9.400875944561537523e-02
-7.246998415231076240e-03
-1.074057465537416045e-01
-2.027189338775227667e-01
-2.901480905074008687e-01
1.089201892805854888e+00
1.142410416885600410e+00
1.165180795822544857e+00
1.158293981360818403e+00
1.124781721560353942e+00
1.069655452694198816e+00
9.994040780674127156e-01
9.213186712845966575e-01
8.427270858017911204e-01
7.702340418313151638e-01
7.090606137841841683e-01
6.625617771119804988e-01
6.319746771932784890e-01
6.164180426960497172e-01
6.131298669038938165e-01
6.179010629838297408e-01
6.256411673356545577e-01
6.310006758715279718e-01
6.289738786389397207e-01
6.154151302784993671e-01
5.874181281847703495e-01
5.435289726874890093e-01
4.837863128785692135e-01
4.096027193811370148e-01
3.235181428484312227e-01
2.288673125699889899e-01
1.294075283846696234e-01
2.895172538679341434e-02
-6.895506791589894879e-02
-1.612881674803636201e-01
1.133931033373312580e+00
1.196561417994841836e+00
1.228866424313653338e+00
1.231160252830190815e+00
1.205974851352316968e+00
1.157832651764443499e+00
1.092792901274224349e+00
1.017824252093833648e+00
9.400807210063655273e-01
8.661710008425417273e-01
8.015105279073642119e-01
7.498321947893515915e-01
7.129078197112618254e-01
6.905026471097949203e-01
6.805541325283023246e-01
6.795386992488179345e-01
6.829697012119116950e-01
6.859586779063329143e-01
6.837707050078236648e-01
6.723122965633157033e-01
6.485048234555956803e-01
6.105150298736201631e-01
5.578340270137014389e-01
4.912144494048148458e-01
4.124901813424182162e-01
3.243128741605577625e-01
2.298438774838716114e-01
1.324394583724850805e-01
3.536215189643886203e-02
-5.845694812104977600e-02
1.125178701456695851e+00
1.193543610746808703e+00
1.232352555909400627e+00
1.241522056697274223e+00
1.223107293680873120e+00
1.181117939612140288e+00
1.121116995763012936e+00
1.049649386660385764e+00
9.735704955018664730e-01
8.993576274535252102e-01
8.324877525323362004e-01
7.769532100592253521e-01
7.349657782850075316e-01
7.068724848959777596e-01
6.912782409396786010e-01
6.853450909552001313e-01
6.852189383437797821e-01
6.865240203732320134e-01
6.848636637512383052e-01
6.762720771645768236e-01
6.575742364403607265e-01
6.266268220181296922e-01
5.824300941607551962e-01
5.251162348021505277e-01
4.558322985020267226e-01
3.765444495703073602e-01
2.897942811350763259e-01
1.984379999559663932e-01
1.053958665623744018e-01
1.343352534257781505e-02
1.066033726682111382e+00
1.136444157016077039e+00
1.178677495258555918e+00
1.192336588887103588e+00
1.179042587420111587e+00
1.142291076441866338e+00
1.087104743865899836e+00
1.019523190604924689e+00
9.459924523743001856e-01
8.727292053057664756e-01
8.051357645718535405e-01
7.473321607649182630e-01
7.018529489476500460e-01
6.695324381845400019e-01
6.495767655166481136e-01
6.397985216526529406e-01
6.369724747635874262e-01
6.372611072910789876e-01
6.366565972880088298e-01
6.313907412014334586e-01
6.182744356939982033e-01
5.949415423069956965e-01
5.599860243194973997e-01
5.129942357244147155e-01
4.544847465760418204e-01
3.857753180928940040e-01
3.088004066949085469e-01
2.259031794851472930e-01
1.396240919503889955e-01
5.250439291599065528e-02
5.867992381560711845e-02
3.081225613119280629e-02
-1.660893621367671644e-02
-8.110198358595736845e-02
-1.586951344047581036e-01
-2.442509043087727483e-01
-3.319445399554313836e-01
-4.158433950938549284e-01
-4.905175348510892874e-01
-5.516053074096205489e-01
-5.962621198251294441e-01
-6.234355378772117318e-01
-6.339327358092998743e-01
-6.302736944200059144e-01
-6.163512906376785727e-01
-5.969435924551516059e-01
-5.771410642665059099e-01
-5.617599437056668421e-01
-5.548120580773813204e-01
-5.590914158076616403e-01
-5.759207800861843030e-01
-6.050796795559886254e-01
-6.449119592248487853e-01
-6.925891041257696834e-01
-7.444879308213598890e-01
-7.966299247512702575e-01
-8.451256708457809408e-01
-8.865715848616864125e-01
-9.183565470395227415e-01
-9.388512075643167254e-01
2.682521522684732096e-01
2.538820089779046385e-01
2.171983434496300991e-01
1.604433769884144045e-01
8.754417648537032859e-02
3.788400946967702965e-03
-8.467409485934904168e-02
-1.714481136547621187e-01
-2.505540106089523822e-01
-3.170501389729359909e-01
-3.675383027965514748e-01
-4.004889804198633052e-01
-4.163472460733104175e-01
-4.174095157503515674e-01
-4.074910552361397653e-01
-3.914303423584946651e-01
-3.744954013495047640e-01
-3.617668992945435869e-01
-3.575723366222903765e-01
-3.650357198911425849e-01
-3.857895263704110844e-01
-4.198732721990863226e-01
-4.658187536587658495e-01
-5.208992538542752682e-01
-5.815015405811297944e-01
-6.435674668156063927e-01
-7.030476100631155578e-01
-7.563127533621736287e-01
-8.004791512940316878e-01
-8.336185672656524215e-01
4.800583122770351041e-01
4.808185456351032894e-01
4.566694733800205630e-01
4.095303884297815111e-01
3.431848617290718106e-01
2.629650018021396085e-01
1.752432700136499766e-01
8.678889247753161784e-02
4.066705602303648248e-03
-6.743415425077461944e-02
-1.237575174363983732e-01
-1.628545827336488061e-01
-1.847315814550567203e-01
-1.913573293183134794e-01
-1.863486614399877395e-01
-1.744794621450971583e-01
-1.610793841917403935e-01
-1.513990425250574812e-01
-1.500186394176487026e-01
-1.603672980660459102e-01
-1.844027727025683017e-01
-2.224784725506828709e-01
-2.734001434610707770e-01
-3.346513640580062177e-01
-4.027481070784266759e-01
-4.736701355717096718e-01
-5.433121252449895078e-01
-6.079002259584457279e-01
-6.643293426709360183e-01
-7.103908958278826180e-01
6.811967237678537845e-01
6.977225722543229924e-01
6.870470523447755884e-01
6.507035377484992056e-01
5.922439846328625412e-01
5.169395866673283102e-01
4.312734362047264680e-01
3.422823826658520918e-01
2.568278439249950806e-01
1.808863112511584492e-01
1.189479591288872123e-01
7.359668021402362981e-02
4.531965069925232570e-02
3.256333662134982404e-02
3.202052216182937894e-02
3.910417366688027918e-02
4.854256828428152315e-02
5.501856227195917048e-02
5.377501218953420481e-02
4.111751580703002645e-02
1.476285372117630383e-02
-2.599605292456206446e-02
-8.031347169151205334e-02
-1.459842051858539214e-01
-2.197697562553382333e-01
-2.978074250988890781e-01
-3.760471402490304649e-01
-4.506629806990951059e-01
-5.183950507082414338e-01
-5.767908750905607063e-01
8.586297592696412462e-01
8.904702405028064316e-01
8.932545926360643262e-01
8.680932763361204341e-01
8.182354467261836461e-01
7.487927737742046119e-01
6.662434021955643271e-01
5.777721874992596263e-01
4.905272726730444677e-01
4.108852930568188677e-01
3.438161393418773804e-01
2.924237433203813463e-01
2.577144020781654277e-01
2.386129071462533280e-01
2.322141110688301091e-01
2.342283188351944045e-01
2.395569198076816786e-01
2.429224657321074343e-01
2.394758302954026197e-01
2.253114836617075012e-01
1.978383348117526697e-01
1.559752226768051087e-01
1.001637577103051679e-01
3.221365874974389809e-02
-4.498573743783522427e-02
-1.278414914771268673e-01
-2.124686523909890268e-01
-2.950868837331571681e-01
-3.723591892717207363e-01
-4.416419856173774416e-01
1.000581093522092901e+00
1.046233785584511189e+00
1.061527850740047407e+00
1.047142452562381587e+00
1.005973906499832538e+00
9.428878700292497861e-01
8.642442344268572718e-01
7.772486713084397758e-01
6.892095860304299215e-01
6.067924388756409382e-01
5.353630354285614512e-01
4.784978444080103532e-01
4.377152310890281006e-01
4.124508338306216992e-01
4.002680443587375847e-01
3.972654314829834332e-01
3.986208401853947869e-01
3.991992803064734474e-01
3.941494680986695198e-01
3.794213461923546249e-01
3.521521848218704398e-01
3.108892328596816190e-01
2.556392489264189827e-01
1.877565828487193500e-01
1.096992232396074157e-01
2.469452186094497903e-02
-6.363783077263623911e-02
-1.516586342792752562e-01
-2.360372086693693083e-01
-3.140046190088511824e-01
1.097826201788868250e+00
1.154891114021464382e+00
1.180931805580532901e+00
1.176215786182697842e+00
1.143259421802760079e+00
1.086611855441943053e+00
1.012409103683146405e+00
9.277491115596028237e-01
8.399636696079171294e-01
7.558769750086733463e-01
6.811412189063148492e-01
6.197271975327071081e-01
5.736250155560138619e-01
5.427804827734166171e-01
5.252615534960866084e-01
5.176207547065427850e-01
5.153977652990912039e-01
5.136935583597825872e-01
5.077446583429217064e-01
4.934324723529548429e-01
4.676765168417309493e-01
4.286790900779735014e-01
3.760096272885316560e-01
3.105368104036811405e-01
2.342331227181716491e-01
1.498882584332325019e-01
6.077374523850723187e-02
-2.969873250706414614e-02
-1.182878173366890967e-01
-2.021731252389532552e-01
1.144679988256174452e+00
1.210109530702873970e+00
1.244531422071841975e+00
1.247845605492470700e+00
1.222183642808513770e+00
1.171725802478672529e+00
1.102290878659532236e+00
1.020745559287752791e+00
9.343050354242609101e-01
8.498107330627491240e-01
7.730725107993937639e-01
7.083516061510217732e-01
6.580393110120437150e-01
6.225586144108898878e-01
6.004863999296232713e-01
5.888666495727739036e-01
5.836640865616736784e-01
5.802950902992105586e-01
5.741693573205512990e-01
5.611810808866808387e-01
5.381006835743565864e-01
5.028349570313641603e-01
4.545421621882991814e-01
3.936066649754361157e-01
3.214929037976905768e-01
2.405094201599119463e-01
1.535195785375632060e-01
6.363642451968902491e-02
-2.606451974507256741e-02
-1.127877738871150559e-01
1.139535258004859886e+00
1.209943084655707324e+00
1.250042787676395761e+00
1.259429329910277895e+00
1.239864083580058729e+00
1.195124707603616665e+00
1.130635228954868010e+00
1.052918612096083173e+00
9.689381762630104866e-01
8.854083468445476113e-01
8.081574058451619358e-01
7.416152593642573176e-01
6.884798565504302026e-01
6.495903081961151848e-01
6.240071951969636821e-01
6.092751642585079175e-01
6.018230481187336611e-01
5.974445732428582678e-01
5.917989970849764081e-01
5.808752175257129169e-01
5.613734658128219923e-01
5.309734431560041434e-01
4.884742761746455053e-01
4.338076722761872728e-01
3.679392917964365850e-01
2.926833415176653963e-01
2.104611017206081125e-01
1.240355103059027214e-01
3.625154422813710309e-02
-5.019316466313708536e-02
1.084883094697228323e+00
1.156867496910641613e+00
1.199882278541560821e+00
1.213291150192988832e+00
1.198515093528162545e+00
1.158913104528723315e+00
1.099455051622882040e+00
1.026224066119622913e+00
9.458086613003662269e-01
8.646584797281963164e-01
7.884802862385509314e-01
7.217426075813035968e-01
6.673401438366299843e-01
6.264459589911127724e-01
5.985543679067442113e-01
5.816941628828596889e-01
5.727734492115809095e-01
5.680058559329771439e-01
5.633639590865231472e-01
5.550089230579413613e-01
5.396542374032972100e-01
5.148340521524630287e-01
4.790608651278025487e-01
4.318712101020481531e-01
3.737699423493508477e-01
3.060926483440204460e-01
2.308111061770412031e-01
1.503085907188617121e-01
6.715055996804250582e-02
-1.612743729170444673e-02
