7.870721395333137860e-01
4.843204434474165376e-01
1.442556305772877412e-01
-2.149134525860849632e-01
-5.717078894018285951e-01
-9.033027419206702824e-01
-1.187759231427051088e+00
-1.406289706392455097e+00
-1.545259468676776438e+00
-1.597654831937689979e+00
-1.563815101036250654e+00
-1.451326831618773960e+00
-1.274095354990757212e+00
-1.050722122791013513e+00
-8.024088482402071953e-01
-5.506667282894897042e-01
-3.151236422311788354e-01
-1.116939038427932074e-01
4.868940010281619379e-02
1.606681696581740426e-01
2.243657026937854182e-01
2.446840182155076704e-01
2.301428059988655517e-01
1.914549531583014108e-01
1.400458641018859085e-01
8.670565651351291869e-02
4.052090921886042363e-02
8.175184810961577675e-03
-6.354457405482460963e-03
-1.734412218915903914e-03
8.719406762551165091e-01
5.647135264965380541e-01
2.184389674819179894e-01
-1.481356605897876655e-01
-5.129012402423573924e-01
-8.523918502309650869e-01
-1.144102845281141922e+00
-1.368833044615902050e+00
-1.512742045290121018e+00
-1.568842013121837686e+00
-1.537716646274706944e+00
-1.427366836508709769e+00
-1.252205352513117820e+00
-1.031341472839582440e+00
-7.863918540496095400e-01
-5.391114941656183213e-01
-3.091507899462202502e-01
-1.122115979123171625e-01
4.119553447167656479e-02
1.462860220909530384e-01
2.038243443554163536e-01
2.193276616779625265e-01
2.018157824823426649e-01
1.623162420185743637e-01
1.123419120404632876e-01
6.253526477518056570e-02
2.162528816851216895e-02
-4.219633875224504393e-03
-1.162541716506193534e-02
1.263512069877847921e-04
9.573267431862573229e-01
6.526588057775474239e-01
3.079534884597248112e-01
-5.794180052260400338e-02
-4.228050191345911202e-01
-7.630817198655068800e-01
-1.056237210362351853e+00
-1.283121960485937851e+00
-1.430034867680772370e+00
-1.490200076049416955e+00
-1.464450172876372358e+00
-1.361019562929031590e+00
-1.194478321126702269e+00
-9.839579111830745184e-01
-7.509162087246292749e-01
-5.167454930453656559e-01
-3.005359567789327446e-01
-1.172695483673157346e-01
2.335702079173640477e-02
1.173813880276851074e-01
1.663052113842934943e-01
1.762100571951021322e-01
1.564383655536812356e-01
1.180585179698881992e-01
7.233721182782271164e-02
2.941365942684059931e-02
-2.683341325692367718e-03
-1.860146538615170542e-02
-1.580856503223260212e-02
5.632324734371030317e-03
1.037493170723723823e+00
7.421652012704000878e-01
4.065999476042410077e-01
4.929773681934113139e-02
-3.079336451290435317e-01
-6.420123045906176440e-01
-9.309142785012318733e-01
-1.156006327040944637e+00
-1.304064756988604579e+00
-1.368698947135560395e+00
-1.350977705272918605e+00
-1.259169453052293441e+00
-1.107634738105321981e+00
-9.150304320406916769e-01
-7.020794103534966357e-01
-4.892128238376540761e-01
-2.943970856153560467e-01
-1.314156893951073934e-01
-8.796000045930840727e-03
7.053196637322622919e-02
1.088663544852695453e-01
1.127721895097737459e-01
9.171709414781292757e-02
5.652917114535860321e-02
1.790128230140941579e-02
-1.486807054111638493e-02
-3.476521259096732042e-02
-3.752137324063731239e-02
-2.165048042214101631e-02
1.186885012251981397e-02
1.106838457255168162e+00
8.269198492271023770e-01
5.073526289873996342e-01
1.658653746003317386e-01
-1.766486754132670089e-01
-4.981105915859618261e-01
-7.775147708836955829e-01
-9.971753241095813181e-01
-1.144652790402135745e+00
-1.214089273344787223e+00
-1.206760291511701944e+00
-1.130764030504790130e+00
-9.998944376898446507e-01
-8.318625389259706182e-01
-6.461209729725023720e-01
-4.615957508502694928e-01
-2.946300017940031157e-01
-1.573988057968460641e-01
-5.697172526211102817e-02
4.904427192424010151e-03
3.133780095977012348e-02
2.926801455625438475e-02
8.082889310484064893e-03
-2.189773651892668038e-02
-5.085065441817249177e-02
-7.060893336106421891e-02
-7.543301984113726100e-02
-6.234603265596938559e-02
-3.105576859824843439e-02
1.645775370938873383e-02
1.160540664094471319e+00
9.010199128136593405e-01
6.031808171958762399e-01
2.836067994809958748e-01
-3.816296408394426187e-02
-3.415162689790444128e-01
-6.069058327397738317e-01
-8.179611880083068609e-01
-9.632816569705149323e-01
-1.037653749541890935e+00
-1.042515637076658175e+00
-9.856009526451434688e-01
-8.798155448632181130e-01
-7.415133319212117158e-01
-5.884222409625783357e-01
-4.375148151227514770e-01
-3.031144454501828456e-01
-1.954797185191731179e-01
-1.200260001085371453e-01
-7.724045545396929224e-02
-6.324201984575128499e-02
-7.084835067351447080e-02
-9.095078172056869636e-02
-1.139732802231135933e-01
-1.312032521454128409e-01
-1.358253378695730706e-01
-1.235538461713006075e-01
-9.283234397948092465e-02
-4.463723516431727933e-02
1.802473890817568591e-02
1.195110022455773802e+00
9.596500947796582359e-01
6.878572407691866397e-01
3.948707365224708998e-01
9.852417316728701024e-02
-1.824054172559385067e-01
-4.301742663065655226e-01
-6.300099186868501899e-01
-7.717375263384969042e-01
-8.508578111330284965e-01
-8.689169694201839267e-01
-8.331134552338441690e-01
-7.552012319099794535e-01
-6.498540379459307736e-01
-5.327326921534605297e-01
-4.185348852663217656e-01
-3.192990659340930737e-01
-2.431837884666563365e-01
-1.938613236979097598e-01
-1.705646021042458438e-01
-1.687269600195916430e-01
-1.810709730550708052e-01
-1.989483433097419818e-01
-2.137140492794186164e-01
-2.179349007470413602e-01
-2.062792799663543120e-01
-1.760006216236235099e-01
-1.269991935118570670e-01
-6.151230599764312412e-02
1.646797720276460542e-02
1.208762567310606606e+00
9.995981896897373487e-01
7.566247981629085073e-01
4.933281368010544177e-01
2.255904753323331180e-01
-2.990100206588142129e-02
-2.574395167487292246e-01
-4.440343948632448079e-01
-5.808481565422873860e-01
-6.641220814347765788e-01
-6.954503034767796077e-01
-6.813603782834856126e-01
-6.322642678355927526e-01
-5.609394048821951806e-01
-4.807684980866455682e-01
-4.039976140158847429e-01
-3.402604524465290270e-01
-2.955658649860575249e-01
-2.718655500053200891e-01
-2.672241520686251537e-01
-2.765211935143045974e-01
-2.925386643464122916e-01
-3.072411395784673260e-01
-3.130427639985865484e-01
-3.038767804674556983e-01
-2.759320866631145286e-01
-2.279869245112984277e-01
-1.613395624456664956e-01
-7.939752049313919535e-02
1.296901046921616896e-02
1.201559455861889170e+00
1.019532312645744510e+00
8.066228114666790239e-01
5.745494404985178605e-01
3.371102182800344016e-01
1.087684548845505028e-01
-9.692223035249425411e-02
-2.688345844641497617e-01
-3.995041510538309693e-01
-4.858983976160975438e-01
-5.295993688261928511e-01
-5.363703694316681592e-01
-5.151731067343943149e-01
-4.767870680185029020e-01
-4.322428022819584381e-01
-3.913051168589003481e-01
-3.612274573346023754e-01
-3.459484351228636623e-01
-3.458253040957617319e-01
-3.579110596019603463e-01
-3.766971452480021298e-01
-3.951765843849829318e-01
-4.060429947726615918e-01
-4.028342449664794600e-01
-3.808543039054124169e-01
-3.377565096161830871e-01
-2.737355355697339565e-01
-1.913415665592561599e-01
-9.498710187522185766e-02
9.744349782570216334e-03
1.175299381158429135e+00
1.020009104744677764e+00
8.370225645216308186e-01
6.362699772348392457e-01
4.294413906409159654e-01
2.287584059899758770e-01
4.561722273626178659e-02
-1.107040347081920117e-01
-2.340803014354646550e-01
-3.221564723330476721e-01
-3.764477115769421234e-01
-4.019051296037883247e-01
-4.060137605233826719e-01
-3.975641711367287057e-01
-3.852896851393451394e-01
-3.765793712983505070e-01
-3.764598954547960785e-01
-3.869907412520059431e-01
-4.071463771782055652e-01
-4.331785841420461303e-01
-4.593764581190902252e-01
-4.790832644027420706e-01
-4.857973982360159759e-01
-4.741831361733930272e-01
-4.408439951623026598e-01
-3.847607192875716065e-01
-3.073570788642706608e-01
-2.122183008397843240e-01
-1.045384169203386060e-01
9.593731952382444916e-03
7.122887879198347427e-01
3.809141703177603144e-01
1.206821779648814541e-02
-3.741000900527808870e-01
-7.540995027069794521e-01
-1.103228205650180538e+00
-1.398018234989791608e+00
-1.618688445741417459e+00
-1.751282599018145314e+00
-1.789200315390830243e+00
-1.733906644199428859e+00
-1.594718667375513155e+00
-1.387696531374748465e+00
-1.133790512672313344e+00
-8.564953079591928198e-01
-5.793225672380930558e-01
-3.234148187591171508e-01
-1.055886342767454744e-01
6.297990289110344531e-02
1.773148397764739981e-01
2.384417348945660486e-01
2.525282871143090246e-01
2.295398525365711651e-01
1.816312538724889070e-01
1.215060012701889569e-01
6.095002530492066306e-02
9.696642260192400720e-03
-2.528655852471584087e-02
-4.006795893992032287e-02
-3.362075726270052911e-02
7.961262667939610349e-01
4.622132849484414940e-01
8.967746281533683916e-02
-3.008107360534116870e-01
-6.851933385943222987e-01
-1.038239262656216688e+00
-1.336071191938843050e+00
-1.558686729370568846e+00
-1.692137684850868018e+00
-1.730066357388932330e+00
-1.674381423341005037e+00
-1.534975401244987880e+00
-1.328521044469953560e+00
-1.076513123648146886e+00
-8.028240656279392873e-01
-5.311011578280673273e-01
-2.823416041757966788e-01
-7.294049174048877759e-02
8.657531320105282813e-02
1.920220802882526834e-01
2.452529077944679003e-01
2.531847091140944084e-01
2.263518491008290612e-01
1.772232273754499321e-01
1.185244567803426241e-01
6.177631035511044200e-02
1.620338983178459813e-02
-1.190505380754725007e-02
-1.937409336385942371e-02
-5.917921699613026831e-03
8.809816430561021594e-01
5.524152253344697394e-01
1.848870288793434957e-01
-2.009055897800813284e-01
-5.809195790129115800e-01
-9.300139269862619518e-01
-1.224500615443752549e+00
-1.444673290375281249e+00
-1.576972287724830002e+00
-1.615483136915543794e+00
-1.562553750315104795e+00
-1.428439274113930013e+00
-1.230022568080815448e+00
-9.887894158014367552e-01
-7.283394671808436360e-01
-4.717707611267418777e-01
-2.392798350541160968e-01
-4.627243195864294556e-02
9.780837800775177282e-02
1.898430555536785858e-01
2.326107956246881714e-01
2.337103050760578893e-01
2.040348029473415536e-01
1.560493716694584254e-01
1.021177996641984276e-01
5.308887609442580757e-02
1.728847651832776666e-02
-1.324241149791571814e-05
3.333126065160008089e-03
2.668739013362164680e-02
9.608645097830144088e-01
6.450890393579823412e-01
2.908334952181413358e-01
-8.167753073815209319e-02
-4.490008805642322631e-01
-7.867042286993939371e-01
-1.071880812891002677e+00
-1.285623890851446793e+00
-1.415122198806192833e+00
-1.455079124042377492e+00
-1.408249061245940181e+00
-1.285010056526693312e+00
-1.102031427591251722e+00
-8.802251894388601894e-01
-6.422693627673343730e-01
-4.100439871505514589e-01
-2.023197601265432910e-01
-3.298692367043187801e-02
8.998088884308053093e-02
1.647496540902093631e-01
1.950768499601416295e-01
1.891390041870440464e-01
1.579555931805786129e-01
1.136640594759281697e-01
6.789321381136736999e-02
3.043850632435396442e-02
8.373405689792168261e-03
5.650368563670404853e-03
2.316696027466480512e-02
5.920976679958289690e-02
1.029972713259690975e+00
7.334810361313321980e-01
3.997671950959705844e-01
4.811362970418786578e-02
-2.991830816150228278e-01
-6.189728113211439009e-01
-8.896723568282183248e-01
-1.093627279770636118e+00
-1.219086710694055276e+00
-1.261506406347609577e+00
-1.223986962546005808e+00
-1.116778940360147576e+00
-9.559237928795563111e-01
-7.612256747277059699e-01
-5.538434243534142709e-01
-3.538391909108963285e-01
-1.780138733377341076e-01
-3.830271015575581472e-02
5.909155316617120679e-02
1.137679967148485516e-01
1.304583774119999484e-01
1.177797321062293290e-01
8.663753418531094930e-02
4.853575544260912977e-02
1.403587643383374939e-02
-8.443006230904659404e-03
-1.336459438648240905e-02
1.679036719752446949e-03
3.617444551697956978e-02
8.724399050339703976e-02
1.083381338256299786e+00
8.113192330401181041e-01
5.039783414475236256e-01
1.792919459097794266e-01
-1.420608013371107425e-01
-4.387007650173331275e-01
-6.908232289018052530e-01
-8.823960946201483413e-01
-1.002970802191160304e+00
-1.048839996467103575e+00
-1.023366577596060756e+00
-9.364302640255519616e-01
-8.030695917221584157e-01
-6.415168314278929529e-01
-4.709104144510325440e-01
-3.090099716531196083e-01
-1.702273813449745044e-01
-6.422691956777903943e-02
4.749416330941391706e-03
3.779144713977966585e-02
4.054044368642106821e-02
2.188964062086284912e-02
-7.601880174484487718e-03
-3.732912782567998633e-02
-5.806312863068474606e-02
-6.299814318518592859e-02
-4.832438583761611284e-02
-1.331013620000509601e-02
4.004709192346600499e-02
1.076844833365301346e-01
1.117619694025128618e+00
8.735454150517156791e-01
5.966949070679525846e-01
3.033329638530106176e-01
1.215557113377352394e-02
-2.576028366704565808e-01
-4.882553837310463773e-01
-6.656569220697632350e-01
-7.808184874267156683e-01
-8.308997473022947666e-01
-8.194249638730946028e-01
-7.556837541093113231e-01
-6.534018576270268497e-01
-5.288777846317875841e-01
-3.988596279571502423e-01
-2.784694984864217737e-01
-1.794662793076257090e-01
-1.090749005275566397e-01
-6.951416784968389440e-02
-5.824275635803788376e-02
-6.883375003599156994e-02
-9.229997610380724637e-02
-1.186386228618138139e-01
-1.383507714152095724e-01
-1.437185403440629505e-01
-1.296817091870049454e-01
-9.423415161647574756e-02
-3.834309808750779869e-02
3.453324055227768863e-02
1.192029461832667669e-01
1.131042905557932077e+00
9.168566950617516031e-01
6.728076751249135734e-01
4.132763960942564263e-01
1.547330571662821064e-01
-8.597318458965530485e-02
-2.934812533121814448e-01
-4.556806540390543336e-01
-5.651091863924928571e-01
-6.197707224913187041e-01
-6.232412938088354171e-01
-5.840397469284417387e-01
-5.143532445856973112e-01
-4.283079488083099129e-01
-3.400438845744144789e-01
-2.618786104622565780e-01
-2.028231762598939891e-01
-1.676505901745465321e-01
-1.566236232828206454e-01
-1.658821088459127013e-01
-1.883884723849641452e-01
-2.152508381806621518e-01
-2.371978057135326612e-01
-2.459733562327156564e-01
-2.354525503065082459e-01
-2.023404000499104960e-01
-1.463946287409172431e-01
-7.019313385058578714e-02
2.146500738003254138e-02
1.223905737362247503e-01
1.123943070385234888e+00
9.399763599118424739e-01
7.293150662495812009e-01
5.043486613610268510e-01
2.792075179517569672e-01
6.825254461136298634e-02
-1.155551139104602498e-01
-2.621708213271246590e-01
-3.656398329563007588e-01
-4.247411833615826193e-01
-4.429935466877774619e-01
-4.280132465053874125e-01
-3.903172310952881530e-01
-3.417522048893255615e-01
-2.937895375881570681e-01
-2.559438893997927345e-01
-2.345488943575299023e-01
-2.320606987411313327e-01
-2.469712927783371814e-01
-2.743143893582654647e-01
-3.066543847322221739e-01
-3.353790909987897084e-01
-3.520802597524519406e-01
-3.498068464288480728e-01
-3.240120321081561006e-01
-2.730776690718588195e-01
-1.983763168814327571e-01
-1.039070994573653151e-01
4.395823320835656745e-03
1.195437808777082278e-01
1.098393649931730387e+00
9.436267711126773428e-01
7.654377397552224460e-01
5.742221272057520531e-01
3.817783887300311707e-01
2.000053744533170086e-01
3.951390713311375702e-02
-9.164318665981252554e-02
-1.889244024462471971e-01
-2.517794428877019319e-01
-2.835696236752920374e-01
-2.909311088188274441e-01
-2.826736956518112187e-01
-2.683841026250053385e-01
-2.569509769335617255e-01
-2.552404640810802539e-01
-2.671242399132455203e-01
-2.930014968702342459e-01
-3.298735593639223751e-01
-3.719394275199574551e-01
-4.115984298862005453e-01
-4.406861617432793476e-01
-4.517414214108828041e-01
-4.391083534114614828e-01
-3.997164867342991590e-01
-3.334432702931362513e-01
-2.430367964879885934e-01
-1.336471939506066464e-01
-1.207158931811858071e-02
1.141488897801394842e-01
6.027821247907938496e-01
2.655141819452845886e-01
-1.061466042859754433e-01
-4.915237492937145625e-01
-8.668028606461404273e-01
-1.207219155489311024e+00
-1.489536228373798954e+00
-1.694505119501312995e+00
-1.808976550319106869e+00
-1.827374343041695992e+00
-1.752320332849441220e+00
-1.594317714914993411e+00
-1.370531742957840526e+00
-1.102832419953898802e+00
-8.153631226043229763e-01
-5.319568125075699871e-01
-2.737299288942802722e-01
-5.714401304473593068e-02
1.072547716260622286e-01
2.153132208136780967e-01
2.689735425364873089e-01
2.753112234652850265e-01
2.450969390542692694e-01
1.911149764910850535e-01
1.264769030765887092e-01
6.314082149969979518e-02
1.079161501125114331e-02
-2.383245125716604296e-02
-3.715400213375752436e-02
-2.856267468089213057e-02
6.756127195351704362e-01
3.386222620349448320e-01
-3.300955318432019503e-02
-4.181637845944021770e-01
-7.926047391175756740e-01
-1.131243278643726313e+00
-1.410684260264826628e+00
-1.611734178999105760e+00
-1.721531062221811181e+00
-1.734998259973953294e+00
-1.655412133564689858e+00
-1.493996922502691005e+00
-1.268598035647485300e+00
-1.001614897545710647e+00
-7.174752297068054396e-01
-4.399886908347294678e-01
-1.899216353735659890e-01
1.691210601355452869e-02
1.708372548197307772e-01
2.686854140180393036e-01
3.133697728442059738e-01
3.127961028243634867e-01
2.783178351959158525e-01
2.229834045645835983e-01
1.598242872805243908e-01
1.003962942976213135e-01
5.372416867950235986e-02
2.572317655388434154e-02
1.909476192554082630e-02
3.362844030933709316e-02
7.497186554640759004e-01
4.212429879843947456e-01
5.871331667319279468e-02
-3.168281735039639724e-01
-6.813339104368101307e-01
-1.010038109335043677e+00
-1.280011577137831980e+00
-1.472654315889133203e+00
-1.575785024728248773e+00
-1.585030275398551902e+00
-1.504309068196301391e+00
-1.345335995892007697e+00
-1.126207260732358328e+00
-8.692648112745997580e-01
-5.985334075603419013e-01
-3.370778945137077320e-01
-1.046262813496244837e-01
8.424927591307285191e-02
2.211959140694774728e-01
3.043084780662141942e-01
3.375654659678524183e-01
3.296214759521662874e-01
2.921805306989774809e-01
2.382098650099896409e-01
1.802469445521961422e-01
1.290088660949809674e-01
9.244366787822422271e-02
7.528144602127595508e-02
7.906397519659080775e-02
1.025670861911368026e-01
8.194333508117501719e-01
5.070624231024805084e-01
1.620163964831117798e-01
-1.952579838434819193e-01
-5.415046615048431100e-01
-8.529155594044508515e-01
-1.107630383559582432e+00
-1.288150684702313198e+00
-1.383332443493528130e+00
-1.389668616160609771e+00
-1.311668831583679307e+00
-1.161272540518252461e+00
-9.563728512872680110e-01
-7.186573243458265203e-01
-4.710677110723686667e-01
-2.352277821360453380e-01
-2.918056225366594258e-02
1.342833377425615149e-01
2.485241838575862339e-01
3.131178163815149240e-01
3.331488436215157001e-01
3.178990412454371084e-01
2.791684519115741336e-01
2.294952244367030603e-01
1.805256749172974851e-01
1.417348209279596372e-01
1.196217418826030499e-01
1.174185497786734422e-01
1.352715617095784362e-01
1.707908474880022731e-01
8.793608685225903221e-01
5.895063663421128419e-01
2.690476241869902974e-01
-6.264495215325915911e-02
-3.836602997720595098e-01
-6.717222389477806033e-01
-9.065752916766325331e-01
-1.072261464988382818e+00
-1.158965228013457249e+00
-1.164153791071099509e+00
-1.092836458547741030e+00
-9.568947844800572700e-01
-7.735729849184380669e-01
-5.633421177554382986e-01
-3.474410324542410722e-01
-1.454375167191896967e-01
2.686117572351576221e-02
1.588841061948555455e-01
2.459973500425831627e-01
2.893906524308881845e-01
2.952320882773024624e-01
2.732728263323571105e-01
2.351483974885271166e-01
1.926436609138939549e-01
1.561661445943154924e-01
1.336141713197429026e-01
1.297452042439699027e-01
1.460618968355066327e-01
1.811537735480545641e-01
2.313735220791534042e-01
9.250485893525621783e-01
6.625540818216528738e-01
3.720750766280654931e-01
7.149579480386292207e-02
-2.190825891315678620e-01
-4.793892750149886250e-01
-6.912041573065716982e-01
-8.404475357246983247e-01
-9.188363526915825918e-01
-9.248557274991824340e-01
-8.638901685019220178e-01
-7.474829927895403348e-01
-5.918240912581167468e-01
-4.156825817909948206e-01
-2.380821744251644390e-01
-7.604976868960999781e-02
5.725271620505945069e-02
1.537721963126915115e-01
2.110471093788939267e-01
2.319129119459516497e-01
2.235310528972324073e-01
1.959356131121309241e-01
1.603481675474962564e-01
1.275238786823792991e-01
1.063616355179223816e-01
1.029467723505457233e-01
1.201103557350483575e-01
1.575003930731831980e-01
2.120829689739082702e-01
2.789370563425447869e-01
9.535275555728608410e-01
7.214586577778365761e-01
4.644036474266107217e-01
1.984472932531248235e-01
-5.846640026456317862e-02
-2.884151776958527869e-01
-4.755125963902633313e-01
-6.077730267130831976e-01
-6.785502833963048541e-01
-6.873249020811100785e-01
-6.397077414047047661e-01
-5.466455211744150056e-01
-4.229368882132664709e-01
-2.852741813294802364e-01
-1.500976816072036035e-01
-3.157361153695548150e-02
6.001910405282573358e-02
1.192797989796990921e-01
1.459446582680266613e-01
1.444197119066448209e-01
1.227051369717576113e-01
9.091306083725148035e-02
5.962855874818440149e-02
3.836760296815311388e-02
3.434862960197870851e-02
5.172550546723930776e-02
9.134330458419337440e-02
1.509907225373546824e-01
2.260492540345148127e-01
3.103905952279522040e-01
9.636303439282412064e-01
7.632552370705338873e-01
5.410918619249872608e-01
3.112240285358052194e-01
8.922534108924440321e-02
-1.095276808264104007e-01
-2.716355373044091470e-01
-3.872924699163540208e-01
-4.514922774436000985e-01
-4.646274210873502231e-01
-4.323736207362112172e-01
-3.648618306008049039e-01
-2.752518614893239013e-01
-1.779171125452706503e-01
-8.651097473706648167e-02
-1.220175558413882921e-02
3.766809493646483542e-02
6.031511473571871118e-02
5.755752596905694407e-02
3.519545835583826054e-02
1.858425560668730547e-03
-3.247436863194785861e-02
-5.803705935636116475e-02
-6.668349181563448802e-02
-5.293970683074988859e-02
-1.457709037500665161e-02
4.733293188178544497e-02
1.288369309358827208e-01
2.238756728736196466e-01
3.252614062135682493e-01
9.560393848313261111e-01
7.869818406548464429e-01
5.993626553031722315e-01
4.051787167641697218e-01
2.175568040407064863e-01
4.927723589278454330e-02
-8.875775757910087105e-02
-1.888834442351845500e-01
-2.476440193896202180e-01
-2.662106566475422875e-01
-2.501626817829345484e-01
-2.086482697211197168e-01
-1.530414868735714418e-01
-9.529542006976943203e-02
-4.624148635990699141e-02
-1.409362671544300838e-02
-3.381396647948342604e-03
-1.446428605653238275e-02
-4.368383011446952402e-02
-8.410721385092223557e-02
-1.267240178866315681e-01
-1.618919843173950435e-01
-1.807985020757967298e-01
-1.767153119451689847e-01
-1.458708129189774105e-01
-8.783713626119171725e-02
-5.413568745518682057e-03
9.593152351589817606e-02
2.089350729763679304e-01
3.255686610268596626e-01
9.330705594362176392e-01
7.935951446606334114e-01
6.386656860645965050e-01
4.782146515233977047e-01
3.229722788770389430e-01
1.832059397893117114e-01
6.743780199260873687e-02
-1.866184181958852051e-02
-7.302236170047748942e-02
-9.742630897386195254e-02
-9.720796603809145342e-02
-8.042532507224831040e-02
-5.662164862403407106e-02
-3.536317202039918062e-02
-2.477945204967491044e-02
-3.033470783855474195e-02
-5.402156634609178720e-02
-9.409934113632745234e-02
-1.454096219918803445e-01
-2.002083369890568232e-01
-2.493719189557288551e-01
-2.837796357484908549e-01
-2.956534071992450441e-01
-2.796528917013731963e-01
-2.335728661457439070e-01
-1.585617939115329111e-01
-5.886121455099435629e-02
5.885941755151624655e-02
1.864412080555390983e-01
3.152865038877599169e-01
5.047006150619063325e-01
1.845010457305663598e-01
-1.652858364784965950e-01
-5.249524657213329171e-01
-8.720315531640006057e-01
-1.183379863697845424e+00
-1.437516298934544468e+00
-1.616919119754998801e+00
-1.709974492082269260e+00
-1.712304399078200534e+00
-1.627282004392736292e+00
-1.465654348961592524e+00
-1.244317622634116383e+00
-9.844086503975459923e-01
-7.089686330381519408e-01
-4.404874167744563529e-01
-1.986416649021373049e-01
1.500622165195752977e-03
1.506151669273937399e-01
2.455036537754721748e-01
2.887387094556285727e-01
2.876846096197664404e-01
2.530796734244682988e-01
1.974059290848633741e-01
1.332750367704561567e-01
7.202978523220149309e-02
2.270582368873430568e-02
-8.570131780724854487e-03
-1.873941601102935284e-02
-7.582373558639998734e-03
5.602457707392840547e-01
2.435529717854438281e-01
-1.019628616247113539e-01
-4.562820621150160960e-01
-7.967174491605639730e-01
-1.100059206031956949e+00
-1.344959949223499374e+00
-1.514254192268674304e+00
-1.596896657995596547e+00
-1.589244503709572376e+00
-1.495494450441350986e+00
-1.327203608838344318e+00
-1.101953143773501287e+00
-8.413352718418194431e-01
-5.685366978202868182e-01
-3.058410739799085620e-01
-7.237275943818077817e-02
1.176439914727756553e-01
2.559224892697176124e-01
3.403685414789684449e-01
3.745866923942123838e-01
3.667711141561437183e-01
3.281861834236889375e-01
2.714769406106821159e-01
2.090461875634876954e-01
1.516973018373778959e-01
1.076794458873781002e-01
8.219729518199714313e-02
7.737386406364299418e-02
9.259389066805567836e-02
6.164375840607011492e-01
3.112961906345470542e-01
-2.107432279680787612e-02
-3.608507601314477897e-01
-6.857237663337105715e-01
-9.730527933679851138e-01
-1.202237822192458117e+00
-1.356998372955570797e+00
-1.427244281208541965e+00
-1.410267738769004131e+00
-1.311076457385594418e+00
-1.141809265410872909e+00
-9.203078959982986529e-01
-6.680400446429910488e-01
-4.076589643484942460e-01
-1.605296829997512331e-01
5.545471417677716452e-02
2.274985325992296414e-01
3.487953628903701087e-01
4.186250689837601735e-01
4.417102182650226583e-01
4.269854190401620175e-01
3.860011744873905748e-01
3.312128039582655226e-01
2.743936195704120840e-01
2.253655483216712718e-01
1.911706668465136261e-01
1.757274576194625682e-01
1.799399789741124578e-01
2.021682336356482868e-01
6.683700228306870272e-01
3.819820808317808680e-01
7.068809417388566274e-02
-2.463864851991238725e-01
-5.478912407543454766e-01
-8.123637538658579071e-01
-1.020527708193398997e+00
-1.157470233016634431e+00
-1.214390828222028595e+00
-1.189663067662065421e+00
-1.089043366511200706e+00
-9.249836275209921688e-01
-7.151360916406739321e-01
-4.802569857849932067e-01
-2.418007942730244775e-01
-1.953545584321347839e-02
1.705047932952254985e-01
3.174740303942826802e-01
4.164199612629123637e-01
4.682001203275192314e-01
4.786850038400222718e-01
4.574204299433354270e-01
4.159839243733947090e-01
3.662912027481832755e-01
3.190888681640769997e-01
2.828152486870683657e-01
2.629350614936861730e-01
2.617701276870986749e-01
2.787722221098523634e-01
3.111269922982471958e-01
7.115507858654379625e-01
4.497616092360939288e-01
1.659618150363486033e-01
-1.218781971878869497e-01
-3.938880972838113559e-01
-6.303190896959771639e-01
-8.137126041062894277e-01
-9.309208832176638637e-01
-9.746870393839648372e-01
-9.445440393774928722e-01
-8.468860355877454449e-01
-6.941864374472024313e-01
-5.034647142876971238e-01
-2.942163018231214178e-01
-8.609802165767810322e-02
1.033077469169644269e-01
2.603476219721152507e-01
3.765354904962219251e-01
4.490410793107547649e-01
4.804129848779439271e-01
4.776338298211588174e-01
4.506962858060409305e-01
4.109438154450836267e-01
3.694325956226167662e-01
3.355423816055590480e-01
3.160022827731061579e-01
3.144158518447105477e-01
3.312841338200759878e-01
3.644502224377040855e-01
4.098358502542276960e-01
7.425039054674494876e-01
5.094488370175591641e-01
2.576552945549885343e-01
3.557350322081265226e-03
-2.348787879126731371e-01
-4.400412620701583677e-01
-5.966644791211546117e-01
-6.936480133224387501e-01
-7.254316663119655395e-01
-6.927097903632362108e-01
-6.023609037527672960e-01
-4.665855279364785613e-01
-3.013661453056624140e-01
-1.244672206110079005e-01
4.673770607696936530e-02
1.973024792329582944e-01
3.163265666238480045e-01
3.979452570607642792e-01
4.415850386859681564e-01
4.514932195113857683e-01
4.356596382124957034e-01
4.043322478358510885e-01
3.683747992027586737e-01
3.377183578320931412e-01
3.201213262809756710e-01
3.203843383364390340e-01
3.400810032128965266e-01
3.777790740417961701e-01
4.296540437304705584e-01
4.903493759452375311e-01
7.592179330023051120e-01
5.571650665083226484e-01
3.398099499913244670e-01
1.217688897367452117e-01
-8.119632793329634168e-02
-2.538952306906442358e-01
-3.834879262553538837e-01
-4.610704953629649605e-01
-4.828222485830750976e-01
-4.505254451299118834e-01
-3.713581219452950499e-01
-2.569712511250094034e-01
-1.219735000581700923e-01
1.795933231014668063e-02
1.480742301505082459e-01
2.563406144154285471e-01
3.348039075884444160e-01
3.803120439664062213e-01
3.945363605911216265e-01
3.833201379546060661e-01
3.554900678264546476e-01
3.213412233603693546e-01
2.910431683719993945e-01
2.732093982967992996e-01
2.738278196205766735e-01
2.956766531368748563e-01
3.382626987728197254e-01
3.982335345103363289e-01
4.701464995919364398e-01
5.474355015414216208e-01
7.613612956623495576e-01
5.907541159268631104e-01
4.082381197735200362e-01
2.264433590289444131e-01
5.876401355981630825e-02
-8.216459309622103913e-02
-1.860100469804171208e-01
-2.460775543200020010e-01
-2.602209159804202976e-01
-2.311699759319282288e-01
-1.662002658722556703e-01
-7.617294201871993575e-02
2.592547572152192892e-02
1.267317653244407483e-01
2.142830868611105277e-01
2.795573148016616272e-01
3.175503134179328280e-01
3.277398935655281842e-01
3.138858902720871313e-01
2.832216011117150711e-01
2.451854182571140961e-01
2.099071873829203572e-01
1.866913823762338387e-01
1.827255073524302609e-01
2.021916378900930344e-01
2.458825031504042191e-01
3.113359052108551905e-01
3.934185787170152437e-01
4.852268099578367910e-01
5.791356969254367604e-01
7.502329259928455230e-01
6.099072119065263031e-01
4.608425535656479610e-01
3.136287948682971449e-01
1.792658034060932715e-01
6.784708720343257671e-02
-1.274024570886156393e-02
-5.789702537062246801e-02
-6.699208390101385469e-02
-4.351104676501627022e-02
5.376375590365412016e-03
6.978803165062363867e-02
1.385076787672001597e-01
2.005676271570588365e-01
2.467957259494372724e-01
2.710892009373583322e-01
2.712204093675906202e-01
2.490549993627765302e-01
2.101580569290685263e-01
1.628619113480328506e-01
1.169532983992666586e-01
8.219328183154417378e-02
6.690181526273630830e-02
7.681811796765913858e-02
1.143932908669234583e-01
1.785939210261770493e-01
2.652095805002661622e-01
3.675785924466172805e-01
4.775884039340957954e-01
5.867778663754720236e-01
7.284687793524367017e-01
6.159955627285000901e-01
4.975902113355619161e-01
3.818537807566147468e-01
2.774881631224418999e-01
1.921881158945119572e-01
1.315811334117789611e-01
9.838826170033709850e-02
9.195752604774698469e-02
1.082709849855855722e-01
1.404538676987215906e-01
1.797319115159990988e-01
2.167055752962672166e-01
2.427516740296527531e-01
2.513354438874884633e-01
2.390249869434165619e-01
2.060447074150908997e-01
1.562774014894000585e-01
9.671350709676962421e-02
3.643513690239308378e-02
-1.470365514658267259e-02
-4.749309779980193102e-02
-5.466283339477362446e-02
-3.186455684694355917e-02
2.179221094308025908e-02
1.037088063400566362e-01
2.082458882037289127e-01
3.275539021126516737e-01
4.526359924457592498e-01
5.744708758742405053e-01
4.797416016786182347e-01
1.958544993352169805e-01
-1.132991929112712182e-01
-4.302787470872182496e-01
-7.352762074191043773e-01
-1.007961682730744046e+00
-1.229546291056157648e+00
-1.384801650575106846e+00
-1.463764451290122226e+00
-1.462887116378215113e+00
-1.385466948073156956e+00
-1.241285390597697269e+00
-1.045500002354244895e+00
-8.169362595102553914e-01
-5.760076045072528572e-01
-3.425377294939476736e-01
-1.337628498518294018e-01
3.724526480254097827e-02
1.625648145141651013e-01
2.397379458410651698e-01
2.714290754496689329e-01
2.645299260444680112e-01
2.288782636623656885e-01
1.757922096813783197e-01
1.166246279604500891e-01
6.151527249023103217e-02
1.846933343902457114e-02
-7.170265995352753663e-03
-1.285216145875212046e-02
1.402890527625988426e-03
5.184347972757085143e-01
2.411486330560869140e-01
-5.979770014493723806e-02
-3.668120287136892310e-01
-6.600836465836268374e-01
-9.194699080743207187e-01
-1.126581129380792801e+00
-1.266795222015219879e+00
-1.330926466090396554e+00
-1.316309936463790464e+00
-1.227139690962822938e+00
-1.074002949692834719e+00
-8.726670633412803024e-01
-6.422821388054920089e-01
-4.032424764245263749e-01
-1.749919576467345861e-01
2.594345557228638910e-02
1.874569684551737891e-01
3.027340581583880530e-01
3.704322015320655193e-01
3.942018548088976337e-01
3.816707004147522619e-01
3.430755200096796687e-01
2.897557957970260945e-01
2.327186260175048149e-01
1.814498163596019453e-01
1.430896655794112182e-01
1.220252511376119231e-01
1.198856580952130102e-01
1.358726885613161239e-01
5.555604947683081551e-01
2.922301982082233240e-01
7.665103968810038637e-03
-2.808567108740558371e-01
-5.540730762947656540e-01
-7.926186586820158642e-01
-9.790758407489352777e-01
-1.099925936684863936e+00
-1.147128245899575516e+00
-1.119095924835737277e+00
-1.020918163642726917e+00
-8.637850050289281878e-01
-6.636866459822385877e-01
-4.395638847039999852e-01
-2.111631678881892293e-01
3.113746593536470542e-03
1.880841569627830778e-01
3.331524682467432164e-01
4.330250304627518698e-01
4.877258798669703577e-01
5.019690477031428788e-01
4.840290731981069516e-01
4.443092619135950994e-01
3.938301088269212658e-01
3.428475486082452894e-01
2.997676807906219376e-01
2.704613004026880652e-01
2.580103451999984365e-01
2.628516775766506219e-01
2.832316900870422982e-01
5.871036658517057027e-01
3.440888648068750055e-01
8.293738170872155813e-02
-1.798381353701351548e-01
-4.260489216114566879e-01
-6.376582052247987686e-01
-7.987433060646902394e-01
-8.973276279263120436e-01
-9.268202831542378117e-01
-8.868464421890995819e-01
-7.833343985172314117e-01
-6.278326003693004420e-01
-4.361435835393145943e-01
-2.264625576473718871e-01
-1.727936683863573464e-02
1.746678848070793433e-01
3.361151929932677529e-01
4.584562295297411327e-01
5.382607067142541890e-01
5.771045065461869461e-01
5.807894953368714086e-01
5.581132284566682200e-01
5.194002714871469584e-01
4.750215035027000043e-01
4.341060994535367312e-01
4.035996351059933929e-01
3.877521560525319932e-01
3.880454838548730856e-01
4.035024195825387405e-01
4.312719895125255443e-01
6.096974705944926409e-01
3.918982857798573582e-01
1.595300507712490989e-01
-7.206338884366014774e-02
-2.862248193657076500e-01
-4.667150202092700262e-01
-5.995366787363980432e-01
-6.745985036345540919e-01
-6.869740355176716662e-01
-6.375581670220116237e-01
-5.330080162791719367e-01
-3.849601296866584921e-01
-2.086252102939324393e-01
-2.095586773877156084e-02
1.613539546896199939e-01
3.237577949415220147e-01
4.553770373089548462e-01
5.499594931966631517e-01
6.061745003742020632e-01
6.272465472575211587e-01
6.200275205495451303e-01
5.936842217099138619e-01
5.582213756366593005e-01
5.230658705341395542e-01
4.959072412286620324e-01
4.819304486853689395e-01
4.835021720322604244e-01
5.002952547631394076e-01
5.297708057633983003e-01
5.678935751759254247e-01
6.211262682279059533e-01
4.316911613545325599e-01
2.314859732753314359e-01
3.435910179913037599e-02
-1.449217724735027968e-01
-2.922666898096138999e-01
-3.959087020289592251e-01
-4.478622856090797022e-01
-4.449715737405715021e-01
-3.893758633288451065e-01
-2.883025231954806644e-01
-1.531986262038810276e-01
1.684962955263880069e-03
1.610576234041786181e-01
3.104478490161498572e-01
4.378910195820963636e-01
5.352106743272894152e-01
5.987258644874632330e-01
6.293103044640222521e-01
6.318309400168107270e-01
6.140867368613837085e-01
5.854376278019495228e-01
5.553481405843261332e-01
5.320663167106518543e-01
5.216191734104762556e-01
5.272403109242816965e-01
5.492665691052350807e-01
5.854635149661026050e-01
6.316771596371603126e-01
6.826709739203123961e-01
6.206473730489096008e-01
4.608816027331537613e-01
2.941291862188576967e-01
1.325136079910703146e-01
-1.132217755155062733e-02
-1.256495142265943166e-01
-2.010918778983468158e-01
-2.318531351229357051e-01
-2.165391162954461990e-01
-1.584273386543137985e-01
-6.511979074877993767e-02
5.239118709909962313e-02
1.811202003113691616e-01
3.077500033477034713e-01
4.203136413321186815e-01
5.096507580380620350e-01
5.704282179086597182e-01
6.015863235359856231e-01
6.061646685353935249e-01
5.905597739616317288e-01
5.633531984533723946e-01
5.339093410228500369e-01
5.109672798115902914e-01
5.014379596228477620e-01
5.095710391825984953e-01
5.365848187480863896e-01
5.807717325797386865e-01
6.380157147032339271e-01
7.025992279714147193e-01
7.681455242299902730e-01
6.090705704399929088e-01
4.785419915826719106e-01
3.445655358184850914e-01
2.174175354750219613e-01
1.075132930128888664e-01
2.415521901741279898e-02
-2.568172248828137771e-02
-3.833813250640416559e-02
-1.406329385531079890e-02
4.290328776460816673e-02
1.248024862621552322e-01
2.213313813956622189e-01
3.209937767586948931e-01
4.126303702587904576e-01
4.869002525607364351e-01
5.374899498535800069e-01
5.618683550054264231e-01
5.614785180820466293e-01
5.413477663516235161e-01
5.091901853282104762e-01
4.741540670814513581e-01
4.454181993159113118e-01
4.308566634859725131e-01
4.359705483930277903e-01
4.632318165641078345e-01
5.119102206138439470e-01
5.783727690237967511e-01
6.567714567768172529e-01
7.399811956694606341e-01
8.206239415917359059e-01
5.885836151738460531e-01
4.853933271934803839e-01
3.818605622845457903e-01
2.863985850206577366e-01
2.072203361130344201e-01
1.512765128844955065e-01
1.232670449586559802e-01
1.248890285380477305e-01
1.544604631935200256e-01
2.070082450055832357e-01
2.748381743916255560e-01
3.485260008663144671e-01
4.181957656803730328e-01
4.748984828779856393e-01
5.118809493555243062e-01
5.255463709025232077e-01
5.159543425419177431e-01
4.867800826583715823e-01
4.447393119113242088e-01
3.985707462119281175e-01
3.577379181394205743e-01
3.310539310147547210e-01
3.254398903546946720e-01
3.449996350957689195e-01
3.905358965900623813e-01
4.595572233798103090e-01
5.467449635755492476e-01
6.447795221741342564e-01
7.453766755977181413e-01
8.403648933933124399e-01
5.623633567507831943e-01
4.835275621371932786e-01
4.068889139935937260e-01
3.390771587651893459e-01
2.862403252690177702e-01
2.531707381365269072e-01
2.425333937022529085e-01
2.543335299202595934e-01
2.857343818462779184e-01
3.312874036984609916e-01
3.835728024658435764e-01
4.341788874579567414e-01
4.748870217871762334e-01
4.988866789479980413e-01
5.018309936483187350e-01
4.825610809251598687e-01
4.433753072684716301e-01
3.897900655580596174e-01
3.298195687079220062e-01
2.728797152434060402e-01
2.284816027089709434e-01
2.049131506059504448e-01
2.081068990470223423e-01
2.408587795331256776e-01
3.025028831626571657e-01
3.890720689560519530e-01
4.938972902300638457e-01
6.085332716925423435e-01
7.238554153242745537e-01
8.311586033380561345e-01
5.767746113325613599e-01
3.423562368853184101e-01
8.460888052414283766e-02
-1.821900183842433130e-01
-4.416589204204359742e-01
-6.768314274043003564e-01
-8.718706145616867964e-01
-1.013762317082037345e+00
-1.093760700714780487e+00
-1.108384534896097673e+00
-1.059820324706775674e+00
-9.556699081769550741e-01
-8.080720652598969433e-01
-6.323151067639576350e-01
-4.451263030883696459e-01
-2.628638403792336042e-01
-9.984242118198249916e-02
3.300479924422450306e-02
1.289815213120262261e-01
1.859284134258101795e-01
2.059749586284966849e-01
1.948224122863677077e-01
1.606924579174527912e-01
1.131073348195302253e-01
6.167192125338405440e-02
1.500840028310501673e-02
-2.004471814564623422e-02
-3.890732199275226399e-02
-3.939634595529162286e-02
-2.156466744281559933e-02
6.059459505833997284e-01
3.806259852022816359e-01
1.340128959659245833e-01
-1.196303507446115910e-01
-3.641115117002799995e-01
-5.828482971352826336e-01
-7.605813651886583759e-01
-8.850408118319084139e-01
-9.483387053706680003e-01
-9.478893682815245914e-01
-8.867209926759229699e-01
-7.731271162358648308e-01
-6.197005522114469311e-01
-4.418800132231655020e-01
-2.562066317641045199e-01
-7.852344248019738071e-02
7.764918912205365231e-02
2.023638752736439672e-01
2.899861755429821719e-01
3.393667937207061058e-01
3.534704324794854524e-01
3.385579754576204525e-01
3.030708955910313418e-01
2.563926403514921737e-01
2.076596251880529764e-01
1.647674359330033034e-01
1.336726986972763820e-01
1.180368679984308833e-01
1.192044412962257605e-01
1.364631567704658877e-01
6.293914694502956708e-01
4.194576040586067700e-01
1.910911061744172690e-01
-4.185771845059216290e-02
-2.638660169716796622e-01
-4.592569845436937914e-01
-6.138622481230411321e-01
-7.166092531787975339e-01
-7.608118327039525841e-01
-7.449752285152895226e-01
-6.729918055920223185e-01
-5.536902927626816684e-01
-3.997952375529820745e-01
-2.264387483815163415e-01
-4.942936930421459873e-02
1.164868915234314461e-01
2.591449035947327451e-01
3.700706499928086424e-01
4.450633433279245210e-01
4.842112760438357921e-01
4.913857173826917668e-01
4.733271162428470125e-01
4.384851277407245673e-01
3.957928539526347489e-01
3.535456278203462643e-01
3.185199882105961278e-01
2.954172360294749500e-01
2.866581707941180390e-01
2.925013738090309068e-01
3.114150607352104694e-01
6.437767561332826682e-01
4.544327619025932408e-01
2.501719341557714915e-01
4.405397516835152238e-02
-1.495140621745641996e-01
-3.162357892974296814e-01
-4.434901628391045847e-01
-5.217911262816390394e-01
-5.459322061905691470e-01
-5.156427477217915278e-01
-4.356492988217184337e-01
-3.151219508905720446e-01
-1.665767317177410112e-01
-4.385877891690648234e-03
1.568956713874010700e-01
3.041561661186764076e-01
4.270875629292917308e-01
5.191099953744086060e-01
5.777611782731558732e-01
6.045352002753175968e-01
6.042362631132863759e-01
5.839785995446786782e-01
5.520043476167997287e-01
5.165017640815667832e-01
4.845874539391304969e-01
4.615738831234622030e-01
4.505865594333596791e-01
4.525348286032258027e-01
4.663867102401813014e-01
4.896597372790928993e-01
6.467493126218850641e-01
4.817254040226559564e-01
3.057280307126296615e-01
1.306976552339192410e-01
-3.045180551284121240e-02
-1.651941402665151326e-01
-2.628165968268274533e-01
-3.157107731259242156e-01
-3.203359323930231595e-01
-2.777017739401865803e-01
-1.932850315062577540e-01
-7.637835091329325810e-02
6.104357821011308083e-02
2.057816998009229792e-01
3.449865786867968853e-01
4.676262909135393553e-01
5.656467379559200204e-01
6.346754805059438009e-01
6.741947621240611532e-01
6.871927612864350277e-01
6.793800009148344143e-01
6.581175225927090588e-01
6.312359245301837340e-01
6.059259023858463156e-01
5.878533889071964058e-01
5.806026220955416983e-01
5.854887808606304977e-01
6.017198203081201013e-01
6.268354735851641157e-01
6.573178398345896900e-01
6.373432226436176462e-01
4.986795348332317412e-01
3.531515929599876591e-01
2.113252607642517877e-01
8.434137400089269931e-02
-1.731858367834171464e-02
-8.508705604861133143e-02
-1.134024062509415565e-01
-1.004672663125030230e-01
-4.854424920991795567e-02
3.627347985262419083e-02
1.447991903081876641e-01
2.658996784915256262e-01
3.878894984526376488e-01
4.999699403975090828e-01
5.935041013708082236e-01
6.629473616386211132e-01
7.063097000620670585e-01
7.251023281564210610e-01
7.238026926864759014e-01
7.089449267219983808e-01
6.879951781936923805e-01
6.681948588158328484e-01
6.555471107542177878e-01
6.540857740440483292e-01
6.655098492059734472e-01
6.892010615442161203e-01
7.225797263814652815e-01
7.617053233833281922e-01
8.020002643338829396e-01
6.161697288481752244e-01
5.041934119669884140e-01
3.893608617489081603e-01
2.806973105979854166e-01
1.874057893579625933e-01
1.177813777679347362e-01
7.814893406190959180e-02
7.198722553368919197e-02
9.938590980115902251e-02
1.569383196964668215e-01
2.381086708824651232e-01
3.340377349577903221e-01
4.346792591409097684e-01
5.301034771776119703e-01
6.117743622536738757e-01
6.736095900081013887e-01
7.126664781929435977e-01
7.293575964926399813e-01
7.271757137199497123e-01
7.119859452077865747e-01
6.910098018872330439e-01
6.716700053569819584e-01
6.604794217028108205e-01
6.621408188333846034e-01
6.789805830560343702e-01
7.107779775937496103e-01
7.549837924225584196e-01
8.072606213982120860e-01
8.622319160502922575e-01
9.143050096564078189e-01
5.853517898045256240e-01
4.988375048776781950e-01
4.131300717658613619e-01
3.356438710903299483e-01
2.736001207097648602e-01
2.331021311599520418e-01
2.182743843720555410e-01
2.306064004474446816e-01
2.686218257768567819e-01
3.279492279649958153e-01
4.018100859018660098e-01
4.818715701088363002e-01
5.593490031164672915e-01
6.261970580105907791e-01
6.762087668323980560e-01
7.058517030292453809e-01
7.147102135396501410e-01
7.054648561097939252e-01
6.834145503428137314e-01
6.556204008168617925e-01
6.298098515666701314e-01
6.132154635023261413e-01
6.115282976178467722e-01
6.281212842810535157e-01
6.636482347846780483e-01
7.160589326809458921e-01
7.810021737867842706e-01
8.525289585268627235e-01
9.239672637491400664e-01
9.888238076261208764e-01
5.482123101617669692e-01
4.846887460455765462e-01
4.250939824351569474e-01
3.752538356176212675e-01
3.404775539171507326e-01
3.247970933441419739e-01
3.303047972122607479e-01
3.567077292125189758e-01
4.011931975564482222e-01
4.586566208866259542e-01
5.222862123517008071e-01
5.844385315224843724e-01
6.376857219098343021e-01
6.758794585258212084e-01
6.950657563391672289e-01
6.941019802823408247e-01
6.748706949205312000e-01
6.420475571533961201e-01
6.024517291197653002e-01
5.640748945568375694e-01
5.349369929298442017e-01
5.219440401342064773e-01
5.299211412663491494e-01
5.609626591207245161e-01
6.141873871584825340e-01
6.859195119302434751e-01
7.702483145086391758e-01
8.598628950459740183e-01
9.470221030405036045e-01
1.024509421548978505e+00
5.087755367755676383e-01
4.649220647373669690e-01
4.274461649288863185e-01
4.006879439227039597e-01
3.882108756821978646e-01
3.921994898873307211e-01
4.129825308238844195e-01
4.487775644647558626e-01
4.957271579063676770e-01
5.482549024716851793e-01
5.997179494484812246e-01
6.432801497747975272e-01
6.728860447171420844e-01
6.841896052404349282e-01
6.752887888795285898e-01
6.471396401456809278e-01
6.035691323464319469e-01
5.508672317409034624e-01
4.970055765939975223e-01
4.505911436940968073e-01
4.197075083785003491e-01
4.108157671759463669e-01
4.278782209542950632e-01
4.718319754772878905e-01
5.404830856600114641e-01
6.288248617510455718e-01
7.297183739545106684e-01
8.348204206739675559e-01
9.356129292168721134e-01
1.024382266229297400e+00
8.023055645256336188e-01
6.235986240353883492e-01
4.204622705405123284e-01
2.036079765667491159e-01
-1.422078199174225954e-02
-2.194088853217720514e-01
-3.988219573531296414e-01
-5.411826047867664968e-01
-6.382890242531380487e-01
-6.859093751667451055e-01
-6.842267521043421397e-01
-6.377711551661677802e-01
-5.548465541072591378e-01
-4.465313125324816834e-01
-3.253877185877277478e-01
-2.040524576048751149e-01
-9.388972511480797589e-02
-3.871963088536989339e-03
6.018617765682077181e-02
9.596984299480126879e-02
1.045721963876121707e-01
9.001695435745371565e-02
5.848975719385707261e-02
1.740208168142609590e-02
-2.557932535155560405e-02
-6.341456670613188074e-02
-9.038725512066758672e-02
-1.025549558068818978e-01
-9.793275065083695274e-02
-7.642686719027702580e-02
8.330457157321661255e-01
6.650584876149852054e-01
4.745909822762579555e-01
2.721924059185474309e-01
7.027929555677914220e-02
-1.180255033706213430e-01
-2.802262956453653864e-01
-4.057910531270165766e-01
-4.873112137115849229e-01
-5.213230095881331572e-01
-5.086728813875516231e-01
-4.543731719716581630e-01
-3.669667993890767255e-01
-2.574890220133109198e-01
-1.381695020770984383e-01
-2.105015775106622300e-02
8.330058578200827402e-02
1.668182398966316371e-01
2.246022987489836864e-01
2.551486989564015762e-01
2.601597272561218532e-01
2.439931840401958207e-01
2.128557655291393180e-01
1.738698093859040172e-01
1.341458601810014972e-01
9.997752347818589236e-02
7.624425880585827819e-02
6.606846559667833851e-02
7.073243684258856412e-02
8.982489167091212146e-02
8.523086516608122665e-01
7.000431696258361258e-01
5.280972810069888279e-01
3.465405432398907526e-01
1.670666121737197085e-01
1.864624778058598942e-03
-1.376539491945226734e-01
-2.421070615815436033e-01
-3.051998430804316875e-01
-3.244369595214655622e-01
-3.013845740676925899e-01
-2.414411629699696471e-01
-1.531478015864073949e-01
-4.713506523102739543e-02
6.514560391929824501e-02
1.727313234692546273e-01
2.663238451140501617e-01
3.391850696017995603e-01
3.876525634961671685e-01
4.112355378527634553e-01
4.123135804760014178e-01
3.955143373941497620e-01
3.668844490143181591e-01
3.329856840167446097e-01
3.000444455784591069e-01
2.732603215916764028e-01
2.563436274167801288e-01
2.513100954662284003e-01
2.585203833600344669e-01
2.769191987274818301e-01
8.570151784147670426e-01
7.243732957555863994e-01
5.755371218685504386e-01
4.198037948896995442e-01
2.677854836460229482e-01
1.303448517550555019e-01
1.742081441137521836e-02
-6.309746110257319351e-02
-1.062880270686573647e-01
-1.107690570994007695e-01
-7.883875752380609114e-02
-1.615719537681437057e-02
6.898672402871752762e-02
1.667182541701500709e-01
2.667803726339739168e-01
3.597283356243040631e-01
4.379526325559138789e-01
4.963998980139869288e-01
5.329123669291957466e-01
5.481671297148943411e-01
5.452563290526415418e-01
5.289988213557919039e-01
5.051053654533745885e-01
4.793292878659995426e-01
4.567229702441084060e-01
4.410912424120029263e-01
4.346923902796959172e-01
4.381938666126253823e-01
4.508505656123740213e-01
4.708447276777191215e-01
8.454662011176129477e-01
7.349478278263590347e-01
6.121824568427919333e-01
4.854500149982723389e-01
3.639893449589919339e-01
2.570255678407902256e-01
1.727274189586474606e-01
1.172404920134507700e-01
9.393994462461185968e-02
1.030192431568411893e-01
1.414836512293472515e-01
2.035562113611231738e-01
2.814404098693446543e-01
3.663286660834099151e-01
4.495088561307380992e-01
5.234085508583138369e-01
5.824303378144679577e-01
6.234686198504609811e-01
6.460516908586847462e-01
6.521130680491497023e-01
6.454525652905328537e-01
6.309910705064606384e-01
6.139468266194830770e-01
5.990624052524358145e-01
5.899918298541337869e-01
5.889214343298411203e-01
5.964535381394248104e-01
6.117373383846279600e-01
6.327943197529732888e-01
6.569616033864204008e-01
8.176743381083069195e-01
7.302400999432157036e-01
6.347057491467976709e-01
5.381556248366454742e-01
4.482527892598797692e-01
3.723801626378998586e-01
3.167536396898078532e-01
2.856378432203484641e-01
2.807880003377720701e-01
3.012121992498438816e-01
3.433011287384648003e-01
4.013151226529481641e-01
4.681609538951180816e-01
5.363436519198109265e-01
5.989502246311019240e-01
6.505177161598738600e-01
6.876583039629631244e-01
7.093554008219027374e-01
7.168994886229951291e-01
7.134908721071624438e-01
7.035884547046196147e-01
6.921202149433113293e-01
6.836865561089489063e-01
6.818803892379140530e-01
6.888201695160498517e-01
7.049501929705260794e-01
7.291145996555361553e-01
7.588666163144826005e-01
7.909403268150262400e-01
8.217938089141281210e-01
7.754456078307645495e-01
7.105560377428473684e-01
6.416433516222188604e-01
5.744956181922481475e-01
5.151000650848791551e-01
4.689124662881720695e-01
4.401401180414943326e-01
4.311515074113653201e-01
4.421140596815127388e-01
4.709304970422933945e-01
5.134988260074990762e-01
5.642684302040488209e-01
6.170145618996001335e-01
6.657150066684216494e-01
7.053932231643124107e-01
7.327958060370486360e-01
7.467984270708999395e-01
7.484789990205302779e-01
7.408518072798482290e-01
7.283119842978624803e-01
7.158861113539681797e-01
7.084138559006785130e-01
7.097926073700246974e-01
7.224014197366244172e-01
7.467857567889766290e-01
7.816375388062533069e-01
8.240547665070011574e-01
8.700206936610346276e-01
9.150116720954779570e-01
9.546299355569878298e-01
7.221860665572585880e-01
6.780014043108053556e-01
6.335522128573198852e-01
5.933102613884053689e-01
5.615913404544202736e-01
5.419593306834092905e-01
5.366824260948289682e-01
5.463358958515516228e-01
5.696300315065316866e-01
6.035101805281657406e-01
6.435327164274176059e-01
6.844737624144906496e-01
7.210850583136274583e-01
7.488817205443232261e-01
7.648359119842441656e-01
7.678613863173515686e-01
7.590052812540646343e-01
7.413103234030532507e-01
7.193647121527350086e-01
6.986088071198808258e-01
6.845080791075737192e-01
6.817233726296820784e-01
6.934085788487657220e-01
7.207427107999713201e-01
7.627625812426517271e-01
8.165114888713478347e-01
8.774678845879440026e-01
9.401751054240496952e-01
9.989661482167699891e-01
1.048670005228068636e+00
6.624620375690282170e-01
6.361629242686652752e-01
6.128366998905888652e-01
5.956941727144894339e-01
5.874798969963944684e-01
5.900094731590440622e-01
6.037922559728163829e-01
6.278150621659418507e-01
6.595434822297969735e-01
6.951655512920597024e-01
7.300626297793124664e-01
7.594512652890554882e-01
7.791052425562088324e-01
7.860459730000285417e-01
7.790866854620113191e-01
7.591331980076463370e-01
7.291793275283309228e-01
6.939827196148470323e-01
6.594590022505674165e-01
6.318795273390324096e-01
6.169920074893654460e-01
6.191977645144227660e-01
6.409112566789052501e-01
6.821983198412318039e-01
7.407443340091477424e-01
8.121504503166520061e-01
8.905045987790146667e-01
9.691332722401788669e-01
1.041416826098023662e+00
1.101548499017569238e+00
6.013909475898310264e-01
5.895652328963014721e-01
5.832890174871661060e-01
5.846305588779509010e-01
5.949416058530622164e-01
6.145195281021772482e-01
6.423811083507880992e-01
6.762057113332838876e-01
7.124842407935091382e-01
7.468791298523991262e-01
7.747643623494600007e-01
7.918795269250085145e-01
7.950048957369482139e-01
7.825513056867069439e-01
7.549628608807730235e-01
7.148528078334861480e-01
6.668306520178617358e-01
6.170259483954341206e-01
5.723633621728618781e-01
5.396859762582488784e-01
5.248516842342011435e-01
5.319354624485030936e-01
5.626564275207397436e-01
6.161148603917449007e-01
6.888764849310052840e-01
7.753875527496273401e-01
8.686541142140120630e-01
9.610809186726427811e-01
1.045345928369710631e+00
1.115188082163574457e+00
1.108347579335946742e+00
9.848974213049137560e-01
8.337799558856312521e-01
6.622209579678242086e-01
4.795536682135533857e-01
2.964011938037520166e-01
1.236555020450963438e-01
-2.862339940385916215e-02
-1.522468850736753421e-01
-2.417383803592355607e-01
-2.948630747534591867e-01
-3.127769908453514880e-01
-2.997786630907296468e-01
-2.627014857722410612e-01
-2.100328419904020638e-01
-1.508802646680643678e-01
-9.392053391595900358e-02
-4.646338377916514606e-02
-1.373914153228517065e-02
1.516447537241116805e-03
-8.493776261336849487e-04
-1.862985911637937697e-02
-4.774016491456833933e-02
-8.287446143569210388e-02
-1.182413789001748317e-01
-1.482801756424737549e-01
-1.682725698713142259e-01
-1.747879236593944396e-01
-1.659280106990467241e-01
-1.413673302913097674e-01
1.150455014334051729e+00
1.038375811085822775e+00
9.000504257517294437e-01
7.424308013343000612e-01
5.744520022342376464e-01
4.062287132313041060e-01
2.480631859939470552e-01
1.093872891798674529e-01
-2.223198350634891796e-03
-8.182980794326166762e-02
-1.276026325942078987e-01
-1.409194819194733439e-01
-1.260835869980001522e-01
-8.970401177015507876e-02
-3.982861520807023936e-02
1.504964623488513897e-02
6.698024772687471984e-02
1.094113691830225221e-01
1.378150109820847069e-01
1.500187695164829083e-01
1.462258511085554047e-01
1.287478054948269501e-01
1.015103114649799076e-01
6.941656250607275425e-02
3.766296283515901955e-02
1.109787434241238380e-02
-6.301901386947306172e-03
-1.178671714345880250e-02
-3.999973728837091791e-03
1.703973342288600534e-02
1.174876550961033050e+00
1.077835472180469045e+00
9.568505679815321185e-01
8.183655923041323055e-01
6.706077722387850937e-01
5.228237395812682653e-01
3.843497294985720458e-01
2.636340865757530461e-01
1.673426449191656173e-01
9.966941814280405598e-02
6.194715403483397331e-02
5.260920844139516106e-02
6.750313330846990922e-02
1.005059217530823168e-01
1.443492550655278150e-01
1.915367905773398549e-01
2.352280819226217901e-01
2.699753658886687724e-01
2.922272515912979207e-01
3.005519336412061371e-01
2.955751897058316313e-01
2.796682528770491061e-01
2.564518221895313865e-01
2.302010281908263289e-01
2.052405087159299701e-01
1.854096856271670313e-01
1.736587224375829019e-01
1.718097094625455901e-01
1.804901153965987604e-01
1.992208836085068158e-01
1.178372646290323900e+00
1.098988776347380902e+00
9.987094939811411720e-01
8.832628379463387525e-01
7.598957421276391067e-01
6.366728827068568464e-01
5.216394495786675911e-01
4.219577946592794060e-01
3.431368013681864171e-01
2.884623765654115157e-01
2.587090136721869049e-01
2.521706252481752397e-01
2.650009691825716551e-01
2.918082194147489372e-01
3.264122508827562719e-01
3.626527577427814397e-01
3.951342125470037603e-01
4.198094104316190123e-01
4.343333998181525546e-01
4.381582219785270516e-01
4.323792301474921329e-01
4.193791854386220708e-01
4.023415097984297528e-01
3.847158432162762209e-01
3.697167602284170407e-01
3.599219364208600114e-01
3.570129098130038203e-01
3.616746213832032208e-01
3.736440330274169996e-01
3.918774329988315985e-01
1.159467660276678913e+00
1.099099512427474501e+00
1.021432814214476181e+00
9.313166557951189084e-01
8.348056375364797388e-01
7.385413434670622390e-01
6.490324758977290553e-01
5.719325281221726565e-01
5.114186644835250206e-01
4.697627788117434422e-01
4.471572582311456046e-01
4.418185914306775874e-01
4.503485527258906940e-01
4.682929414648784316e-01
4.908086865882718142e-01
5.133364012847964064e-01
5.321791284871870698e-01
5.449078005526150070e-01
5.505457608251347335e-01
5.495225207663054778e-01
5.434239567668709414e-01
5.345961080981040947e-01
5.256779766969295054e-01
5.191429879730284913e-01
5.169194341950594795e-01
5.201400735732488734e-01
5.290445988697992652e-01
5.430311632013115064e-01
5.608294968762899124e-01
5.807520905002191425e-01
1.118741672480550120e+00
1.077422424384471888e+00
1.022711110593553352e+00
9.584718635117055463e-01
8.894323852509549155e-01
8.206624369866279967e-01
7.569885889837377757e-01
7.024307579194990492e-01
6.597465467901361125e-01
6.301546473219634681e-01
6.132807056618371222e-01
6.073328854238905228e-01
6.094764137678597704e-01
6.163436224038251199e-01
6.245943967312165279e-01
6.314353895962327989e-01
6.350158447874054701e-01
6.346414023782968039e-01
6.307802521007029872e-01
6.248722577448947435e-01
6.189845765527148824e-01
6.153810719712609067e-01
6.160836043189604760e-01
6.224997904795728232e-01
6.351754724235171290e-01
6.537046692345586107e-01
6.768004413222213911e-01
7.025024947541202991e-01
7.284763931699773654e-01
7.523481720086317992e-01
1.058841208796290179e+00
1.035366169882057763e+00
1.002461314673605663e+00
9.629638148768773220e-01
9.202261363865038568e-01
8.776996297096311128e-01
8.384923997891303715e-01
8.049722245654761243e-01
7.784815517842839094e-01
7.592151229776844534e-01
7.462840375674277826e-01
7.379577738830103151e-01
7.320438330883822786e-01
7.263393793019184974e-01
7.190754891471974330e-01
7.092752119389353904e-01
6.969616498105253299e-01
6.831789932993024284e-01
6.698229385073178888e-01
6.593109272470831783e-01
6.541508798900280697e-01
6.564843701673698240e-01
6.676834993238195404e-01
6.880697419661145897e-01
7.168001584889356348e-01
7.519362000803678781e-01
7.906787139401300069e-01
8.297255768325041414e-01
8.656904041482702539e-01
8.955147270460815934e-01
9.841958898209849371e-01
9.763425016398400436e-01
9.628356014180576850e-01
9.455073325294309772e-01
9.263723327515878125e-01
9.073178980591851683e-01
8.898044558614330857e-01
8.746318813972034922e-01
8.618195672546349329e-01
8.506303937762356160e-01
8.397436054190996479e-01
8.275535797048396702e-01
8.125459767424150215e-01
7.936849764881486191e-01
7.707391609126269527e-01
7.444808538109797258e-01
7.167135931337416110e-01
6.901115847632686151e-01
6.678882648795927413e-01
6.533423370497113414e-01
6.493529546317881040e-01
6.579066003081821545e-01
6.797344920180673489e-01
7.141216032773419764e-01
7.589198857781669361e-01
8.107643248588367602e-01
8.654573318947713645e-01
9.184606952064335861e-01
9.654194136957937600e-01
1.002640420903941454e+00
9.004829706187871263e-01
9.053240106720386038e-01
9.078964811979817195e-01
9.091067529259002633e-01
9.097455213518590433e-01
9.102797796407833264e-01
9.106870210438207103e-01
9.103723841752171531e-01
9.081985221917612261e-01
9.026394544725249158e-01
8.920464885309019598e-01
8.749907162735541810e-01
8.506273238784238799e-01
8.190162744757321089e-01
7.813347056606815277e-01
7.399294359332104776e-01
6.981817368403099300e-01
6.601872509267507905e-01
6.302863013288927396e-01
6.125079260774916046e-01
6.100093852688858176e-01
6.245978416419200041e-01
6.564110203972806090e-01
7.038102887864560175e-01
7.635067092315963588e-01
8.309040166168527586e-01
9.006086956891783402e-01
9.670323814086208003e-01
1.024999924292957942e+00
1.070279335686523892e+00
8.139288052274346041e-01
8.281881053808601845e-01
8.430210933814066276e-01
8.585330279562020106e-01
8.744646566502615181e-01
8.900759698095316308e-01
9.040983640184310222e-01
9.147822960599983899e-01
9.200540126586180811e-01
9.177762160734805885e-01
9.060865986605370903e-01
8.837689536964512538e-01
8.505980941045564458e-01
8.075954510676282005e-01
7.571389052168182587e-01
7.028880843322515837e-01
6.495128751892857988e-01
6.022441976823563747e-01
5.662968954283161827e-01
5.462393233011949567e-01
5.453980248823379062e-01
5.653856876396320397e-01
6.058256660784570036e-01
6.643187863274563343e-01
7.366623248587519379e-01
8.172930773809765626e-01
8.998929027497574173e-01
9.780718713261660202e-01
1.046035071374439296e+00
1.099145440385617345e+00
1.408186791914926683e+00
1.333772150729524153e+00
1.228277975120446008e+00
1.095916059658929465e+00
9.431116674534129052e-01
7.779777961012832588e-01
6.095723874671689080e-01
4.470246663016643751e-01
2.986384945820035330e-01
1.710864136246513789e-01
6.879680880671024124e-02
-6.389792116656800580e-03
-5.525653041045675007e-02
-8.094146772119248379e-02
-8.840801026708722254e-02
-8.373104471992109943e-02
-7.329614025291308899e-02
-6.301568691017533919e-02
-5.765799920162528736e-02
-6.036521379120307618e-02
-7.240682897861505651e-02
-9.318248732708311888e-02
-1.204548503405514781e-01
-1.507655026855682090e-01
-1.799671441464478772e-01
-2.037959311614636615e-01
-2.184092342231505057e-01
-2.208252808849882065e-01
-2.092198519574999249e-01
-1.830581769902316358e-01
1.465796940720295538e+00
1.402481936971960330e+00
1.308751227349375101e+00
1.188478155194356400e+00
1.047680750961854423e+00
8.940190461689414558e-01
7.360840087552700250e-01
5.825621240739710105e-01
4.413801143608623301e-01
3.189390969872530346e-01
2.195357114713136215e-01
1.450413848370940006e-01
9.487439534831410004e-02
6.625872689118517123e-02
5.472528552607780483e-02
5.478057294021987378e-02
6.064947214896232452e-02
6.699435894899652411e-02
6.952201723647344345e-02
6.541052117742807148e-02
5.351660451429662846e-02
3.435554429248999231e-02
9.875662556482533994e-03
-1.692579834640950409e-02
-4.248235155971713528e-02
-6.316394628438426473e-02
-7.574251175357171739e-02
-7.776315225726282421e-02
-6.778479387004654466e-02
-4.547508059085192400e-02
1.500625328830461402e+00
1.450846480671731165e+00
1.372204160263197581e+00
1.268074574400134269e+00
1.143838968880253937e+00
1.006422233690258849e+00
8.636392837714819137e-01
7.234283007088181394e-01
5.930683452161791269e-01
4.784823641039851472e-01
3.837145512958687332e-01
3.106454899198711206e-01
2.589739141175365078e-01
2.264560953905631613e-01
2.093588686167152102e-01
2.030554478518204475e-01
2.026780656005888748e-01
2.037395961910041797e-01
2.026470041838347447e-01
1.970501346099777229e-01
1.859961930417311504e-01
1.698888474502713852e-01
1.502769776496736820e-01
1.295182332420161120e-01
1.103744737580501512e-01
9.559900528064979586e-02
8.756984278985735504e-02
8.801074180357282284e-02
9.782499031072144913e-02
1.170488183081361822e-01
1.509070594765369755e+00
1.474324146712673755e+00
1.413063050771665718e+00
1.328034453591489417e+00
1.223787165686887723e+00
1.106267774814680749e+00
9.822473883959941254e-01
8.586506068697306038e-01
7.418739971728969262e-01
6.371833032618279269e-01
5.482665289216757110e-01
4.769960514616230496e-01
4.234213448209363517e-01
3.859801707667199211e-01
3.618858217875630112e-01
3.476258518494637628e-01
3.394967196782164853e-01
3.340998307844715853e-01
3.287364799772383717e-01
3.216593673856928959e-01
3.121628389309378249e-01
3.005186257511693881e-01
2.877848631841653515e-01
2.755307589441809979e-01
2.655259615857381017e-01
2.594423676535969059e-01
2.586079730617148464e-01
2.638395229110224727e-01
2.753657253064260568e-01
2.928382518564726089e-01
1.489566262434197652e+00
1.470275884863097904e+00
1.427462176528954574e+00
1.363150094355562114e+00
1.280911614640947604e+00
1.185532134841505991e+00
1.082535699831568721e+00
9.776310727090995467e-01
8.761530291454004971e-01
7.825735134060020082e-01
7.001454117897584206e-01
6.307199129667396820e-01
5.747507608949067315e-01
5.314701360679944253e-01
4.991963448636464462e-01
4.757168941348410840e-01
4.586841620076397286e-01
4.459650662136183663e-01
4.358993253552113645e-01
4.274401128214584400e-01
4.201723433928411522e-01
4.142236962777845477e-01
4.100985951876757740e-01
4.084737094777275423e-01
4.099944750048912789e-01
4.151063872429041623e-01
4.239442100990757911e-01
4.362892318217377885e-01
4.515918648303458016e-01
4.690464402205519745e-01
1.442857343126779490e+00
1.438367435503148162e+00
1.413788373815174193e+00
1.370376671478298114e+00
1.310646463259768746e+00
1.238114466233658506e+00
1.156935497630794618e+00
1.071479504691267515e+00
9.859097715913560656e-01
9.038204644349795425e-01
8.279802534639315592e-01
7.602096487417799864e-01
7.013965945215239195e-01
6.516321536955467231e-01
6.104299159570720779e-01
5.769821793196620030e-01
5.504044790260331776e-01
5.299273536482363989e-01
5.150083814663850568e-01
5.053553597122398822e-01
5.008694141586270687e-01
5.015314367370421467e-01
5.072640519626316902e-01
5.178031096730365546e-01
5.326077390706712711e-01
5.508278193652146326e-01
5.713347624289786264e-01
5.928085404120212454e-01
6.138634584803233096e-01
6.331890636690362673e-01
1.371979155840485465e+00
1.380672328141856697e+00
1.372930217098729866e+00
1.349244575147440450e+00
1.311059430680615145e+00
1.260597773869709837e+00
1.200612006701263557e+00
1.134097283265773637e+00
1.064011823882024199e+00
9.930450793054755865e-01
9.234638713072771399e-01
8.570505349868627887e-01
7.951289292213401527e-01
7.386576496066525888e-01
6.883581646304223201e-01
6.448411131950765318e-01
6.086973439945426723e-01
5.805305119158188365e-01
5.609228481287183987e-01
5.503418860315048011e-01
5.490100559580217698e-01
5.567682659979046322e-01
5.729670613720926342e-01
5.964143291874505204e-01
6.253978886458162467e-01
6.577869814549703875e-01
6.912016447296944754e-01
7.232262428851136127e-01
7.516354956193513903e-01
7.745995251018560346e-01
1.281932349319169884e+00
1.301449877933286814e+00
1.308182883362207338e+00
1.301909689964199313e+00
1.283058688286908389e+00
1.252614757351867780e+00
1.211982034942038045e+00
1.162830314648860552e+00
1.106953688376890899e+00
1.046165311394414488e+00
9.822422591856547758e-01
9.169214764480992930e-01
8.519346400167584488e-01
7.890593422373234356e-01
7.301587810274059454e-01
6.771834573733542806e-01
6.321161623900896087e-01
5.968542962937553042e-01
5.730386861967028400e-01
5.618523553540529791e-01
5.638230215207188367e-01
5.786670889198928247e-01
6.052094308677699042e-01
6.414027433402054168e-01
6.844545519047242621e-01
7.310520368315717166e-01
7.776581496653500736e-01
8.208402410555202255e-01
8.575869122638535291e-01
8.855709746545492589e-01
1.179102261208635927e+00
1.206631063121582415e+00
1.224822792590868570e+00
1.232834163487611878e+00
1.230190280651323853e+00
1.216764142180073893e+00
1.192742533552116235e+00
1.158594422160680981e+00
1.115056032501591687e+00
1.063140767298586864e+00
1.004173196294886328e+00
9.398364442932789498e-01
8.722138675827347809e-01
8.038011843920901400e-01
7.374658303389304281e-01
6.763367748861559559e-01
6.236196132311880858e-01
5.823464896353049980e-01
5.550854989987299426e-01
5.436465212314025575e-01
5.488271615507112067e-01
5.702417313633615370e-01
6.062675273812174748e-01
6.541271357602740366e-01
7.101056116482772351e-01
7.698806426746287457e-01
8.289259710506517997e-01
8.829367243196224457e-01
9.282220336297417607e-01
9.620159408571902215e-01
1.070515847473625382e+00
1.103097658773975365e+00
1.129426493542001086e+00
1.148158868062428173e+00
1.158072633470482060e+00
1.158109166413111568e+00
1.147427905462755193e+00
1.125479426797913352e+00
1.092098575227443469e+00
1.047612205093346516e+00
9.929481777673156984e-01
9.297252373669484538e-01
8.602991896608084277e-01
7.877410575844764340e-01
7.157284493561471006e-01
6.483420795247718527e-01
5.897739228375195042e-01
5.439695595028292141e-01
5.142419738015318043e-01
5.029044013935715096e-01
5.109733156097699958e-01
5.379879104267020207e-01
5.819795464034103194e-01
6.396052095155779771e-01
7.064360801633464693e-01
7.773696544526392804e-01
8.471154609512387967e-01
9.106935711597156091e-01
9.638837671424796971e-01
1.003571603890142327e+00
1.613458869290702813e+00
1.577722714045864727e+00
1.509338780324818163e+00
1.410221007133468873e+00
1.284508501839940697e+00
1.138263133288054396e+00
9.789467954305681729e-01
8.147355929062479740e-01
6.537521167499852348e-01
5.033093373965101813e-01
3.692584836243503199e-01
2.555189159420347411e-01
1.638428790237376198e-01
9.383615964278935184e-02
4.322194065350404291e-02
8.304384161207156723e-03
-1.543518041374414285e-02
-3.269029150637714487e-02
-4.771288946281171395e-02
-6.380310224673568786e-02
-8.296224943809871188e-02
-1.057417927641401967e-01
-1.312937716648919784e-01
-1.576018480950630574e-01
-1.818499243791692477e-01
-2.008701787297129115e-01
-2.116060164578593694e-01
-2.115283020957038351e-01
-1.989544123720301538e-01
-1.732370270242501453e-01
1.683576669406198434e+00
1.657894714283744797e+00
1.599493548296449408e+00
1.509933045833966592e+00
1.392983151943139486e+00
1.254347761820668872e+00
1.101171071822954595e+00
9.413810828018855936e-01
7.829484324510735949e-01
6.331509634604877146e-01
4.979334996728412843e-01
3.814385443356947958e-01
2.857594518935354100e-01
2.109370187520080986e-01
1.551881282369383941e-01
1.153257673397762306e-01
8.730734222116343091e-02
6.683541672212434115e-02
4.993291549213207947e-02
3.342306719948762161e-02
1.526117005528337955e-02
-5.312104518669591435e-03
-2.780102310901255702e-02
-5.064970285048742138e-02
-7.156256453859921596e-02
-8.789779372273831548e-02
-9.707583294623778336e-02
-9.694778240550494530e-02
-8.607881101661363221e-02
-6.391731005206924277e-02
1.728297211611838469e+00
1.714093757938526030e+00
1.667947715499486616e+00
1.590968006233572485e+00
1.486394477273171866e+00
1.359360380020378845e+00
1.216446854591245463e+00
1.065079523773278858e+00
9.128396190756336015e-01
7.667737807809786865e-01
6.327860221960494025e-01
5.151826873969330700e-01
4.164188890403726084e-01
3.370666552908951896e-01
2.759953076040355113e-01
2.307278086527982941e-01
1.979165642554004956e-01
1.738707936231923545e-01
1.550659988145628998e-01
1.385737371835192855e-01
1.223650931130869091e-01
1.054613646827109452e-01
8.792749193244087103e-02
7.072460008256042929e-02
5.545502470478913537e-02
4.404432638133037869e-02
3.840900523535384359e-02
4.015582892475499932e-02
5.034982170895063724e-02
6.937477822632309721e-02
1.743748949907300005e+00
1.741653894879405362e+00
1.709193743910594421e+00
1.646954187173034434e+00
1.557512540466087003e+00
1.445249192681150818e+00
1.315966892840400693e+00
1.176361620804579289e+00
1.033409222718792986e+00
8.937428402320000131e-01
7.630958370713175620e-01
6.458738044024705527e-01
5.448994747956839024e-01
4.613494494248454592e-01
3.948755911772955374e-01
3.438806627540549332e-01
3.059004343606261389e-01
2.780350127092890977e-01
2.573711703229335512e-01
2.413443237378269934e-01
2.280018345331462637e-01
2.161461297270503845e-01
2.053541244888585915e-01
1.958860511487449108e-01
1.885099501239704267e-01
1.842763175485808702e-01
1.842800838401563723e-01
1.894443919742974103e-01
2.003534686854491209e-01
2.171517113699570345e-01
1.728175784754969468e+00
1.737956027218473309e+00
1.719643597102999077e+00
1.673260832740759652e+00
1.600630854442998796e+00
1.505245430245353067e+00
1.391961872082878582e+00
1.266564941527570820e+00
1.135247706455967176e+00
1.004074956802794016e+00
8.784928115490100442e-01
7.629389153730061768e-01
6.605910800837460073e-01
5.732714192962228283e-01
5.015014642171842230e-01
4.446847499154800154e-01
4.013795026644974562e-01
3.696168351315440304e-01
3.472195712417019409e-01
3.320826962977107555e-01
3.223868640515373252e-01
3.167293335478134075e-01
3.141700063344444183e-01
3.142019756510785466e-01
3.166647476151250862e-01
3.216232318346530228e-01
3.292365590346298942e-01
3.396381919437738151e-01
3.528435352664393010e-01
3.686944755115836303e-01
1.682205417414778248e+00
1.702797210983192810e+00
1.698110773192764489e+00
1.667601419193982970e+00
1.612295304625334547e+00
1.534717551943686864e+00
1.438674592286988796e+00
1.328918029409029700e+00
1.210732384699601205e+00
1.089497333437821291e+00
9.702754163824498512e-01
8.574690940654591254e-01
7.545780878667027736e-01
6.640717865058368696e-01
5.873749762244062644e-01
5.249509227721682603e-01
4.764558420777808001e-01
4.409340312462813327e-01
4.170233685819045855e-01
4.031456415648611014e-01
3.976637532713777068e-01
3.989965817092545608e-01
4.056905118876823479e-01
4.164531789040292753e-01
4.301590248133479455e-01
4.458377165648362284e-01
4.626556245737529771e-01
4.798980966262244019e-01
4.969570154635175596e-01
5.133249105090869069e-01
1.608825173035175027e+00
1.638462196590110276e+00
1.645994555024602235e+00
1.630343716237232954e+00
1.591747891732502751e+00
1.531750349884159146e+00
1.453069487458980902e+00
1.359368949294005757e+00
1.254957982798071914e+00
1.144458906947314780e+00
1.032479277139298546e+00
9.233214184969439353e-01
8.207528734240526758e-01
7.278500060689977458e-01
6.469157475577371752e-01
5.794631873998139504e-01
5.262507133221259181e-01
4.873521448636289333e-01
4.622464524249819684e-01
4.499152255134655221e-01
4.489407304432839751e-01
4.576018429841770541e-01
4.739682989005823965e-01
4.959949980821679594e-01
5.216175022049850396e-01
5.488478533380876101e-01
5.758672142207662548e-01
6.011094966587043897e-01
6.233288802692520392e-01
6.416443937127515040e-01
1.513062161177734399e+00
1.549478810887884084e+00
1.567130195247567359e+00
1.564470411573218867e+00
1.541007887357592532e+00
1.497350001752085991e+00
1.435157630048888855e+00
1.357019109889103792e+00
1.266261822743045329e+00
1.166724675390567789e+00
1.062515752961709747e+00
9.577766659885809108e-01
8.564697202772375562e-01
7.621975112436192301e-01
6.780584355979792921e-01
6.065371563378995079e-01
5.494269096142950781e-01
5.077806836395365453e-01
4.818900968216016656e-01
4.712932148283833778e-01
4.748144204776996169e-01
4.906398248866141731e-01
5.164300636594191252e-01
5.494687164006240021e-01
5.868396511527189663e-01
6.256213820463392139e-01
6.630822667665408066e-01
6.968581657759137515e-01
7.250947492164907526e-01
7.465401082448557268e-01
1.401415148072606476e+00
1.442093413332170559e+00
1.467327226714589150e+00
1.475196130977550757e+00
1.464578381639956906e+00
1.435244699924091982e+00
1.387889080858716984e+00
1.324098105841586825e+00
1.246265845013476259e+00
1.157464975765480020e+00
1.061285957139968872e+00
9.616553356093857641e-01
8.626423143988675157e-01
7.682605998301629269e-01
6.822711643786116831e-01
6.079915160658532214e-01
5.481184118444517583e-01
5.045732403959187762e-01
4.783816487079999846e-01
4.696003245757645606e-01
4.773031943520966713e-01
4.996360444787341093e-01
5.339426951654276943e-01
5.769579656838138559e-01
6.250539684537078644e-01
6.745183019279538117e-01
7.218370599797188092e-01
7.639534976393878019e-01
7.984753304843317245e-01
8.238098483592888321e-01
1.281127109398963126e+00
1.323550473290987295e+00
1.353672387394551091e+00
1.369307632436309374e+00
1.368833850571196109e+00
1.351324777961646628e+00
1.316645217544112123e+00
1.265502306971908908e+00
1.199450518068532645e+00
1.120849948964204534e+00
1.032778841554522931e+00
9.389022009887304510e-01
8.432994400801959722e-01
7.502556659364689740e-01
6.640239273388157670e-01
5.885694555241695047e-01
5.273112331358448257e-01
4.828802959540647310e-01
4.569169440454754483e-01
4.499294396090833259e-01
4.612339909024201767e-01
4.889895732182021337e-01
5.303318022969146783e-01
5.815987346766889887e-01
6.386297685457561490e-01
6.971086868499944966e-01
7.529151614045261898e-01
8.024470838397768091e-01
8.428794747404104726e-01
8.723340609971580450e-01
