-9.657389766091573069e-01
-1.135513841359107712e+00
-1.325125060530054188e+00
-1.525458819370663743e+00
-1.725217347730312323e+00
-1.911732650114964294e+00
-2.072028394556018061e+00
-2.194027174121314872e+00
-2.267772411269386890e+00
-2.286522524196882955e+00
-2.247582031013525050e+00
-2.152759655294208319e+00
-2.008384150529221479e+00
-1.824859256863958112e+00
-1.615793376360173284e+00
-1.396790243285844335e+00
-1.184027640769702128e+00
-9.927769523907490345e-01
-8.360238069186575194e-01
-7.233382897994307115e-01
-6.601135261366654072e-01
-6.472474862331893952e-01
-6.812900829365573507e-01
-7.550227210740289019e-01
-8.583875433283558731e-01
-9.796452687521105540e-01
-1.106618789511442991e+00
-1.227877273818053006e+00
-1.333732254914112403e+00
-1.416950003670670810e+00
-7.961010780028655587e-01
-9.551799964918852304e-01
-1.136869919463889822e+00
-1.332417858237091135e+00
-1.530703046870836692e+00
-1.719026768654359216e+00
-1.884167427538731232e+00
-2.013599251225769216e+00
-2.096743191181717592e+00
-2.126105202417458706e+00
-2.098162752693613520e+00
-2.013884871266259591e+00
-1.878811277308334304e+00
-1.702666875032860849e+00
-1.498542527407168645e+00
-1.281724471300671908e+00
-1.068296493463803065e+00
-8.736658570322112238e-01
-7.111726714289969831e-01
-5.909319062046529680e-01
-5.190288833939473712e-01
-4.971463731689317878e-01
-5.226497217470598144e-01
-5.891023354519119293e-01
-6.871343183393047171e-01
-8.055485750764520558e-01
-9.325262349951735086e-01
-1.056789542150420091e+00
-1.168595340057225984e+00
-1.260463097628875762e+00
-6.039527811476267383e-01
-7.467946519839276931e-01
-9.148748901202531369e-01
-1.100101391068897705e+00
-1.291866521152277070e+00
-1.477786708992141040e+00
-1.644719591512904699e+00
-1.779961374606393587e+00
-1.872495921763713600e+00
-1.914152073777592111e+00
-1.900529590461617069e+00
-1.831576783506573936e+00
-1.711741488361453012e+00
-1.549666368145039552e+00
-1.357453120562326143e+00
-1.149571013646292439e+00
-9.415268733811297253e-01
-7.484410624188413408e-01
-5.836838784536122482e-01
-4.577181158356290469e-01
-3.772675023200293687e-01
-3.448906916615029905e-01
-3.589915508292388924e-01
-4.142448712641116915e-01
-5.023689899831376149e-01
-6.131392739701629901e-01
-7.355137752733957868e-01
-8.587372630665619511e-01
-9.733023655440171673e-01
-1.071674164881837310e+00
-4.004725827946865602e-01
-5.225050911985535951e-01
-6.721194336383040646e-01
-8.421500271722717201e-01
-1.022812272179490112e+00
-1.202368049123359928e+00
-1.368075577001397702e+00
-1.507333470606563530e+00
-1.608896994094400679e+00
-1.664028064951907471e+00
-1.667442375010560029e+00
-1.617937122757566293e+00
-1.518618625969398117e+00
-1.376695632068963393e+00
-1.202855213495559017e+00
-1.010287052239954519e+00
-8.134625042571930198e-01
-6.268021718163722111e-01
-4.633766745707494361e-01
-3.337788554447996825e-01
-2.452828771652532103e-01
-2.013696195767789021e-01
-2.016531388529565483e-01
-2.421954136373578592e-01
-3.161522528338542859e-01
-4.146577147306264033e-01
-5.278321045857731209e-01
-6.457921065132463667e-01
-7.595510928234985304e-01
-8.617210106532111613e-01
-1.985430447733265158e-01
-2.965515235306297459e-01
-4.240680782684380090e-01
-5.750623383707647029e-01
-7.408316206850751318e-01
-9.105729442590171363e-01
-1.072240310584661405e+00
-1.213606736084480886e+00
-1.323418665698215646e+00
-1.392512800568155740e+00
-1.414764938108745707e+00
-1.387757384047772380e+00
-1.313083481497676175e+00
-1.196250325620573651e+00
-1.046187982578349107e+00
-8.744192839182822752e-01
-6.939827581818622804e-01
-5.182278999723033408e-01
-3.596138358722882344e-01
-2.286385120037623953e-01
-1.330067222284041506e-01
-7.711430482190639868e-02
-6.188676222582134567e-02
-8.496843039935864095e-02
-1.412184816744583848e-01
-2.234374623328755360e-01
-3.232266802434443087e-01
-4.318749020502131164e-01
-5.411728682904002330e-01
-6.440744468778911713e-01
-1.140236324659782419e-02
-8.377199312650784879e-02
-1.870409512000882346e-01
-3.164490776537265959e-01
-4.645639060639777385e-01
-6.217458371514881232e-01
-7.768935408900392581e-01
-9.184005737346010445e-01
-1.035222995700332715e+00
-1.117939377254270283e+00
-1.159681875739604795e+00
-1.156830443606325254e+00
-1.109389685472695453e+00
-1.021005411009640040e+00
-8.986202959344211649e-01
-7.518096296998262318e-01
-5.918736739660839241e-01
-4.307885215665424039e-01
-2.801298677825416750e-01
-1.500828198883061848e-01
-4.863650780307215982e-02
1.896293346974808891e-02
5.046001172802205836e-02
4.653289090602841238e-02
1.046091540876137316e-02
-5.242531433013419839e-02
-1.354332609377288943e-01
-2.312500609848632260e-01
-3.326517568070138098e-01
-4.331082787548042323e-01
1.487883654843580317e-01
1.020062961207631735e-01
2.355904481602422162e-02
-8.311589488132409276e-02
-2.119620301384691485e-01
-3.546557855773022072e-01
-5.012279975751593453e-01
-6.408985760272398746e-01
-7.630380087494980090e-01
-8.581505954928191349e-01
-9.187694323677373376e-01
-9.401627914081687187e-01
-9.207740170340590335e-01
-8.623489534365342823e-01
-7.697416497308946504e-01
-6.504257201405678757e-01
-5.137706790125928791e-01
-3.701661720526353005e-01
-2.300899336558925867e-01
-1.032166196335073671e-01
2.345076327828099494e-03
8.061863963862414550e-02
1.280864725161900974e-01
1.437631061825462853e-01
1.290292480383870011e-01
8.726572496682982738e-02
2.334463970587252746e-02
-5.695493036911325468e-02
-1.475382343942779340e-01
-2.425318711633350777e-01
2.722471788962476102e-01
2.494473971379206345e-01
1.948953510281957735e-01
1.107359686033256851e-01
1.629679340317768954e-03
-1.254869436893254475e-01
-2.618945120362465850e-01
-3.977946241944756989e-01
-5.231525696027585770e-01
-6.285886111780701890e-01
-7.062207569555812858e-01
-7.503678537477570520e-01
-7.580392014924056676e-01
-7.291628521414330599e-01
-6.665354639291827255e-01
-5.755078369453929810e-01
-4.634481639306509693e-01
-3.390464869563898920e-01
-2.115368439542361090e-01
-8.991730560426325347e-02
1.775712784201333161e-02
1.049466802316276759e-01
1.670204207332200985e-01
2.014494370685183666e-01
2.077998550780234543e-01
1.875462639074807480e-01
1.437423284758484465e-01
8.059605714559525680e-02
3.001600325380993084e-03
-8.392234859032565719e-02
3.525497259427617935e-01
3.508395000063241342e-01
3.179789025176454897e-01
2.549244951741770349e-01
1.650005805546137516e-01
5.376515490699562694e-02
-7.135846646835353191e-02
-2.016533239878031125e-01
-3.278269655056081366e-01
-4.408009657405635995e-01
-5.324884040011281794e-01
-5.964783852645123563e-01
-6.285591105745419460e-01
-6.270310997806396447e-01
-5.927868118828824029e-01
-5.291586649748543092e-01
-4.415611373790072625e-01
-3.369716893990875040e-01
-2.233080174038071242e-01
-1.087649173554888771e-01
-1.172937599069001635e-03
9.256611534106762296e-02
1.669235509908099102e-01
2.180396349900964870e-01
2.438586650155386559e-01
2.441069016765272659e-01
2.201310082157256209e-01
1.746256856938986912e-01
1.112864066105482275e-01
3.442616238112150562e-02
3.871497566671261437e-01
4.027248088749514343e-01
3.884057820185568000e-01
3.441238060936514520e-01
2.719939236494363088e-01
1.762737410274525240e-01
6.311033567420776258e-02
-5.990493101171190382e-02
-1.843308434697302767e-01
-3.015597260070100871e-01
-4.035201289543743353e-01
-4.833286508518328528e-01
-5.358286407796487572e-01
-5.579681212386229383e-01
-5.489881310896458366e-01
-5.104131155026496725e-01
-4.458544735369234235e-01
-3.606549096325604165e-01
-2.614134975650995729e-01
-1.554387292619165972e-01
-5.017926925071569677e-02
4.731989563516791897e-02
1.308940101324062022e-01
1.956345841874763680e-01
2.381423277286648377e-01
2.566460945089482637e-01
2.509887551946675677e-01
2.224919611250749663e-01
1.737211757063592543e-01
1.081793782880561272e-01
-9.082648235564337869e-01
-1.088532048244263750e+00
-1.290617101448193527e+00
-1.504439162786727069e+00
-1.717503627104537856e+00
-1.915813215887804510e+00
-2.085051450578804477e+00
-2.211922172721262125e+00
-2.285498665966643195e+00
-2.298424378509389410e+00
-2.247816695678380494e+00
-2.135754914587538522e+00
-1.969279761418664787e+00
-1.759888361441756643e+00
-1.522568059940437646e+00
-1.274467182921137365e+00
-1.033343790503245430e+00
-8.159594159739764763e-01
-6.365906147477149446e-01
-5.058162921100115561e-01
-4.297051846150576337e-01
-4.094797720198206648e-01
-4.416763370369807817e-01
-5.187630212850760092e-01
-6.301259337617786116e-01
-7.632942951871739545e-01
-9.052541879027307115e-01
-1.043699183168393496e+00
-1.168084465288675489e+00
-1.270385688346104880e+00
-7.270590673267346427e-01
-8.954507420110363602e-01
-1.088468578717568302e+00
-1.296406851264774840e+00
-1.506957509000005357e+00
-1.706096608175221574e+00
-1.879260410606906184e+00
-2.012695988055400509e+00
-2.094839194154553663e+00
-2.117559633335972524e+00
-2.077120380446674019e+00
-1.974729026688057942e+00
-1.816602398746701041e+00
-1.613523865695700721e+00
-1.379931969179526208e+00
-1.132634387570352175e+00
-8.892849835406297920e-01
-6.667885600585744532e-01
-4.798048734635727008e-01
-3.395098486686404793e-01
-2.527397410657089560e-01
-2.215973653076082073e-01
-2.435443860080385159e-01
-3.119470195247169286e-01
-4.169915139176825214e-01
-5.468469074757886794e-01
-6.889306234638319371e-01
-8.311298674941686171e-01
-9.628481841565617039e-01
-1.075778754122738823e+00
-5.248581324223402511e-01
-6.755740508080942952e-01
-8.535313697638685637e-01
-1.049726012340538306e+00
-1.252404928078539426e+00
-1.447898724306299956e+00
-1.621755809663056880e+00
-1.760067522499615622e+00
-1.850840517312163147e+00
-1.885257886703499697e+00
-1.858676847828264034e+00
-1.771237793563407159e+00
-1.628003477730215254e+00
-1.438602040062983090e+00
-1.216406060558841595e+00
-9.773341938745221391e-01
-7.384053124627587561e-01
-5.162022748807555406e-01
-3.254104292408507848e-01
-1.775842053488045913e-01
-8.026549723120601776e-02
-3.653397166261007634e-02
-4.501757232815140064e-02
-1.003379023247239488e-01
-1.939166032622857694e-01
-3.150313513166469459e-01
-4.519881757120676191e-01
-5.932727961609831624e-01
-7.285573285461020010e-01
-8.494672311522504238e-01
-3.136830751532735384e-01
-4.420059197790691674e-01
-5.998570423097528970e-01
-7.792236366157204719e-01
-9.692473445188942716e-01
-1.156976620553259005e+00
-1.328426280949657423e+00
-1.469841611336776266e+00
-1.569030685374213085e+00
-1.616612388630559227e+00
-1.607031867199800956e+00
-1.539219360253934354e+00
-1.416809238893247835e+00
-1.247887817177897318e+00
-1.044294029353015851e+00
-8.205490455066879463e-01
-5.925327840523174627e-01
-3.760521302401274579e-01
-1.854546514562459558e-01
-3.243219252738960279e-02
7.486733856077520954e-02
1.323407539408452127e-01
1.400106340003832717e-01
1.017031711191934695e-01
2.438398906220418105e-02
-8.275185732121970172e-02
-2.093181754103611292e-01
-3.447812220939422412e-01
-4.793958634093128390e-01
-6.049452842856759549e-01
-1.070826840520141543e-01
-2.097766274070976822e-01
-3.438283683264388157e-01
-5.024447097185329447e-01
-6.759458874682571228e-01
-8.524160602761835515e-01
-1.018660147114308856e+00
-1.161375081123169339e+00
-1.268410036237986427e+00
-1.329972946242797605e+00
-1.339642509276494309e+00
-1.295065661683546976e+00
-1.198257144186321677e+00
-1.055464962936150775e+00
-8.766166774837549358e-01
-6.744097160927594592e-01
-4.631482703525645617e-01
-2.574552053351548686e-01
-7.099724975476617850e-02
8.464496695826539963e-02
2.008521409985258854e-01
2.725102982848702782e-01
2.981877212739337812e-01
2.799516162610066194e-01
2.228708083642155779e-01
1.342823443559119090e-01
2.292008126932476575e-02
-1.019897692578589643e-01
-2.315676387869891606e-01
-3.579736832033453831e-01
8.130430281284473093e-02
5.757219286354864352e-03
-1.024088431945643363e-01
-2.377692624283201939e-01
-3.920296996235491105e-01
-5.545596838231974246e-01
-7.132252721997198730e-01
-8.554416517865124359e-01
-9.693339631323056871e-01
-1.044876663097797698e+00
-1.074881190683333543e+00
-1.055718546312242045e+00
-9.876949638315319913e-01
-8.750403931607430019e-01
-7.255150831889658480e-01
-5.496830254576274832e-01
-3.599369571854667549e-01
-1.693839733113542412e-01
9.288722970262175416e-03
1.648522017620293045e-01
2.883793378653570771e-01
3.738214422220939026e-01
4.182792969470549016e-01
4.219653939362005834e-01
3.878875343695721289e-01
3.213113696991750645e-01
2.290780788243488297e-01
1.188615528100034346e-01
-1.553010177539948522e-03
-1.248991149701209613e-01
2.392357995920167957e-01
1.905894307095358231e-01
1.087131960008990150e-01
-2.396887996439445168e-03
-1.359487089943434146e-01
-2.827633044167378040e-01
-4.319699483958007735e-01
-5.719220134340965433e-01
-6.912375396965901864e-01
-7.798501541792034475e-01
-8.299530849077696448e-01
-8.367316783443133899e-01
-7.988058100831592068e-01
-7.183387662756427483e-01
-6.008083890756066303e-01
-4.544741770437555894e-01
-2.896058988833674075e-01
-1.175616298163210116e-01
5.018598612557456651e-02
2.029773479730990760e-01
3.317610869380688277e-01
4.296906114716706471e-01
4.924813645567550635e-01
5.185159216029838758e-01
5.087107675486927105e-01
4.661813782407918660e-01
3.957589051506008593e-01
3.034210052253502043e-01
1.957008178541638221e-01
7.913236961143021997e-02
3.571770777582971013e-01
3.335638144611049460e-01
2.768042502020578999e-01
1.894947409896657886e-01
7.690172195528510724e-02
-5.332356823770301180e-02
-1.916978286144785937e-01
-3.276752902282047408e-01
-4.505546940084269592e-01
-5.504259845089602976e-01
-6.190540417129738460e-01
-6.506052768169015010e-01
-6.421431479052134295e-01
-5.938471768315667365e-01
-5.089425106585496739e-01
-3.933589702121041420e-01
-2.551659241303463332e-01
-1.038493361679253546e-01
5.049162219902025850e-02
1.979491920768620128e-01
3.295402476865084695e-01
4.378087503238757838e-01
5.172558625442403857e-01
5.645761361918658627e-01
5.786981353017294216e-01
5.606458301272313482e-01
5.132515987013656078e-01
4.407616959270433954e-01
3.483801216807255186e-01
2.417969755778371921e-01
4.292414342523883652e-01
4.274744726573113107e-01
3.933403436855184010e-01
3.281445975935092241e-01
2.356916828296365951e-01
1.221160684158447696e-01
-4.531667708926989668e-03
-1.349071679307786154e-01
-2.591401413824433453e-01
-3.676671344693294152e-01
-4.520418621112423097e-01
-5.056403483183044001e-01
-5.241927752916981653e-01
-5.060958845997436395e-01
-4.524854816054935669e-01
-3.670744232551557129e-01
-2.557842562883420046e-01
-1.262161380533081134e-01
1.298240487594848336e-02
1.527941441777259657e-01
2.844934475065655777e-01
4.002403130783299678e-01
4.935657058151839971e-01
5.597193577010609600e-01
5.958646616833297438e-01
6.011185619725157858e-01
5.764465660361185462e-01
5.244334796953779021e-01
4.489586229794025884e-01
3.548096566720285727e-01
4.536337756475768979e-01
4.696182718913549659e-01
4.546675308361910472e-01
4.089685884971604457e-01
3.350004494876940297e-01
2.374681153025645086e-01
1.230168200424058833e-01
-2.497223191656461339e-04
-1.233998299666181353e-01
-2.373890855994038596e-01
-3.337881583776842742e-01
-4.054522722848875049e-01
-4.470709122679502046e-01
-4.555521494326795762e-01
-4.302152757474040912e-01
-3.727854474348430425e-01
-2.872023230721028053e-01
-1.792695388253638944e-01
-5.618240497904636310e-02
7.402270071613537006e-02
2.030517206732159741e-01
3.229248770913105693e-01
4.264969450313343957e-01
5.078915693648519136e-01
5.628229621889980772e-01
5.887872464545688134e-01
5.851156765842376872e-01
5.528925515480821451e-01
4.947511992806429282e-01
4.145710768184279749e-01
-8.188772630577957345e-01
-9.948615520360892805e-01
-1.193040036090571077e+00
-1.403053257838539736e+00
-1.612088624214670807e+00
-1.805837364314207383e+00
-1.969726066380200535e+00
-2.090298690340152366e+00
-2.156595306109255095e+00
-2.161364146279919574e+00
-2.101956026568729374e+00
-1.980783482370417126e+00
-1.805276648367516223e+00
-1.587327178948292339e+00
-1.342272361292780936e+00
-1.087526003083810977e+00
-8.410037813629777093e-01
-6.195135666544715480e-01
-4.372832995790376098e-01
-3.047804486639236199e-01
-2.279405836947888675e-01
-2.078729537331172050e-01
-2.410544944437960080e-01
-3.199675174724077031e-01
-4.340874804814085497e-01
-5.710917371845397605e-01
-7.181422411132547534e-01
-8.630965958050693665e-01
-9.955216303148100021e-01
-1.107418228948953587e+00
-6.359416451938603165e-01
-7.993686067920108274e-01
-9.875999802417202433e-01
-1.190633970375009065e+00
-1.395837887594507665e+00
-1.588882864040325416e+00
-1.754969242187364831e+00
-1.880219334594350755e+00
-1.953082963224584301e+00
-1.965590106909755885e+00
-1.914296395259196704e+00
-1.800799839268870217e+00
-1.631756604689936774e+00
-1.418382937955700029e+00
-1.175491438124139920e+00
-9.201646477474831887e-01
-6.702104798038999167e-01
-4.425673792662437878e-01
-2.518299116471905963e-01
-1.090478999538486704e-01
-2.091699990422879463e-02
1.056952367629504508e-02
-1.200713420993493319e-02
-8.205577216190262924e-02
-1.898889248913657735e-01
-3.238638114865471374e-01
-4.716103114787177364e-01
-6.212061253837196650e-01
-7.621771240814823045e-01
-8.862328763469712323e-01
-4.356673487687580115e-01
-5.809484316550987959e-01
-7.534174876149893896e-01
-9.437594876333754712e-01
-1.139895209036079438e+00
-1.327863730356671823e+00
-1.493005978128413958e+00
-1.621330475494393575e+00
-1.700910150472553006e+00
-1.723146661945277325e+00
-1.683748565177456857e+00
-1.583300609578169205e+00
-1.427349152247720188e+00
-1.225986305204056714e+00
-9.929750226895242005e-01
-7.445109378068499595e-01
-4.977576102122646673e-01
-2.693151918566604186e-01
-7.378607455964825146e-02
7.741484952835220312e-02
1.768904344740297452e-01
2.216621289522769933e-01
2.131228238296015709e-01
1.565742579660878153e-01
6.042630261523052049e-02
-6.483147865614324878e-02
-2.077578447213414004e-01
-3.570583981918122318e-01
-5.025406403222648644e-01
-6.358396788510252140e-01
-2.302689453031492306e-01
-3.529614702090034806e-01
-5.048766403046800466e-01
-6.776786172319795298e-01
-8.601860069456979119e-01
-1.039174734441716152e+00
-1.200485995722382127e+00
-1.330328334406964963e+00
-1.416630304343909685e+00
-1.450286634118443718e+00
-1.426148716429515240e+00
-1.343638577167599824e+00
-1.206910058816460296e+00
-1.024535284639104482e+00
-8.087508974692430019e-01
-5.743495105942831858e-01
-3.373408592646264803e-01
-1.135298532516103576e-01
8.283695966743154226e-02
2.402187256266573590e-01
3.506127915183933075e-01
4.100041070869954174e-01
4.184093538566021619e-01
3.795396944714105603e-01
3.001465041767071851e-01
1.891447046703065293e-01
5.662522967159600018e-02
-8.712957862636849793e-02
-2.325255153675086506e-01
-3.713519448293113312e-01
-3.314037910222022987e-02
-1.303209232536992612e-01
-2.582965676788238074e-01
-4.099420813373800820e-01
-5.752618327484714245e-01
-7.420904836073618505e-01
-8.970961898850886573e-01
-1.026986225634393346e+00
-1.119782791883692896e+00
-1.166022326397998077e+00
-1.159737288307338687e+00
-1.099104285049831820e+00
-9.866826779632122957e-01
-8.292173960400121002e-01
-6.370314756120264432e-01
-4.230808033470041529e-01
-2.017797862038589463e-01
1.227181010974842668e-02
2.055256069359699955e-01
3.665607500584054934e-01
4.868999585474643732e-01
5.615005063214818515e-01
5.888947030569932073e-01
5.709940314680582718e-01
5.126060742110553070e-01
4.207399257700742412e-01
3.037913957882386606e-01
1.707029466287370845e-01
3.018552176108180163e-02
-1.099278004027987032e-01
1.425897025946321062e-01
7.212088207590183764e-02
-3.015899317646597577e-02
-1.584876659575231717e-01
-3.042654192206932784e-01
-4.566376376677119264e-01
-6.033708940510786878e-01
-7.319356112600224895e-01
-8.306773302184914387e-01
-8.899435681055081204e-01
-9.030365133389244292e-01
-8.668826810427718854e-01
-7.823456887274475857e-01
-6.541520357372735406e-01
-4.904457401437641861e-01
-3.020295941198385403e-01
-1.013834175792811543e-01
9.843046995357340734e-02
2.848587384911155374e-01
4.468377959066615057e-01
5.755757491304588358e-01
6.650753636967209337e-01
7.123698334038216506e-01
7.174753338559928251e-01
6.830929712588428293e-01
6.141149616972830794e-01
5.170038174538259534e-01
3.991182462324781577e-01
2.680557822998151929e-01
1.310712464778486241e-01
2.855017066284671889e-01
2.412085256439723269e-01
1.647108565825321502e-01
6.034418739678004684e-02
-6.480711946830941539e-02
-2.013659823806488447e-01
-3.383974684863097493e-01
-4.643499756692009983e-01
-5.681010656374541057e-01
-6.399909819794520338e-01
-6.727277609598157904e-01
-6.620643871666864744e-01
-6.071776673316550132e-01
-5.107156008256623636e-01
-3.785193763983898396e-01
-2.190622399270425458e-01
-4.267588217553952568e-02
1.393472166735170159e-01
3.156809928965299550e-01
4.758331626797621672e-01
6.108776811600070689e-01
7.139980004279556924e-01
7.808108724889447627e-01
8.094647027505746939e-01
8.005283237665147267e-01
7.567035846549506894e-01
6.824071598939017713e-01
5.832730459567633252e-01
4.656275735546858696e-01
3.359841829655730860e-01
3.871077384283957423e-01
3.668919860130998023e-01
3.147315221711296518e-01
2.335598793329008993e-01
1.289205544202467468e-01
8.637612730558963392e-03
-1.177727024235999398e-01
-2.398920067624062957e-01
-3.473071182887824127e-01
-4.305351623430737074e-01
-4.818655382716699465e-01
-4.960300145779675263e-01
-4.706354097133933490e-01
-4.063234694650596501e-01
-3.066548997078711869e-01
-1.777444612566571047e-01
-2.769790187010867655e-02
1.340830094147704710e-01
2.976547374096395471e-01
4.532751049834812251e-01
5.920739399085864774e-01
7.066036454272613954e-01
7.912381934738618172e-01
8.424054211979651319e-01
8.586525950632549753e-01
8.405579715190826251e-01
7.905110181478177678e-01
7.123909313363808726e-01
6.111771845746011289e-01
4.925272455650112624e-01
4.426720371533993115e-01
4.431989661535779002e-01
4.126856563418704882e-01
3.527681056749120136e-01
2.675110204333100983e-01
1.631981816318182066e-01
4.788727434570383412e-02
-6.922814528756549013e-02
-1.785825272016559051e-01
-2.710462745486058589e-01
-3.386926882756798318e-01
-3.754468376653466444e-01
-3.775565822968103835e-01
-3.438492491059469414e-01
-2.757628407986366659e-01
-1.771644210569761624e-01
-5.398760088179765937e-02
8.626586580426209849e-02
2.351089228003425680e-01
3.836845861080390163e-01
5.233661421293430704e-01
6.463016489524834318e-01
7.458708781126758280e-01
8.170318253515899132e-01
8.565426139836763708e-01
8.630528368269169137e-01
8.370662283274820092e-01
7.807841601216122251e-01
6.978467668946205515e-01
5.929951925646473887e-01
4.515212718082680654e-01
4.686429908572734560e-01
4.562259154023947660e-01
4.147762099428627947e-01
3.470150384897360274e-01
2.577756139160095605e-01
1.536906069491572602e-01
4.269905593726353032e-02
-6.657661736343556402e-02
-1.655188894191292892e-01
-2.461992587466697024e-01
-3.019930177774728941e-01
-3.280713273578418909e-01
-3.217340881873108072e-01
-2.825658968503753643e-01
-2.124152800873639890e-01
-1.152122812681855013e-01
3.349828017115252798e-03
1.362365731758979903e-01
2.755632263872912491e-01
4.131198047540293183e-01
5.408966694748879034e-01
6.515793857111517040e-01
7.389839730295048037e-01
7.984067068086228014e-01
8.268667679812672366e-01
8.232258928097248019e-01
7.881771027877929603e-01
7.241044437111391341e-01
6.348266565308725573e-01
-7.010038208111617486e-01
-8.596759074445216031e-01
-1.039672201129697049e+00
-1.231033435575745960e+00
-1.421479851948352469e+00
-1.597363494297024511e+00
-1.744877317356807289e+00
-1.851394775806051829e+00
-1.906786776202531453e+00
-1.904556643224208479e+00
-1.842649666396694919e+00
-1.723829898350260237e+00
-1.555568086668226435e+00
-1.349443662648185160e+00
-1.120122357897766152e+00
-8.840213951798265857e-01
-6.578098878731228893e-01
-4.569089190439464820e-01
-2.941522383742136704e-01
-1.787457514105272871e-01
-1.156254644817283905e-01
-1.052645690611604401e-01
-1.439272680697198936e-01
-2.243164265355465092e-01
-3.365203204182004582e-01
-4.691355431017358857e-01
-6.104315049694662987e-01
-7.494276405036769395e-01
-8.767757560673523631e-01
-9.853731260599544184e-01
-5.207884354223956125e-01
-6.665458697070634209e-01
-8.359271183235866820e-01
-1.019287893023401059e+00
-1.204504458229766817e+00
-1.377909382430957841e+00
-1.525498336192812054e+00
-1.634281644613809537e+00
-1.693626146402712251e+00
-1.696425649038526551e+00
-1.639953569653837651e+00
-1.526287241275050111e+00
-1.362244656734079795e+00
-1.158833695921944740e+00
-9.302727727855248929e-01
-6.926923805741190820e-01
-4.626627843374372939e-01
-2.557100206188482883e-01
-8.497903407224038919e-02
3.981949888414804128e-02
1.130797379458708951e-01
1.335373857355605098e-01
1.040727116853625844e-01
3.112881120461474804e-02
-7.616577982855310402e-02
-2.070538782774486997e-01
-3.502582878914920483e-01
-4.950197024635224485e-01
-6.319609606340368391e-01
-7.537054572698470567e-01
-3.280042599393239722e-01
-4.558437418319454815e-01
-6.093647571711537925e-01
-7.795472521302904134e-01
-9.547760220551775312e-01
-1.121730972186795405e+00
-1.266557179198438021e+00
-1.376192099407461011e+00
-1.439698348265171735e+00
-1.449442237003817802e+00
-1.401972412942322554e+00
-1.298487568845870577e+00
-1.144832104760827196e+00
-9.510164640236369316e-01
-7.303163392846756530e-01
-4.980542168737616127e-01
-2.702015532239072648e-01
-6.195637493375183436e-02
1.135519170972135727e-01
2.462998446270762143e-01
3.300540815852942567e-01
3.626522223522609112e-01
3.458777226607195887e-01
2.849719048432509672e-01
1.878630800251833710e-01
6.421787985402083176e-02
-7.556947174471606576e-02
-2.213382959084851942e-01
-3.639785295740936566e-01
-4.960362558460493787e-01
-1.347101770771300666e-01
-2.407952227693658243e-01
-3.742733836101473366e-01
-5.270240970491009147e-01
-6.882657082158858408e-01
-8.453735432870278510e-01
-9.849805044939503595e-01
-1.094244609368755006e+00
-1.162138864968121243e+00
-1.180609767766984897e+00
-1.145463274450961633e+00
-1.056869438614098877e+00
-9.194240530846014003e-01
-7.417604307439547018e-01
-5.357589097191743921e-01
-3.154482846787367567e-01
-9.572625481082108756e-02
1.089584096943728708e-01
2.858218747395210313e-01
4.247385550732244441e-01
5.189231695691801649e-01
5.652534119026560999e-01
5.642281449100629009e-01
5.195962676081805620e-01
4.377242350090010392e-01
3.267922917556355111e-01
1.959190573209147468e-01
5.431111527546528261e-02
-8.947975115962669701e-02
-2.281312393872609867e-01
4.627744719013626717e-02
-3.570567950370606702e-02
-1.463536187157978841e-01
-2.786639436135683878e-01
-4.229606219377155529e-01
-5.676176171519677904e-01
-7.000615321792191814e-01
-8.079478053230493284e-01
-8.803764896646812943e-01
-9.090038546244518791e-01
-8.889166285533474099e-01
-8.191649210595577379e-01
-7.028930029894012721e-01
-5.470574417611347995e-01
-3.617720967157482259e-01
-1.593622086130029869e-01
4.676010783312445351e-02
2.432723573480236601e-01
4.180456376114197736e-01
5.610684416866135171e-01
6.651107958522622932e-01
7.260841516106112392e-01
7.430892026807714990e-01
7.181777849952003523e-01
6.558824871139296020e-01
5.625860121348637000e-01
4.458105384620870693e-01
3.135055460710466368e-01
1.734022224774921517e-01
3.248594379118086017e-02
2.027896205212692538e-01
1.456129671240400381e-01
5.901474654786798002e-02
-5.126606642934372626e-02
-1.768583031650747817e-01
-3.073715737295713568e-01
-4.312788399898953573e-01
-5.369755425961191264e-01
-6.138949389083141472e-01
-6.535490375368750993e-01
-6.503728806339683644e-01
-6.022753566466442221e-01
-5.108378865655165413e-01
-3.811470335430900414e-01
-2.212915082396114119e-01
-4.159190558684533467e-02
1.463419276124103829e-01
3.306183408182917782e-01
5.000301675805024493e-01
6.448879605678420335e-01
7.576516334323933899e-01
8.333205278465339871e-01
8.695715049125952723e-01
8.666615584163585018e-01
8.271328660379514419e-01
7.553724668215103799e-01
6.570853660678958041e-01
5.387393238100112169e-01
4.070331454096239865e-01
2.684296882375897253e-01
3.246556007951476586e-01
2.913779582565080295e-01
2.284861133147791934e-01
1.403923761617839050e-01
3.404860570002177234e-02
-8.154716716239140961e-02
-1.960989252002564021e-01
-2.989366048852082347e-01
-3.800111732593127734e-01
-4.308457189707176616e-01
-4.453334890973525972e-01
-4.202950345380268016e-01
-3.557391583400107415e-01
-2.548106804076473164e-01
-1.234460945059815407e-01
3.020947285176489583e-02
1.965480081506097987e-01
3.653202938012934942e-01
5.264478054973872334e-01
6.707502081750732481e-01
7.905320350981933641e-01
8.799939227356244897e-01
9.354557620032807330e-01
9.553985609845073723e-01
9.403468863405343159e-01
8.926236762128955116e-01
8.160141174197773628e-01
7.153759213673803741e-01
5.962308128402445950e-01
4.643674934263991583e-01
4.047918317513717890e-01
3.930972240464362111e-01
3.521779280979414617e-01
2.851384660010854999e-01
1.974846201317806971e-01
9.675113970885707015e-02
-8.106145273276577079e-03
-1.074894109413839782e-01
-1.920213481586525717e-01
-2.533928334262172122e-01
-2.851012938969241794e-01
-2.830021804089011273e-01
-2.456225691110744958e-01
-1.742174705308727756e-01
-7.258075231584004694e-02
5.335092905190574886e-02
1.960444056978883909e-01
3.470009218029849185e-01
4.974066797126158734e-01
6.387460968020165497e-01
7.633338876041581011e-01
8.647371127492534670e-01
9.380727881999663120e-01
9.801787154489988163e-01
9.896640243553703753e-01
9.668515697356824257e-01
9.136275002671964129e-01
8.332150243284280888e-01
7.298905515263237609e-01
6.086615456686798042e-01
4.398676456467954798e-01
4.463698657715716722e-01
4.246033870727855541e-01
3.764575553326979795e-01
3.060469836313840508e-01
2.194548280766811521e-01
1.242629714565959276e-01
2.891902821156799863e-02
-5.798901493666974716e-02
-1.284695070303627507e-01
-1.757958804308059619e-01
-1.950407667091835773e-01
-1.834295424444782885e-01
-1.404921881969953823e-01
-6.801695766591309145e-02
3.016997168569868215e-02
1.485604751627133124e-01
2.804108982323246790e-01
4.182338189099265024e-01
5.542953304553169813e-01
6.810861522488950159e-01
7.917435479163709156e-01
8.804084445587466723e-01
9.425073758313248229e-01
9.749519345150042815e-01
9.762501171930181298e-01
9.465254931819159223e-01
8.874427197363224940e-01
8.020422997111743557e-01
6.944936704307828057e-01
4.304634485865598270e-01
4.511238190197840447e-01
4.449892058391472505e-01
4.128850513276106637e-01
3.576579153420907931e-01
2.840229426525681111e-01
1.982227771604162525e-01
1.075342944682040613e-01
1.967776749311234141e-02
-5.780722947060679129e-02
-1.181547766656663168e-01
-1.558787416824706229e-01
-1.671516234053979089e-01
-1.500341051950021543e-01
-1.045515913338869174e-01
-3.262919772292882659e-02
6.209302644486813794e-02
1.745379473979952190e-01
2.985352841529685941e-01
4.272073839415878593e-01
5.533763554792113792e-01
6.699751277454176757e-01
7.704462409518296750e-01
8.491114486704266495e-01
9.014932762273381028e-01
9.245679549620534621e-01
9.169292567896675239e-01
8.788460078039296297e-01
8.122030421352114393e-01
7.203256613144731757e-01
-5.582055063122779437e-01
-6.913617397500186890e-01
-8.446049247492508627e-01
-1.008893329176748122e+00
-1.173091974285411343e+00
-1.324880756971499318e+00
-1.451890075406364167e+00
-1.542939702927452306e+00
-1.589234047347894974e+00
-1.585364829791280794e+00
-1.529991521109772545e+00
-1.426107949823262278e+00
-1.280854704518315179e+00
-1.104893710862419276e+00
-9.114154722273363207e-01
-7.148934501265145069e-01
-5.297282726950184317e-01
-3.689337631062458156e-01
-2.430068095493022051e-01
-1.590960807325291215e-01
-1.205448376931802512e-01
-1.268362813588124194e-01
-1.739222336156217574e-01
-2.548734465477977551e-01
-3.607574575556675156e-01
-4.816310917106617073e-01
-6.075309701076285762e-01
-7.293561819169450677e-01
-8.395601837492369102e-01
-9.326000697062178935e-01
-3.778538930836964349e-01
-4.978189985991885447e-01
-6.399215852665077753e-01
-7.953795993111075768e-01
-9.531740704209020754e-01
-1.100948844575233343e+00
-1.226150697102232678e+00
-1.317284453834226543e+00
-1.365133983296932030e+00
-1.363797171637355143e+00
-1.311402192701850211e+00
-1.210410809926409925e+00
-1.067466265140923465e+00
-8.928007052695524637e-01
-6.992716665614348015e-01
-5.011412772300836149e-01
-3.127398889849221653e-01
-1.471647822684625240e-01
-1.515424468999426733e-02
7.574983794459433373e-02
1.216771938344026749e-01
1.225144566641460653e-01
8.161907681983737728e-02
5.221171507532429423e-03
-9.839675621548205076e-02
-2.198349199784996877e-01
-3.495158761605411946e-01
-4.785289962748068837e-01
-5.993018271752896808e-01
-7.060493912600790400e-01
-1.895505391202233492e-01
-2.920897703335855189e-01
-4.185773191559536976e-01
-5.607645465133836993e-01
-7.080610787710173160e-01
-8.483996885200908444e-01
-9.693495959540208151e-01
-1.059355073372514999e+00
-1.108951826499107396e+00
-1.111810221597285153e+00
-1.065472976306594877e+00
-9.716926731395180150e-01
-8.363255021368313225e-01
-6.687941305620033194e-01
-4.811861277468755249e-01
-2.870974139766582223e-01
-1.003572414976244831e-01
6.622055389611070098e-02
2.019257941003752554e-01
2.989720168250388221e-01
3.529786607083879035e-01
3.630893423311088997e-01
3.317435210947033974e-01
2.641564393290268820e-01
1.675898844123958620e-01
5.051150435592832721e-02
-7.825759472997717570e-02
-2.103173791330080755e-01
-3.383156966207264138e-01
-4.563833053950356322e-01
-5.269119362096064130e-03
-8.731122698788362779e-02
-1.947821515074869003e-01
-3.202106079132795435e-01
-4.537234819118300400e-01
-5.838511163943318483e-01
-6.985837133678201027e-01
-7.865612702679466439e-01
-8.382549756763880699e-01
-8.469939659054945835e-01
-8.097087251564569765e-01
-7.272984654610146205e-01
-6.045787454107743875e-01
-4.498196606928276386e-01
-2.739359698809705757e-01
-8.943124696405357898e-02
9.077662544590159310e-02
2.545140854931996488e-01
3.913705391676683965e-01
4.934781659408516985e-01
5.559894372288499698e-01
5.772289060213221523e-01
5.585348084172850891e-01
5.038391133603002947e-01
4.190583230716918850e-01
3.113796646867920126e-01
1.885281274529502227e-01
5.809042033917433123e-02
-7.304515086305485294e-02
-1.990954735499449457e-01
1.626362723158935042e-01
1.027382393908641278e-01
1.634110517533360341e-02
-9.005558962023929581e-02
-2.075384293131253832e-01
-3.255047478847420961e-01
-4.326355513371141215e-01
-5.180076368007122678e-01
-5.722117953596896900e-01
-5.883394179285613701e-01
-5.627155938834059734e-01
-4.952902569954173995e-01
-3.896445056972434595e-01
-2.526195132571261714e-01
-9.362266137713515235e-02
7.629712957729983813e-02
2.454901946681163905e-01
4.027423944027915814e-01
5.381963542667788092e-01
6.440704634560238118e-01
7.151203154225632685e-01
7.488225000287916933e-01
7.452941355183139160e-01
7.069890873605783055e-01
6.382306887381042904e-01
5.446497839117873108e-01
4.325964216173242560e-01
3.085851313776805105e-01
1.788198284886084455e-01
4.882774305054182751e-02
3.027993739839794918e-01
2.651703673186750487e-01
2.004444818512022275e-01
1.140191943763254612e-01
1.366936677906327446e-02
-9.108090379900279920e-02
-1.898265938112859708e-01
-2.722919921587211300e-01
-3.293616459814011632e-01
-3.540057895584694525e-01
-3.419878541743051059e-01
-2.922718003939483999e-01
-2.070882282373326388e-01
-9.166360066845502530e-02
4.634074544764166248e-02
1.976000331611350580e-01
3.520085059425696050e-01
4.995689476176122801e-01
6.311949471268191170e-01
7.393524324111316881e-01
8.184946499106336981e-01
8.652743980906650867e-01
8.785444961016476428e-01
8.591788047427874053e-01
8.097596873463076550e-01
7.341831999229410100e-01
6.372314545070306702e-01
5.241543513956189448e-01
4.002924944550193542e-01
2.707618009069182596e-01
4.061118668985009839e-01
3.894297140451438155e-01
3.455642575650917925e-01
2.787522069238858036e-01
1.955250024748272919e-01
1.041866841058404214e-01
1.406453164905407949e-02
-6.538185122333539656e-02
-1.254858319016491919e-01
-1.592209500001112721e-01
-1.618692140729330875e-01
-1.314359887330643906e-01
-6.877309773495066114e-02
2.258856427638922248e-02
1.368589087620424305e-01
2.665947507394109683e-01
4.034096039216800156e-01
5.387015962123370416e-01
6.643229238987581331e-01
7.731322967007806524e-01
8.593947926300150586e-01
9.190171235085234924e-01
9.496267870049163173e-01
9.505184126217652851e-01
9.224987277142319142e-01
8.676633276485780089e-01
7.891352819163773846e-01
6.907895921112757742e-01
5.769807309184337152e-01
4.522846009433706405e-01
4.666985622471996331e-01
4.684237793611895073e-01
4.434018612730717956e-01
3.947215408781127310e-01
3.276424385835844388e-01
2.491818803058195586e-01
1.674914005988407117e-01
9.109514547377417504e-02
2.808203191138480825e-02
-1.465104626594404547e-02
-3.201710163581650281e-02
-2.115235175583551896e-02
1.841009950351635283e-02
8.480772141625703142e-02
1.741279945860522149e-01
2.808475053549651657e-01
3.983656407811041467e-01
5.195662474453445201e-01
6.373488281693407975e-01
7.450859067086968990e-01
8.369813212152813486e-01
9.083216648620867639e-01
9.556268994518161142e-01
9.767146239070453317e-01
9.706953369561664990e-01
9.379143404529636241e-01
8.798515998009296402e-01
7.989861054192207712e-01
6.986279518016743628e-01
5.827205978274024867e-01
4.824532197316707682e-01
4.991731722572255725e-01
4.900865449947816588e-01
4.572110335236013734e-01
4.045772787107594359e-01
3.379212865814197331e-01
2.641864225016149481e-01
1.908936208498267506e-01
1.254559677813726903e-01
7.451922447108871861e-02
4.340261831809155701e-02
3.569619090640108183e-02
5.304592472036606665e-02
9.513060333995326801e-02
1.598097392593884614e-01
2.434038242721342504e-01
3.410588622120732660e-01
4.471469263677044781e-01
5.556618257817699247e-01
6.605810427309016797e-01
7.561785296655826327e-01
8.372845709894073396e-01
8.994964755843041226e-01
9.393464498659033213e-01
9.544310979096507497e-01
9.435022491483407991e-01
9.065135083997098997e-01
8.446133363246971504e-01
7.600752667783131633e-01
6.561596800114229966e-01
4.550700654170541926e-01
4.829024234605051591e-01
4.863263406011387735e-01
4.664164418593793604e-01
4.260768040074972562e-01
3.698302747910738875e-01
3.034391255741223370e-01
2.334026963514096442e-01
1.663929402636884491e-01
1.086940090634305189e-01
6.570680454442223706e-02
4.156535532092819896e-02
3.889217761056584788e-02
5.869850713594126912e-02
1.004164534630738181e-01
1.620368369358002880e-01
2.403203454630805647e-01
3.310506115236827585e-01
4.293042425664513884e-01
5.297220919496935521e-01
6.267751533311668455e-01
7.150248231923489461e-01
7.893793321769858595e-01
8.453456628791574667e-01
8.792703533618445588e-01
8.885553424144742030e-01
8.718289861110058991e-01
8.290498611954423280e-01
7.615234078578930754e-01
6.718190440570980249e-01
-3.966030333315665457e-01
-5.019667400833258686e-01
-6.267805822950841543e-01
-7.631999238123196028e-01
-9.015078509333618317e-01
-1.030954096939615594e+00
-1.140791748425991514e+00
-1.221392397410970609e+00
-1.265301927893504708e+00
-1.268100709293245476e+00
-1.228953878754164730e+00
-1.150776418558329350e+00
-1.039987825065358695e+00
-9.058845868518636824e-01
-7.597074194334765274e-01
-6.135172846489825860e-01
-4.790148211097663422e-01
-3.664398251957328712e-01
-2.836715817067464451e-01
-2.356203668653401584e-01
-2.239603527418940754e-01
-2.472103827161670209e-01
-3.011276424400975982e-01
-3.793453165872305854e-01
-4.741626833212098657e-01
-5.773867412935824728e-01
-6.811284513045909872e-01
-7.784722851202018346e-01
-8.639618679768031884e-01
-9.338730611455369202e-01
-2.080449061224070029e-01
-2.998693557719690483e-01
-4.131533631733854683e-01
-5.402575864493872615e-01
-6.715283803417290143e-01
-7.961374694818407205e-01
-9.031323894183195256e-01
-9.825758421033313761e-01
-1.026632507963094465e+00
-1.030463048800459136e+00
-9.928073002490971355e-01
-9.161786206982713843e-01
-8.066427056602898382e-01
-6.732088250972014798e-01
-5.269110722958261217e-01
-3.796946720906281825e-01
-2.432428038929744796e-01
-1.278807611942783806e-01
-4.167756762663787917e-02
1.016607369536726146e-02
2.559509109595314857e-02
5.637749361639410317e-03
-4.596054399638982435e-02
-1.233390990410806465e-01
-2.192702761286610125e-01
-3.259573157754183104e-01
-4.357897716612006422e-01
-5.419805710458951431e-01
-6.390321935702367728e-01
-7.230065048139006079e-01
-1.501459545270067419e-02
-8.981570605721522771e-02
-1.878585596561230808e-01
-3.019405773820045269e-01
-4.227355738561312526e-01
-5.396110182212814355e-01
-6.416650840944704282e-01
-7.188621473553479246e-01
-7.631250551084658440e-01
-7.692432148834893457e-01
-7.354776145691981348e-01
-6.637838220706753223e-01
-5.596253515146376589e-01
-4.314042958693196095e-01
-2.895853782111282859e-01
-1.456263881665319504e-01
-1.084755431500838974e-02
1.046270416908394729e-01
1.927401483494385337e-01
2.480995221831184816e-01
2.682587600413087747e-01
2.536779908423597574e-01
2.074000279916211609e-01
1.345075286830975658e-01
4.144509986083566577e-02
-6.470400971140544133e-02
-1.769032305306496022e-01
-2.887424585961398948e-01
-3.948668533964020400e-01
-4.912337262734636223e-01
1.702218930796639551e-01
1.147774289963509053e-01
3.462524625626661745e-02
-6.367516982014853610e-02
-1.713701861104313107e-01
-2.782848053644926267e-01
-3.738197440434641305e-01
-4.480550038420023640e-01
-4.928215169877004920e-01
-5.026026591147231271e-01
-4.751487325156127373e-01
-4.117264508918790922e-01
-3.169755212733951222e-01
-1.983974249373126053e-01
-6.554909698159983034e-02
7.095062919931460765e-02
2.004757839663368069e-01
3.133835833912254065e-01
4.018321047757397180e-01
4.603476239604104014e-01
4.861019211500453574e-01
4.788992040996885580e-01
4.409073148356766891e-01
3.761942054202281893e-01
2.901457280217060175e-01
1.888440003696150171e-01
7.847820481002654169e-02
-3.515573984863606949e-02
-1.470302440877097050e-01
-2.531206112443515899e-01
3.352611100426715618e-01
3.001506328230664211e-01
2.392617205636385913e-01
1.583460277759857204e-01
6.537718601473263558e-02
-3.015821908210059021e-02
-1.181936792648954349e-01
-1.891283519000412916e-01
-2.348533169587575520e-01
-2.496263048743633250e-01
-2.306827529726260817e-01
-1.785080491507519129e-01
-9.674342182561379566e-02
8.251845905616672638e-03
1.281144338047142117e-01
2.533671763170121105e-01
3.743691465408632846e-01
4.822107414514223978e-01
5.694561567623835918e-01
6.306646994874774981e-01
6.626576725080007835e-01
6.645331596915723393e-01
6.374616793165529538e-01
5.843175377924775260e-01
5.092118734327645280e-01
4.169938547808741403e-01
3.127779895449592784e-01
2.015408523272804731e-01
8.781308064505877198e-02
-2.452461612381762190e-02
4.689342116289626494e-01
4.537302505750283599e-01
4.121347808806979929e-01
3.489804805863200299e-01
2.713056157345080655e-01
1.877238819556096283e-01
1.075752854480594989e-01
3.996077496520267225e-02
-7.216866164396651406e-03
-2.808254910076968258e-02
-1.938389501167714357e-02
1.921891427884325765e-02
8.519499530034313484e-02
1.734965435304417491e-01
2.771638067235296932e-01
3.880912032378510679e-01
4.978506425274521474e-01
5.984705149289691883e-01
6.830855925312989685e-01
7.464000726759411064e-01
7.849377979903021663e-01
7.970847308694705147e-01
7.829543040160630296e-01
7.441231338817225760e-01
6.832915203342698751e-01
6.039208057386674655e-01
5.098901790572197834e-01
4.052019186348932989e-01
2.937495764080936267e-01
1.791509476520598554e-01
5.625546233962491760e-01
5.655361084806350691e-01
5.420104939053064230e-01
4.958400540800412815e-01
4.330331091150648737e-01
3.612027098710018924e-01
2.888158445338216973e-01
2.243253147284002269e-01
1.752951736546344286e-01
1.476318724086933543e-01
1.450168570669774226e-01
1.686054071929995457e-01
2.170166962590588389e-01
2.865984539653371188e-01
3.719132401323809178e-01
4.663678424894327490e-01
5.628959858550542927e-01
6.546079120942521756e-01
7.353363494630961172e-01
8.000328292739641300e-01
8.449960810417146417e-01
8.679402244010491208e-01
8.679305379965210898e-01
8.452262327282046295e-01
8.010723269480189979e-01
7.374776459477699886e-01
6.570056914345824284e-01
5.625928068331628173e-01
4.573967251061276107e-01
3.446704857429138125e-01
6.108480727460406934e-01
6.292500461886637586e-01
6.215398421597618794e-01
5.906173558942192647e-01
5.414293550110057529e-01
4.805214653523181001e-01
4.153940024002357179e-01
3.537420676567951672e-01
3.026776739580246955e-01
2.680332787850822074e-01
2.538318685014696596e-01
2.619815221784568271e-01
2.922174039764556808e-01
3.422778146965493873e-01
4.082695912727652976e-01
4.851567533821411482e-01
5.672976195025510870e-01
6.489598294347344032e-01
7.247575924897878830e-01
7.899770473481161348e-01
8.407790703643714947e-01
8.742896099853588732e-01
8.886021637772724135e-01
8.827235540061951768e-01
8.564927870616921846e-01
8.104952554839047751e-01
7.459837182920564524e-01
6.648065864613800224e-01
5.693358409994461189e-01
4.623831964951296003e-01
6.124272346775564424e-01
6.427869921758654348e-01
6.479242074208521052e-01
6.298376365342402972e-01
5.924397447241053216e-01
5.412010957118736920e-01
4.826149569515386650e-01
4.235503278036764074e-01
3.705772813735380700e-01
3.293503872862614257e-01
3.041239767430313767e-01
2.974497237763372715e-01
3.100771192083496830e-01
3.410466175249783349e-01
3.879390855322896181e-01
4.472279434033888945e-01
5.146742800904219317e-01
5.857101116296387078e-01
6.557685551674202751e-01
7.205382299434400784e-01
7.761382829660593563e-01
8.192260485792165481e-01
8.470586486551204830e-01
8.575316818356338855e-01
8.492132023576995925e-01
8.213816312942417985e-01
7.740651519375750800e-01
7.080707039530954594e-01
6.249854400631612572e-01
5.271337541966686357e-01
5.697546372872602793e-01
6.083003211586891501e-01
6.229638008177701414e-01
6.149461921328381875e-01
5.872024078746423958e-01
5.441723655253759562e-01
4.913509059224495656e-01
4.347525739742336137e-01
3.803412697813365329e-01
3.334968090475088909e-01
2.985806047017230958e-01
2.786433041149892764e-01
2.752923837687261122e-01
2.887123753182420094e-01
3.178093218687619848e-01
3.604377989589738762e-01
4.136650779131297861e-01
4.740323606905935128e-01
5.377852077319112967e-01
6.010607927350922752e-01
6.600345259717853574e-01
7.110394524434601182e-01
7.506764395208292973e-01
7.759309638016608224e-01
7.843044285030317253e-01
7.739568780272053639e-01
7.438469105836341688e-01
6.938466129770807234e-01
6.248067023589732871e-01
5.385506429261087691e-01
-2.301399733461547692e-01
-3.103219874668150524e-01
-4.104360614915649741e-01
-5.238928467174033266e-01
-6.423709128325899576e-01
-7.565730620671831108e-01
-8.571588789086999061e-01
-9.357410704434200310e-01
-9.858176823380860876e-01
-1.003516141838050491e+00
-9.880481078949163720e-01
-9.418127417971495774e-01
-8.701340160596955364e-01
-7.806673518021006730e-01
-6.825544700618724203e-01
-5.854364212052983740e-01
-4.984492012238508352e-01
-4.293229028230192701e-01
-3.836855480899318827e-01
-3.646405293099449496e-01
-3.726474081256698212e-01
-4.056957224502245607e-01
-4.597260677648407068e-01
-5.292265093734841441e-01
-6.079180734776433725e-01
-6.894414308521246149e-01
-7.679668255976062063e-01
-8.386681835042757438e-01
-8.980265429243230457e-01
-9.439535170637295414e-01
-2.549177271415847823e-02
-9.176670854089175045e-02
-1.801917122819778339e-01
-2.843386194793605659e-01
-3.958899205431845036e-01
-5.054042219771344158e-01
-6.032727592621134338e-01
-6.807506084826904225e-01
-7.309294563602114492e-01
-7.495223194502178554e-01
-7.353542897009999191e-01
-6.904934687930843751e-01
-6.200061467064020837e-01
-5.313718473356615624e-01
-4.336389570190537501e-01
-3.364335451147935085e-01
-2.489484523261625837e-01
-1.790355753859234067e-01
-1.325033314127493922e-01
-1.126878135015468851e-01
-1.203259781502454828e-01
-1.537186565526770243e-01
-2.091360437774090197e-01
-2.813930136123357073e-01
-3.645086555328619915e-01
-4.523642781769244836e-01
-5.392852952345182915e-01
-6.204919470471279563e-01
-6.923878948306136927e-01
-7.526803592453432667e-01
1.816614279125111642e-01
1.321782124989933083e-01
5.854039543729205874e-02
-3.317521284880531329e-02
-1.348717386186158995e-01
-2.371872301467510269e-01
-3.304524349443547782e-01
-4.057337421712107761e-01
-4.558258421444020825e-01
-4.760617169277541194e-01
-4.648313721837349921e-01
-4.237413672769159145e-01
-3.573978770802203053e-01
-2.728483219871968846e-01
-1.787621470065685614e-01
-8.446325099633777977e-02
1.059368849387398726e-03
7.004103710536802030e-02
1.166308618553509868e-01
1.373152047117823793e-01
1.310493209625772648e-01
9.911125225407435568e-02
4.472590599221726304e-02
-2.746921848019923118e-02
-1.120342093023605212e-01
-2.033319784735891922e-01
-2.960600218172539932e-01
-3.856599423451168573e-01
-4.685792576878982096e-01
-5.423828847040941259e-01
3.783780860096345178e-01
3.474397987888543371e-01
2.906569353643447817e-01
2.135856256524794050e-01
1.238991191565471661e-01
3.066240594197089386e-02
-5.660393416348696860e-02
-1.289544777717063218e-01
-1.790096146305186764e-01
-2.017739175478378000e-01
-1.951733781114135535e-01
-1.602429412711988688e-01
-1.009460732874639666e-01
-2.365992440935704710e-02
6.359544037339237565e-02
1.520741220423970086e-01
2.332449078564097222e-01
2.996378793107933314e-01
3.455017707207438393e-01
3.672104819324820690e-01
3.633963881877811941e-01
3.348263307554054657e-01
2.840677548715543344e-01
2.150134166639853239e-01
1.323415958054728891e-01
4.098521984060143897e-02
-5.433000573884261275e-02
-1.494379454315477584e-01
-2.409561854775310596e-01
-3.263836857461657748e-01
5.516603591299927833e-01
5.397235145110917953e-01
5.006592122948111401e-01
4.393677410103112857e-01
3.629243797521840564e-01
2.799008594573811903e-01
1.994723124479403920e-01
1.304218087526598513e-01
8.017338299832132975e-02
5.398261024896200411e-02
5.439141154911619758e-02
8.101475835942584247e-02
1.306781520010035225e-01
1.978745852475628508e-01
2.754664590091321363e-01
3.555283074211049721e-01
4.302141092135615130e-01
4.925390975091114010e-01
5.369878627885545930e-01
5.598932865034867978e-01
5.595682068898536476e-01
5.362073299557824635e-01
4.916053669930781078e-01
4.287551275558992847e-01
3.513949768786462924e-01
2.635695357670783112e-01
1.692533949746310995e-01
7.206864809969726338e-02
-2.489281116240160685e-02
-1.191485645017835715e-01
6.898736604413558959e-01
6.960820765903000806e-01
6.743631524118799403e-01
6.288699483670329160e-01
5.659457792230989659e-01
4.935066509221669451e-01
4.202099131471633831e-01
3.545147930363440336e-01
3.037591679879730888e-01
2.733757572528919821e-01
2.663499671380661349e-01
2.829846994864696486e-01
3.209911810543751853e-01
3.758774322187424799e-01
4.415653723905589301e-01
5.111401228063013891e-01
5.776244562937739024e-01
6.346779940822918631e-01
6.771420613695952051e-01
7.013821769899178937e-01
7.054148450055536257e-01
6.888375203977611383e-01
6.526053304684770184e-01
5.987122427369645505e-01
5.298370331675948952e-01
4.490069350093021106e-01
3.593171984735522573e-01
2.637268051929532175e-01
1.649331215315288368e-01
6.531446465310630778e-02
7.840363764664534107e-01
8.063547251348269773e-01
8.004808287591157479e-01
7.697776907052101825e-01
7.197702332542524895e-01
6.575988829318114570e-01
5.912645190866453460e-01
5.287620809486303086e-01
4.772183059009761363e-01
4.421485422092213957e-01
4.269284347539797908e-01
4.325421254619311595e-01
4.576257666509416788e-01
4.987813306194032181e-01
5.510984564344519887e-01
6.087973346790330753e-01
6.658966774389468712e-01
7.168178557980126042e-01
7.568566262758548158e-01
7.824826799683090028e-01
7.914586464910332575e-01
7.827984256213670333e-01
7.566052699107964630e-01
7.138403178462914278e-01
6.560719373353743888e-01
5.852470068729257457e-01
5.035103531380692443e-01
4.130818672122987811e-01
3.161860187124828636e-01
2.150183092100753646e-01
8.287814880649641003e-01
8.642550903250022509e-01
8.718290088396097870e-01
8.540815031126111068e-01
8.156823613944345075e-01
7.629234054440133805e-01
7.030496092662540386e-01
6.434783386741430578e-01
5.910115118508630916e-01
5.511455427149779540e-01
5.275668408764661033e-01
5.218897638157994345e-01
5.336551376464299112e-01
5.605679407486464649e-01
5.989194350034411363e-01
6.441173297225030181e-01
6.912403555168303848e-01
7.355408871757159739e-01
7.728382786224466949e-01
7.997717009662120846e-01
8.139089613516620192e-01
8.137317488543752697e-01
7.985340059379423261e-01
7.682766146327978385e-01
7.234384485664878683e-01
6.648931475713352190e-01
5.938261091561197746e-01
5.116910142570662012e-01
4.201931529114349972e-01
3.212802026401869737e-01
8.228476603374462739e-01
8.679465220129459757e-01
8.859857155024511988e-01
8.788069940449841910e-01
8.502351433282292481e-01
8.056867823506691506e-01
7.515925775298696321e-01
6.947097374777598811e-01
6.414177510132815785e-01
5.970908948990759635e-01
5.656261454142071932e-01
5.491778488263200364e-01
5.481162093739272434e-01
5.611918411686781516e-01
5.858595765631368080e-01
6.186962288468053073e-01
6.558415286775450825e-01
6.933987691337050174e-01
7.277491351439365763e-01
7.557568586068049710e-01
7.748661134764974756e-01
7.831102014340959316e-01
7.790656447732554613e-01
7.617867771010290445e-01
7.307508558777447982e-01
6.858319492999144229e-01
6.273073392954445771e-01
5.558866705356232396e-01
4.727447124665803413e-01
3.795352819953782264e-01
7.690399837192219978e-01
8.200347861779707648e-01
8.453149681236288293e-01
8.460679719156042333e-01
8.253236670813840492e-01
7.876388445993917076e-01
7.386107344116735751e-01
6.842854848213938412e-01
6.305421971145838134e-01
5.825340655149228164e-01
5.442555015522195783e-01
5.182805718644748483e-01
5.056884438217054134e-01
5.061615952433792254e-01
5.182178403193499205e-01
5.395219260754463564e-01
5.672185953566662997e-01
5.982362049315025354e-01
6.295256609040610352e-01
6.582195151294784052e-01
6.817159290345239375e-01
6.977076814604982191e-01
7.041846055681136862e-01
6.994377468040836598e-01
6.820860321314937691e-01
6.511338311174593718e-01
6.060539178322560394e-01
5.468785573572488845e-01
4.742745704955312336e-01
3.895777697400039097e-01
-8.328231007068698233e-02
-1.434474930547526839e-01
-2.248976740737692603e-01
-3.222154254055569766e-01
-4.282980059926519978e-01
-5.350235617460654680e-01
-6.340824789209363876e-01
-7.178702593612096283e-01
-7.803243466786344840e-01
-8.175916773517762914e-01
-8.284360043888299163e-01
-8.143306443887796675e-01
-7.792271136037518531e-01
-7.290357127015553163e-01
-6.708931547609835455e-01
-6.123188737649812863e-01
-5.603721384766484626e-01
-5.209157967210167328e-01
-4.980714053585248990e-01
-4.939188769869157225e-01
-5.084571330963452152e-01
-5.398064419220547361e-01
-5.846033300942399258e-01
-6.385189674170274055e-01
-6.968236392019675485e-01
-7.549232651950111839e-01
-8.088070621703872254e-01
-8.553652631948018836e-01
-8.925585440491017319e-01
-9.194427439823485981e-01
1.392469285357038622e-01
9.312957991319048556e-02
2.314021610223415681e-02
-6.543388216211165620e-02
-1.654365388909583290e-01
-2.685242229989176499e-01
-3.660304647843369841e-01
-4.499045181596904586e-01
-5.136000482550515667e-01
-5.527935054055804764e-01
-5.658348806020681021e-01
-5.538719145948372002e-01
-5.206360303912090925e-01
-4.719263408063775755e-01
-4.148692202143350327e-01
-3.570588172185668041e-01
-3.056947768356661488e-01
-2.668266381253282526e-01
-2.447921209728348702e-01
-2.419033868606748072e-01
-2.583972895708097628e-01
-2.926288175190747687e-01
-3.414567819357566814e-01
-4.007511484929123791e-01
-4.659440213071256442e-01
-5.325508261533644649e-01
-5.966025336070102103e-01
-6.549503777100664781e-01
-7.054274786900175398e-01
-7.468732664822841372e-01
3.635968662812317787e-01
3.339933709894283842e-01
2.781346331316197906e-01
2.010236073511452171e-01
1.096942155307006894e-01
1.253069025465791686e-02
-8.161135273188990791e-02
-1.643707115511262584e-01
-2.288048124228038160e-01
-2.701471382765271434e-01
-2.862959498556872928e-01
-2.779717412425523060e-01
-2.485295088007501985e-01
-2.034615254081515445e-01
-1.496687239701088856e-01
-9.460744644453644714e-02
-4.542935612862808448e-02
-8.225103147867951492e-03
1.254067691506421944e-02
1.434940305120646631e-02
-3.311341046367766161e-03
-3.912565257931066576e-02
-9.031342618393389809e-02
-1.531103496006831488e-01
-2.232872610616279951e-01
-2.966381655474973345e-01
-3.693814625203392654e-01
-4.384399227376749586e-01
-5.015875295815506174e-01
-5.574716788407835244e-01
5.760896404060048548e-01
5.643708083971675782e-01
5.243392461602970345e-01
4.605766718243068381e-01
3.798275887450045518e-01
2.903357309218054239e-01
2.009700395754520086e-01
1.202519491104029337e-01
5.541399870735164157e-02
1.161730051312459544e-02
-8.567603371501975040e-03
-5.351466985777708629e-03
1.842733157715081838e-02
5.776674740420439935e-02
1.061984178453979633e-01
1.566127224693227848e-01
2.020949492820699467e-01
2.366634574399225643e-01
2.558240268839043763e-01
2.568886290135418138e-01
2.390452275456845799e-01
2.032014012764306043e-01
1.516530751848277347e-01
8.764683211786405970e-02
1.490883604375103921e-02
-6.279371134674882615e-02
-1.420086317243148821e-01
-2.198433067607563629e-01
-2.940902798799022166e-01
-3.632451782964620790e-01
7.629449088714751470e-01
7.692441753842637064e-01
7.456136736591120195e-01
6.961049215044944338e-01
6.270262024810028256e-01
5.463111870262525871e-01
4.626688104679176350e-01
3.846241566252625033e-01
3.195791745588819621e-01
2.730204187316290776e-01
2.479787949851276485e-01
2.448075016868219711e-01
2.612959497954187027e-01
2.930879458035474672e-01
3.343302002754876545e-01
3.784489388305637414e-01
4.189418483013743755e-01
4.500802395944237810e-01
4.674394172285839533e-01
4.682086481286348301e-01
4.512693576436460630e-01
4.170647627165741111e-01
3.673107264569902553e-01
3.046128027083513379e-01
2.320572199450202655e-01
1.528352068218844506e-01
6.994365477025288325e-02
-1.401527671803581843e-02
-9.693318242019433040e-02
-1.772070879336519189e-01
9.117573999144100716e-01
9.349697646630187320e-01
9.271729654418180422e-01
8.918149102950759799e-01
8.346507016358467590e-01
7.631563499986689925e-01
6.857199082276891344e-01
6.107154807262847873e-01
5.455850821943560858e-01
4.960525590380847616e-01
4.655728248037339645e-01
4.550823806779494829e-01
4.630703332775497616e-01
4.859412504130612431e-01
5.186004215576612841e-01
5.551649091591289720e-01
5.896938496706888300e-01
6.168391246349801404e-01
6.323399720915051647e-01
6.333171817571289219e-01
6.183578349072941238e-01
5.874137965382218995e-01
5.415612420123300241e-01
4.826813320488690939e-01
4.131230547117573648e-01
3.353998023059768796e-01
2.519547180328406411e-01
1.650103768181333530e-01
7.650005737995546617e-02
-1.193603233523343743e-02
1.012856725356141130e+00
1.050778112136483866e+00
1.057218724635419438e+00
1.034988676492806015e+00
9.892088753866560280e-01
9.267798160468446733e-01
8.556286443786867979e-01
7.838336677419955878e-01
7.187450186213556469e-01
6.662202648821181628e-01
6.300744181440477432e-01
6.118087276426357191e-01
6.106384334373667899e-01
6.237943374738802449e-01
6.470345185549167821e-01
6.752769735923885852e-01
7.032548543733628810e-01
7.261035010696205161e-01
7.398098411752406234e-01
7.414848643692316665e-01
7.294526297182902796e-01
7.031785900521051458e-01
6.630811763931135916e-01
6.102808659704054284e-01
5.463400101399690234e-01
4.730363498655291155e-01
3.921968034023514127e-01
3.055999021949064032e-01
2.149391036757627438e-01
1.218280616879798828e-01
1.060342745595705072e+00
1.109927035009747431e+00
1.128202308998665249e+00
1.117345397779183180e+00
1.081800207554792337e+00
1.027808189417782181e+00
9.627225748269913064e-01
8.941976741544123142e-01
8.293636500640525488e-01
7.740980297475424932e-01
7.324877730496835992e-01
7.065434324073996963e-01
6.961860137814938065e-01
6.994851584161873026e-01
7.130916294042418668e-01
7.327836097266989812e-01
7.540381650785997758e-01
7.725464918761052457e-01
7.846114976653216777e-01
7.873939884826689495e-01
7.790034176037475833e-01
7.584551588741407224e-01
7.255342747095107070e-01
6.806134405467204607e-01
6.244700298364836977e-01
5.581363814060583683e-01
4.828014250120254980e-01
3.997651601737993721e-01
3.104336543931706105e-01
2.163338407840934563e-01
1.052643129079124051e+00
1.110336687456070948e+00
1.137533007496543735e+00
1.135814473516148837e+00
1.108941890894546312e+00
1.062449719961811923e+00
1.003034885798578912e+00
9.378214379236778919e-01
8.736016300976575666e-01
8.161554862231340524e-01
7.697355322331204119e-01
7.367742817974362035e-01
7.178349739440020860e-01
7.117879728109502979e-01
7.161629855691945545e-01
7.276061510392787257e-01
7.423639458754346387e-01
7.567227355556395141e-01
7.673510077638264759e-01
7.715162947576589270e-01
7.671750882423385987e-01
7.529565306493247734e-01
7.280754712744829105e-01
6.922156918313649987e-01
6.454199802298355992e-01
5.880124189092107434e-01
5.205631859893965485e-01
4.438911952904253111e-01
3.590884175977872017e-01
2.675439587480957782e-01
9.925219504476846533e-01
1.054625960144572883e+00
1.087641738899150834e+00
1.092623062219538532e+00
1.072673580554674988e+00
1.032606605342656803e+00
9.784120072712713112e-01
9.166028149719337437e-01
8.535312297757099431e-01
7.947657604723682434e-01
7.446079161962909643e-01
7.058012283676063925e-01
6.794524629038055652e-01
6.651510608677556613e-01
6.612442737081737354e-01
6.652069068246221351e-01
6.740385570082242372e-01
6.846276206938793907e-01
6.940376591432536602e-01
6.996937201856382460e-01
6.994689923516580476e-01
6.916910961954970682e-01
6.750990357365379557e-01
6.487848145853633008e-01
6.121484444665278302e-01
5.648837500973650227e-01
5.069983245083075074e-01
4.388578189302702048e-01
3.612355224629054673e-01
2.753447668446019625e-01
1.378659022423878167e-02
-3.170877564090668344e-02
-9.981889416266509496e-02
-1.861641480804335780e-01
-2.846819129711825047e-01
-3.881967884824388260e-01
-4.891512032516344699e-01
-5.804038724317683862e-01
-6.559901233119572739e-01
-7.117414032985740491e-01
-7.456810340664308256e-01
-7.581461427392176544e-01
-7.516260157959623323e-01
-7.303480155370138949e-01
-6.996769319979613266e-01
-6.654168335380181709e-01
-6.331129979340832659e-01
-6.074448857251821821e-01
-5.917814440495217099e-01
-5.879413808419888809e-01
-5.961686364147837924e-01
-6.153024652462659727e-01
-6.430969282688915323e-01
-6.766293331026025371e-01
-7.127325605242890161e-01
-7.483917311209201673e-01
-7.810591776137060238e-01
-8.088600398881385933e-01
-8.306804551318734964e-01
-8.461480088016405388e-01
2.468010450180092574e-01
2.149579149380512755e-01
1.575612240482235915e-01
7.888117900616786748e-02
-1.492021461870962629e-02
-1.163779036152067237e-01
-2.174933637839553402e-01
-3.105869190359650811e-01
-3.891192727783819860e-01
-4.483713336853185627e-01
-4.858918532597001905e-01
-5.016571228266488713e-01
-4.979299198321503472e-01
-4.788486443045491536e-01
-4.498148670094390678e-01
-4.167725078219356449e-01
-3.854812024896130396e-01
-3.608796080456961874e-01
-3.466137097357520624e-01
-3.447750351680503034e-01
-3.558596600089583561e-01
-3.789267349177748989e-01
-4.119098412326969161e-01
-4.520190497852172307e-01
-4.961673706853694243e-01
-5.413615988952391600e-01
-5.850119872922897590e-01
-6.251342774098136434e-01
-6.604376320365459296e-01
-6.903095712526285954e-01
4.816712641480803692e-01
4.656531223720793422e-01
4.213399775506302403e-01
3.527683276032972381e-01
2.660573191395138037e-01
1.688145918110732779e-01
6.934262987953498936e-02
-2.425256798472552600e-02
-1.049313827799517318e-01
-1.674516674161470320e-01
-2.088643381708800151e-01
-2.287126911069096158e-01
-2.289194592815338991e-01
-2.133914657351156929e-01
-1.874109158301460187e-01
-1.569087598735751099e-01
-1.277255809505563056e-01
-1.049586208477344407e-01
-9.247226616116754894e-02
-9.261824818335295806e-02
-1.061768714206617892e-01
-1.324977744893690579e-01
-1.697930784768150181e-01
-2.155205836418497833e-01
-2.667910928613018706e-01
-3.207410219401715112e-01
-3.748265569516596729e-01
-4.270150660967002576e-01
-4.758693600459260042e-01
-5.205373168593897537e-01
7.044128807382387114e-01
7.053660399541502590e-01
6.756221605714206602e-01
6.188740838353831153e-01
5.410599507878873782e-01
4.497770730214963875e-01
3.534804608418987693e-01
2.605695008021758907e-01
1.784852125432645487e-01
1.129397487376271325e-01
6.737937253764791912e-02
4.274576576956490293e-02
3.755476922519185301e-02
4.826461792707814613e-02
6.986538733553515623e-02
9.659408529192103909e-02
1.226692926031835995e-01
1.429459759880352676e-01
1.534125459368302913e-01
1.514835611769539403e-01
1.360765917296170580e-01
1.074944954622377713e-01
6.715963803609359406e-02
1.726114135043066433e-02
-3.962093747913342234e-02
-1.008583646994455352e-01
-1.640437895328702433e-01
-2.271648476352202684e-01
-2.886813306185135319e-01
-3.475192651110824982e-01
9.008353313947253804e-01
9.187495694471864427e-01
9.040398828078032301e-01
8.599684189947401913e-01
7.921676634140267792e-01
7.080751770396639388e-01
6.161408989662496838e-01
5.249100495163133706e-01
4.421049117262038086e-01
3.738290539028886750e-01
3.239978155836985563e-01
2.940628035092979209e-01
2.830523707060105254e-01
2.879027716863299391e-01
3.040139984361126535e-01
3.259366760635388216e-01
3.480855644611510202e-01
3.653816653968749995e-01
3.737460890841645123e-01
3.703997608870651659e-01
3.539575778534432837e-01
3.243375818250043841e-01
2.825300415006700705e-01
2.302848910610334476e-01
1.697779081876221730e-01
1.033076713055357532e-01
3.305974341933792804e-02
-3.904437273337768577e-02
-1.114141969404891519e-01
-1.827881644716201626e-01
1.058036027129415135e+00
1.091744593937649110e+00
1.091494552618308855e+00
1.060059262898674248e+00
1.002662162203407537e+00
9.264437864672928624e-01
8.396937754184800040e-01
7.509483452117430291e-01
6.680748481253780957e-01
5.974663716726696938e-01
5.434506830945958766e-01
5.079827933811292828e-01
4.906455569144764217e-01
4.889361699743161038e-01
4.987762368351057463e-01
5.151556709215620034e-01
5.328097913817425590e-01
5.468350325627276964e-01
5.531691134437296542e-01
5.488914041631353102e-01
5.323324626341906507e-01
5.030122213814761656e-01
4.614491684846934172e-01
4.088951259899008539e-01
3.470512226742014095e-01
2.778118928043943336e-01
2.030683448666809054e-01
1.245848932863453662e-01
4.394472736944088354e-02
-3.745083889116285203e-02
1.165799483079055676e+00
1.213109254438584639e+00
1.225804669577347017e+00
1.206143969613444167e+00
1.158864733101162336e+00
1.090692498305263491e+00
1.009611794280071972e+00
9.239955801996709850e-01
8.417106562928674540e-01
7.693189188181294158e-01
7.114771129553495443e-01
6.706044202015005729e-01
6.468441518592152883e-01
6.383009161739027215e-01
6.414957291685207119e-01
6.519549170482278333e-01
6.648379072559366110e-01
6.755145639874798880e-01
6.800220447312154137e-01
6.753594413216882364e-01
6.596097837889099980e-01
6.319074726704468903e-01
5.922901898261808684e-01
5.414850899276500984e-01
4.806791278252769972e-01
4.113143675852241055e-01
3.349342246795351530e-01
2.530897131955901491e-01
1.672996425933303000e-01
7.904815260595454696e-02
1.217691044550197166e+00
1.275622565198349267e+00
1.299010042969005685e+00
1.289601452306502694e+00
1.251600761239078263e+00
1.191224926615788604e+00
1.116025904820799663e+00
1.034067536660374653e+00
9.530686609774799978e-01
8.796269650628921744e-01
8.186225352116037746e-01
7.728690336636846459e-01
7.430399243079636173e-01
7.278547353067422732e-01
7.244734703495691042e-01
7.290219441377906451e-01
7.371604445063996147e-01
7.446131118374449409e-01
7.475933224230500995e-01
7.430865778906160513e-01
7.289812868304584859e-01
7.040638472971482154e-01
6.679132429682873573e-01
6.207394931696604834e-01
5.632094703663214075e-01
4.962945400626769255e-01
4.211603368654522894e-01
3.391035307729596271e-01
2.515271748084072501e-01
1.599377024019473792e-01
1.211683207802452866e+00
1.276784089441873604e+00
1.308139256705686648e+00
1.307018785631202107e+00
1.277073986150624396e+00
1.223946801463470013e+00
1.154651854275087874e+00
1.076813553992525208e+00
9.978616177202085380e-01
9.242921767434141289e-01
8.610879195940602804e-01
8.113623999286222466e-01
7.762563142172916875e-01
7.550742669489119985e-01
7.456162914653320373e-01
7.446347756842374155e-01
7.483376445378703279e-01
7.528630286344569766e-01
7.546668856730888164e-01
7.507888362147346895e-01
7.389875593961446887e-01
7.177603493489547182e-01
6.862778824349372586e-01
6.442727253126466769e-01
5.919185203240201476e-01
5.297278760457840852e-01
4.584838209789482422e-01
3.792058074356229325e-01
2.931399217741800234e-01
2.017564109237593994e-01
1.150231367424009221e+00
1.218917318250790860e+00
1.255339742204907960e+00
1.260344682286917095e+00
1.237037648513463761e+00
1.190446769859278664e+00
1.126970771811973027e+00
1.053685845744477323e+00
9.776054077053805136e-01
9.049910200449505782e-01
8.408009083874766754e-01
7.883371860544924337e-01
7.491192013055648635e-01
7.229747859897880380e-01
7.083100211757474840e-01
7.024965681705245268e-01
7.023065555548618777e-01
7.043287706012039129e-01
7.053143352652689879e-01
7.024212020134986689e-01
6.933498688646905217e-01
6.763830453872209381e-01
6.503560456625964159e-01
6.145905797017782168e-01
5.688224061609316040e-01
5.131447410610231463e-01
4.479772861939764761e-01
3.740585464200584243e-01
2.924496766925527291e-01
2.045333753752359707e-01
3.685992923567305013e-02
1.968162732483791366e-03
-5.579708983951403578e-02
-1.329681033626547437e-01
-2.244281491410338170e-01
-3.238809933300465516e-01
-4.244749999222537928e-01
-5.195028313053611235e-01
-6.030845318956399304e-01
-6.707432541830117279e-01
-7.197989030798379595e-01
-7.495327029859951695e-01
-7.611102087998914412e-01
-7.572855786649566046e-01
-7.419400900702489698e-01
-7.195281924381150551e-01
-6.945121170817364353e-01
-6.708608259147291752e-01
-6.516727308149499187e-01
-6.389577439361097122e-01
-6.335873651186945121e-01
-6.353962891945996727e-01
-6.433993021389909917e-01
-6.560755746463040605e-01
-6.716697593731596472e-01
-6.884648368309236321e-01
-7.049934032624863844e-01
-7.201692191632723672e-01
-7.333363104724173187e-01
-7.442460838197801909e-01
2.652746748252307052e-01
2.429080431749025548e-01
1.945725680722288908e-01
1.236421834260525987e-01
3.536018780027649910e-02
-6.364894466919523985e-02
-1.660441017023553956e-01
-2.645239067666298460e-01
-3.525750378836775556e-01
-4.251131857288705795e-01
-4.789338658753384825e-01
-5.129197636514337688e-01
-5.279883896225883166e-01
-5.268020348086475124e-01
-5.132948895866498162e-01
-4.920945626586732957e-01
-4.679240979386760091e-01
-4.450654848157042376e-01
-4.269485780862321000e-01
-4.159041561396946696e-01
-4.130914453467994796e-01
-4.185837871718458003e-01
-4.315753699466033377e-01
-4.506597743832262415e-01
-4.741283930246112943e-01
-5.002427345680809934e-01
-5.274469754035648883e-01
-5.545028121426353040e-01
-5.805444821591796423e-01
-6.050649963293736056e-01
4.957381658185110451e-01
4.878146306020899603e-01
4.510157379955571644e-01
3.885224355174855537e-01
3.055899669678704411e-01
2.090513099675460618e-01
1.066239363181229471e-01
6.108452537922803849e-03
-8.541485607648846567e-02
-1.622850988704369612e-01
-2.207656401311675065e-01
-2.592955731602456515e-01
-2.784676972823283414e-01
-2.807534133854593383e-01
-2.700300555270727099e-01
-2.509903138893029295e-01
-2.285233321478404855e-01
-2.071522594381628446e-01
-1.905955858439957185e-01
-1.814935762271860931e-01
-1.813117124005878544e-01
-1.904054867764820580e-01
-2.082095061822266668e-01
-2.335014368092790393e-01
-2.646887255134562356e-01
-3.000723009603052382e-01
-3.380541733656683978e-01
-3.772717734926061550e-01
-4.166576507529309303e-01
-4.554359810098299599e-01
7.147923767980909338e-01
7.223145846141810766e-01
6.983957312691425612e-01
6.459364063055167415e-01
5.700899963005970905e-01
4.777685314186496113e-01
3.769340549749772284e-01
2.757664322228242648e-01
1.818178657608874316e-01
1.012659790786656355e-01
3.836093812690188898e-02
-4.869161160752089046e-03
-2.863070551447999268e-02
-3.511295549633763891e-02
-2.802731374505784689e-02
-1.201787774339335702e-02
7.965447749613829842e-03
2.724436003469399292e-02
4.187061447593465324e-02
4.892235493929142365e-02
4.662495516848563781e-02
3.431092433214699700e-02
1.225499655906081564e-02
-1.856706639864147412e-02
-5.674500323936659818e-02
-1.006814302855159049e-01
-1.487884063033049209e-01
-1.996173277036085159e-01
-2.519216699233113310e-01
-3.046642398060852575e-01
9.086804497688770743e-01
9.316149355675361621e-01
9.210297508317487614e-01
8.794764173806698393e-01
8.119009574028280829e-01
7.251626943086192378e-01
6.273243579632173939e-01
5.268049512039515436e-01
4.315077570189688183e-01
3.480386259085380685e-01
2.811139150870350933e-01
2.332262661185048325e-01
2.045956831471357207e-01
1.933904972289474111e-01
1.961651671048524337e-01
2.084354615744582473e-01
2.252999434384949096e-01
2.420204661176253991e-01
2.544914522524762690e-01
2.595537629399166102e-01
2.551385573922445582e-01
2.402542256313867641e-01
2.148507690800075531e-01
1.796081238338259611e-01
1.356971140821395805e-01
8.455516478327296248e-02
2.770624036488744668e-02
-3.336087231782070006e-02
-9.725644126246213439e-02
-1.627075074237120944e-01
1.064773446919572208e+00
1.102044706586228884e+00
1.104331868137861328e+00
1.073792119496749020e+00
1.015073303978061059e+00
9.348553159443665495e-01
8.411530518556470382e-01
7.424710719977455353e-01
6.469222088546441318e-01
5.614262368062296060e-01
4.910898987433730545e-01
4.388390913353371614e-01
4.053336806520358993e-01
3.891526448878129818e-01
3.871994491237701341e-01
3.952507854519929920e-01
4.085596591361008167e-01
4.224269449121201836e-01
4.326718596293613883e-01
4.359570407332179487e-01
4.299526892706256875e-01
4.133511192641500243e-01
3.857636366450586385e-01
3.475432502797629608e-01
2.995786255207845139e-01
2.430981751444184491e-01
1.795109287230570727e-01
1.102962348122886738e-01
3.694077148325813909e-02
-3.908863579499533003e-02
1.172927865753571552e+00
1.222528738378168001e+00
1.236390431041217486e+00
1.216256156875324290e+00
1.166404142607977867e+00
1.093219791225674253e+00
1.004524754220415872e+00
9.087500093503059206e-01
8.140627903973128854e-01
7.275620925505300596e-01
6.546438700795368382e-01
5.986078297082918498e-01
5.605385866227358127e-01
5.394521363000962522e-01
5.326614153944294605e-01
5.362881405361042964e-01
5.458356981101178951e-01
5.567403136133127761e-01
5.648330121873991194e-01
5.666688483784657615e-01
5.597072794646270610e-01
5.423531264083979453e-01
5.138870465549042477e-01
4.743252649135302201e-01
4.242499020043518643e-01
3.646448873465023555e-01
2.967608265015643232e-01
2.220186214956009207e-01
1.419493351825045213e-01
5.815916182974090187e-02
1.226571658305463774e+00
1.285773456756823752e+00
1.309243390846312582e+00
1.298316121427991021e+00
1.256850807202730458e+00
1.190840332000657309e+00
1.107778209757183774e+00
1.015865630297001498e+00
9.231639978181710449e-01
8.368040068070462523e-01
7.623500939193129655e-01
7.033916831313055118e-01
6.613954257872546316e-01
6.358125868954708215e-01
6.243998936771087971e-01
6.236863089683500894e-01
6.295057947203400728e-01
6.375179011159660680e-01
6.436520216273377004e-01
6.444334413145481610e-01
6.371748620702023524e-01
6.200409113418462459e-01
5.920111968191866803e-01
5.527773662893288309e-01
5.026108942325649975e-01
4.422322488060813628e-01
3.727012903249152798e-01
2.953363975396391394e-01
2.116589263084066586e-01
1.233523909149564224e-01
1.223357894383342970e+00
1.288988948191434059e+00
1.319662648384519965e+00
1.316332546814603877e+00
1.282411749915219445e+00
1.223423414255422781e+00
1.146415055453729348e+00
1.059213193112667373e+00
9.696173430776867663e-01
8.846386480789011353e-01
8.098777408178819970e-01
7.491112125108260189e-01
7.041213811410041989e-01
6.747664667913780834e-01
6.592544451279805928e-01
6.545592285462275006e-01
6.569057255374070037e-01
6.622514556470676661e-01
6.667049584463190515e-01
6.668415365812011553e-01
6.599002285372076448e-01
6.438676499485608273e-01
6.174707334000381076e-01
5.801092515128679628e-01
5.317599489975787241e-01
4.728784212682662913e-01
4.043150332777124545e-01
3.272501570744591470e-01
2.431446005677039279e-01
1.536952856187073779e-01
1.165296864837725099e+00
1.234049371077951207e+00
1.269341662814386318e+00
1.271790722707817789e+00
1.244357666708843180e+00
1.192041589337530016e+00
1.121348326455537059e+00
1.039603732756466670e+00
9.542026517130756114e-01
8.718913683322236929e-01
7.981721774449078710e-01
7.368959686613828497e-01
6.900770635198120173e-01
6.579299790053348973e-01
6.390964953715306818e-01
6.310084456427794697e-01
6.303201032994693032e-01
6.333446016809677337e-01
6.364398466544053390e-01
6.363075008657065323e-01
6.301895299224636871e-01
6.159662432617224459e-01
5.921743369773929677e-01
5.579711982761715872e-01
5.130723747734659002e-01
4.576838824504393388e-01
3.924422310571057393e-01
3.183654281717106516e-01
2.368102962387247379e-01
1.494269395037496340e-01
