-4.335937759909966327e-01
-5.982059790939828758e-01
-7.803447331493791328e-01
-9.729174098465354081e-01
-1.166981571799207362e+00
-1.352294124109029827e+00
-1.518061240815716806e+00
-1.653824148789287296e+00
-1.750393177762909813e+00
-1.800729937946381920e+00
-1.800677287197344878e+00
-1.749449368989939524e+00
-1.649818115838042498e+00
-1.507965328455068033e+00
-1.333006734667136595e+00
-1.136231702146080380e+00
-9.301349334373367750e-01
-7.273404800822689253e-01
-5.395307744130694028e-01
-3.764924767346117807e-01
-2.453767567836605823e-01
-1.502458112994804751e-01
-9.194312662893394661e-02
-6.828657642155051832e-02
-7.454590628058314905e-02
-1.041344812304111356e-01
-1.494235697835126775e-01
-2.025786692566883263e-01
-2.563222633390859206e-01
-3.045446632225165540e-01
-3.407039396252452557e-01
-5.007551058747780059e-01
-6.802334978858961545e-01
-8.722409265536932299e-01
-1.067900389450707310e+00
-1.256889800351423947e+00
-1.428188669800689148e+00
-1.570973834255053658e+00
-1.675576262912357173e+00
-1.734397062012630997e+00
-1.742679431803445311e+00
-1.699045110711478790e+00
-1.605727518497223061e+00
-1.468466518568448231e+00
-1.296067412022334331e+00
-1.099664789748775240e+00
-8.917655261114498799e-01
-6.851703684790155791e-01
-4.918871570699211992e-01
-3.221489813717086648e-01
-1.836374317882546181e-01
-8.098609168076995046e-02
-1.560562553743222863e-02
1.416644921176013483e-02
1.262598521815227331e-02
-1.396062519583052275e-02
-5.815286252413295887e-02
-1.121666862431748013e-01
-1.686435791377170201e-01
-2.212783217089576149e-01
-2.345516442869617080e-01
-3.859406362134094048e-01
-5.583871727426104048e-01
-7.453869573873188603e-01
-9.383643738825995229e-01
-1.127174259979213611e+00
-1.300824499377095878e+00
-1.448358484557324077e+00
-1.559811536364044571e+00
-1.627140301988745597e+00
-1.645021495576418413e+00
-1.611426823761048732e+00
-1.527903432848351173e+00
-1.399520971655642043e+00
-1.234483429252186237e+00
-1.043441683788872476e+00
-8.385765465599286372e-01
-6.325478795838721524e-01
-4.374199706828273970e-01
-2.636749802985449698e-01
-1.194147089653497529e-01
-9.827580577473932211e-03
6.303449040593402108e-02
1.001616690054412395e-01
1.052034728641946248e-01
8.385905723773687259e-02
4.312476615793028878e-02
-9.505819886280804376e-03
-6.679616914730474031e-02
-1.223964100740225214e-01
-1.227587396305319795e-01
-2.620450707290022385e-01
-4.236517010869024769e-01
-6.016427751298289994e-01
-7.879607848240468559e-01
-9.728816492760981038e-01
-1.145693649764220723e+00
-1.295544019237304001e+00
-1.412371677765862144e+00
-1.487828665310526377e+00
-1.516088818955021011e+00
-1.494451025479773598e+00
-1.423665001419992748e+00
-1.307937454662746246e+00
-1.154611913718343708e+00
-9.735520690386052500e-01
-7.762916749972432751e-01
-5.750398974867334534e-01
-3.816463713205294761e-01
-2.066333343853353766e-01
-5.839269467446273065e-02
5.737503057974022158e-02
1.379326411702933575e-01
1.834764202925174004e-01
1.968270213868966445e-01
1.828945432845616448e-01
1.479941128607454026e-01
9.910018285425539752e-02
4.312750536317820627e-02
-1.368496101084464706e-02
-1.350354318289273547e-02
-1.381502282899696454e-01
-2.859334401583792928e-01
-4.516218949672100025e-01
-6.278576225831331570e-01
-8.055525982767928195e-01
-9.745072287290403867e-01
-1.124200735823428055e+00
-1.244678416535353049e+00
-1.327444276982294280e+00
-1.366262217786328170e+00
-1.357775747653953369e+00
-1.301874372670512647e+00
-1.201762061618068200e+00
-1.063716077063674659e+00
-8.965588910197714867e-01
-7.108976671787823332e-01
-5.182110856137140953e-01
-3.298791400267850893e-01
-1.562561390339333722e-01
-5.880036602232720233e-03
1.151066310579827445e-01
2.032752151737570179e-01
2.579511956858188682e-01
2.809909178690452869e-01
2.763387184239433081e-01
2.494305785200122139e-01
2.065230421728891930e-01
1.540278362217397945e-01
9.792381937146896198e-02
8.545639300073654132e-02
-2.305021905728033699e-02
-1.550104808593336658e-01
-3.059861754684662927e-01
-4.694529201072314417e-01
-6.371304546030169824e-01
-7.995278714809157528e-01
-9.466611671957321228e-01
-1.068876239709972920e+00
-1.157693808907244160e+00
-1.206586214447089356e+00
-1.211600700119058294e+00
-1.171759094195971906e+00
-1.089187775947313641e+00
-9.689614195787239481e-01
-8.186755335785627086e-01
-6.477924315339751438e-01
-4.668294729501442641e-01
-2.864744135679316850e-01
-1.167187354966154750e-01
3.390467825198814622e-02
1.589075034685082932e-01
2.542058326917282507e-01
3.182315405278447473e-01
3.518016467332156227e-01
3.577788770056459233e-01
3.405777835074415560e-01
3.055838563126494489e-01
2.585567088812231740e-01
2.050827532659390551e-01
1.676902848488982523e-01
7.577533102605449322e-02
-3.939068317550802750e-02
-1.741995664026214641e-01
-3.230404030878734067e-01
-4.785599144680775519e-01
-6.321263863168220531e-01
-7.744624936921817859e-01
-8.963894254577928766e-01
-9.896082767500760102e-01
-1.047437148479015256e+00
-1.065424880182313849e+00
-1.041774539883381312e+00
-9.775300926989403116e-01
-8.765054507117577831e-01
-7.449631464466754949e-01
-5.910767805720085200e-01
-4.242340274564443958e-01
-2.542527922222435621e-01
-9.059041104962646529e-02
5.837609140436564314e-02
1.859313044982935648e-01
2.874148331028008041e-01
3.604002142020217292e-01
4.046576639118864560e-01
4.219227351541774418e-01
4.155126440317961634e-01
3.898452857779523550e-01
3.499214491016343631e-01
3.008282552886388794e-01
2.287826314175767095e-01
1.529620901632088581e-01
5.459922214911172578e-02
-6.351484617811460620e-02
-1.967073870220297782e-01
-3.386152232505356685e-01
-4.815643332896288875e-01
-6.171113090703859161e-01
-7.366988969670218435e-01
-8.323619986750219191e-01
-8.974122285564900547e-01
-9.270295576797360493e-01
-9.186986310361562325e-01
-8.724437813730205882e-01
-7.908384322106070119e-01
-6.787887706897859363e-01
-5.431153753199288170e-01
-3.919771677775252261e-01
-2.341973507869459237e-01
-7.855931695364730405e-02
6.685887559806891201e-02
1.952498100940328607e-01
3.014936253743134564e-01
3.823965914772295416e-01
4.367420634864674911e-01
4.651650518141328683e-01
4.698795300957165355e-01
4.543007703380619877e-01
4.226120840474396068e-01
3.793258922639040631e-01
2.667022605039275351e-01
2.057172498988952269e-01
1.233585443516452551e-01
2.165656767734734645e-02
-9.562815359414940375e-02
-2.231315113740646172e-01
-3.541828591066587539e-01
-4.812537019318399167e-01
-5.965200678700131043e-01
-6.924856505876200163e-01
-7.626040782772434135e-01
-8.018372748846815945e-01
-8.070929404562974252e-01
-7.774968016453609465e-01
-7.144727923504168299e-01
-6.216245239498527919e-01
-5.044318952556006153e-01
-3.697951640470327761e-01
-2.254732831048372743e-01
-7.947234907261808978e-02
6.055717266241364416e-02
1.878592865524170430e-01
2.970014157547100075e-01
3.841611825857691453e-01
4.472551635146285731e-01
4.859109306046665577e-01
5.012995741778958347e-01
4.958586927009134837e-01
4.729441966270969133e-01
4.364525071181228899e-01
2.818133798253640854e-01
2.338819689701681637e-01
1.661314425161973529e-01
7.992114169146558034e-02
-2.183271624680805170e-02
-1.347265767879750331e-01
-2.530898885386743125e-01
-3.703443615638901676e-01
-4.794734484333467717e-01
-5.735595875257568643e-01
-6.463378665546428703e-01
-6.927118745940981093e-01
-7.091808752380066583e-01
-6.941364939221690289e-01
-6.480006339571007246e-01
-5.731926240988440835e-01
-4.739307472705222013e-01
-3.558894182233243164e-01
-2.257467007522369340e-01
-9.066628783620389598e-02
4.223731004443891102e-02
1.664021046343312771e-01
2.762475738469885034e-01
3.674957383026683511e-01
4.373632975006076506e-01
4.846176387391947782e-01
5.095033171504936842e-01
5.135577595812954588e-01
4.993441848612094058e-01
4.701351827254698912e-01
-5.247671047513312592e-01
-7.053808947806323726e-01
-9.026642656153289757e-01
-1.108379024119211520e+00
-1.312356682809395103e+00
-1.503146798762086123e+00
-1.668882024513067996e+00
-1.798284238398345281e+00
-1.881711243895537455e+00
-1.912130192320460109e+00
-1.885904567081712280e+00
-1.803296787120619360e+00
-1.668616736631626463e+00
-1.489984520291123493e+00
-1.278718882402314794e+00
-1.048405725119400111e+00
-8.137386954800203132e-01
-5.892511712943049318e-01
-3.880726161328603152e-01
-2.208402535377531062e-01
-9.487928113709953593e-02
-1.373334259301210725e-02
2.291451546691952723e-02
1.893640990991871109e-02
-1.887936039406454616e-02
-8.171235038143388751e-02
-1.597254549685875324e-01
-2.430888971458351477e-01
-3.228971135069228504e-01
-3.918852935283139716e-01
-4.160856060669645973e-01
-5.900414816381227556e-01
-7.825637277445445239e-01
-9.856546006768152068e-01
-1.189255009796871709e+00
-1.381874774958556040e+00
-1.551452305780110841e+00
-1.686369337264868040e+00
-1.776519984684130415e+00
-1.814318558078594323e+00
-1.795529962118682432e+00
-1.719820765152553887e+00
-1.590956743733438206e+00
-1.416610647999277939e+00
-1.207787478076866705e+00
-9.779183617798541395e-01
-7.417127654057735775e-01
-5.138874259934615996e-01
-3.079053958015953718e-01
-1.348578747212303419e-01
-2.604909254412146602e-03
8.473960791309070872e-02
1.269341912954243812e-01
1.273489623866579656e-01
9.236473851474258367e-02
3.051724719120982310e-02
-4.850212820558901655e-02
-1.348670431863003283e-01
-2.195422903789950864e-01
-2.950203573848276806e-01
-2.919293116458360204e-01
-4.546763925753473101e-01
-6.376313279964416214e-01
-8.332679926812294191e-01
-1.031906791489718644e+00
-1.222307423124401327e+00
-1.392499018991133042e+00
-1.530776825656809947e+00
-1.626767289740318256e+00
-1.672447315962314329e+00
-1.663001391784526772e+00
-1.597413020588000832e+00
-1.478713224513106494e+00
-1.313845661563358469e+00
-1.113150656701373364e+00
-8.895139099078657186e-01
-6.572644514080674405e-01
-4.309357472665200639e-01
-2.240200112863542370e-01
-4.784660422853111855e-02
8.929939672619402469e-02
1.827311347022475552e-01
2.315383108221925057e-01
2.383865163776519025e-01
2.089784837569166887e-01
1.512562243674218931e-01
7.444967773922836485e-02
-1.191069078637183032e-02
-9.890414041406928036e-02
-1.789585500752887137e-01
-1.613640785997522697e-01
-3.092020209236656103e-01
-4.785346359065398292e-01
-6.625084064887931667e-01
-8.520689137621650922e-01
-1.036498820276571031e+00
-1.204195882180531418e+00
-1.343625779931936215e+00
-1.444356931763187024e+00
-1.498067401902581919e+00
-1.499410395297602783e+00
-1.446635600668860100e+00
-1.341887750363409904e+00
-1.191138339436422555e+00
-1.003747242668100226e+00
-7.916929559063221600e-01
-5.685481964511085451e-01
-3.483069402783312563e-01
-1.441859986621533141e-01
3.247324422420039269e-02
1.730897329198283763e-01
2.724270178046520607e-01
3.288259069141110102e-01
3.440764647848876812e-01
3.229625298601354055e-01
2.725487393679168480e-01
2.013065877339468845e-01
1.181888969280039670e-01
3.175991579554185429e-02
-5.052791843597294330e-02
-3.405777927446058950e-02
-1.643999450634252013e-01
-3.170872288297688635e-01
-4.860939930762117056e-01
-6.631939662705164107e-01
-8.384296751017725757e-01
-1.000819065169864297e+00
-1.139241460941794681e+00
-1.243417721600829973e+00
-1.304881798044602581e+00
-1.317835749552555669e+00
-1.279788722509408894e+00
-1.191901611732556931e+00
-1.058990567089415080e+00
-8.891802919729554500e-01
-6.932375399437897823e-01
-4.836515066395434270e-01
-2.735564989670908886e-01
-7.560982931329812695e-02
9.905785195932798048e-02
2.417121821246928648e-01
3.466194091099027985e-01
4.113324482638604507e-01
4.366438348815193660e-01
4.262297162869623790e-01
3.860437149863887862e-01
3.235453153423830663e-01
2.468611050597282475e-01
1.639773071272390970e-01
8.204922678497314492e-02
8.088599457875425558e-02
-3.061525049467792026e-02
-1.648201943728926921e-01
-3.166302300907345435e-01
-4.787940263933256335e-01
-6.422991714377697114e-01
-7.969928472159835131e-01
-9.323823068635952449e-01
-1.038539591835723641e+00
-1.107017080492875616e+00
-1.131673902475912818e+00
-1.109319173692129068e+00
-1.040095846796144530e+00
-9.275565617563050758e-01
-7.784167929566179200e-01
-6.020066315515704147e-01
-4.094763073780686713e-01
-2.128379563049786483e-01
-2.394388067010989884e-02
1.464924962400994957e-01
2.897333224214362346e-01
3.996292070452359679e-01
4.729544347535006854e-01
5.094440350613074209e-01
5.115471239852675822e-01
4.839427282476257974e-01
4.328888574530935784e-01
3.654898310014728091e-01
2.889692856002851196e-01
2.100271920406198145e-01
1.759977697719075085e-01
8.345823661396872817e-02
-3.162840977164159406e-02
-1.651295020358576338e-01
-3.108520868635208934e-01
-4.608525976055685702e-01
-6.059626127270854035e-01
-7.364907935555733420e-01
-8.430362840110929845e-01
-9.173312332256180479e-01
-9.530223420720289607e-01
-9.463046984181475718e-01
-8.963353577838701902e-01
-8.053773930915391066e-01
-6.786545690276573062e-01
-5.239287538789125787e-01
-3.508427785122176235e-01
-1.700970286298569278e-01
7.454402099351428723e-03
1.716946977659019047e-01
3.140325618207879255e-01
4.280116381261461767e-01
5.096874409109506399e-01
5.577462380241373641e-01
5.733705110365223678e-01
5.598839377906614789e-01
5.222316647292502001e-01
4.663661396970593676e-01
3.986134083835469188e-01
3.250894939923320015e-01
2.462419145987063129e-01
1.717087583138063034e-01
7.528885813668394211e-02
-3.983205376405121734e-02
-1.685390906009581746e-01
-3.040167656799351859e-01
-4.381767274931365197e-01
-5.622542090917930224e-01
-6.675199061701617698e-01
-7.460370015478365868e-01
-7.913843727615874624e-01
-7.992679532309308055e-01
-7.679527202412688158e-01
-6.984665292348879451e-01
-5.945516400649357713e-01
-4.623672433685906968e-01
-3.099732793393776276e-01
-1.466491655332662347e-01
1.788197265146009018e-02
1.742442478750032553e-01
3.141362460205500695e-01
4.309250733688589352e-01
5.200548517450951369e-01
5.792398891896211044e-01
6.084379097162320171e-01
6.096232176263363112e-01
5.864004008361514142e-01
5.435136246656748771e-01
4.863131712384234917e-01
4.202392679976230672e-01
2.894277925586682954e-01
2.311156057376893003e-01
1.520361150925592930e-01
5.449704355623821717e-02
-5.742660423873188064e-02
-1.780453410054560204e-01
-3.003873464784488911e-01
-4.166885190858500287e-01
-5.189984957931395027e-01
-5.998446925668605711e-01
-6.528871462216594423e-01
-6.734957079829224647e-01
-6.591881271224913075e-01
-6.098818562688304024e-01
-5.279321887031627192e-01
-4.179521619429304446e-01
-2.864328039915489121e-01
-1.412030781848794547e-01
9.215034462175843155e-03
1.562912321617702105e-01
2.921440515714157082e-01
4.101084508534161843e-01
5.051637870444483092e-01
5.741893168286316129e-01
6.160344619747293304e-01
6.314116084311114374e-01
6.226376075647495067e-01
5.932642231550009360e-01
5.476459841775067616e-01
4.904956056807863729e-01
3.061913770583062355e-01
2.617835105761858738e-01
1.981137890840126703e-01
1.167186605277839850e-01
2.071851517231462769e-02
-8.526829958105228147e-02
-1.953692021461334027e-01
-3.028455307676514718e-01
-4.005938770426172857e-01
-4.817146092159721449e-01
-5.400920830124962269e-01
-5.709280147078121814e-01
-5.711733194475039355e-01
-5.398138597277111206e-01
-4.779806962690192340e-01
-3.888737244690356198e-01
-2.775068588173946194e-01
-1.503010103866422864e-01
-1.456601541324421129e-02
1.220771457731938403e-01
2.522780506441536508e-01
3.694882947062067546e-01
4.683959071333799185e-01
5.452280200504209251e-01
5.979024033876956246e-01
6.260251172790987084e-01
6.307474928226828315e-01
6.145090631703693518e-01
5.807024568619802984e-01
5.333007530836764154e-01
-5.717386010368465943e-01
-7.558986290921947404e-01
-9.549779284689912107e-01
-1.160129426999524149e+00
-1.360606044061049680e+00
-1.544468995488296192e+00
-1.699517060160736781e+00
-1.814354887005896977e+00
-1.879492564932519594e+00
-1.888355114125416678e+00
-1.838081917650025376e+00
-1.730012971920714460e+00
-1.569789625640982678e+00
-1.367038720130592466e+00
-1.134655827881663637e+00
-8.877499036658891285e-01
-6.423523150642951318e-01
-4.140227120858882004e-01
-2.164985654321953112e-01
-6.053223217999621070e-02
4.696102348757000278e-02
1.033564000971907981e-01
1.103335492406385954e-01
7.346249547848585082e-02
1.423192346813081932e-03
-9.503773615888533310e-02
-2.042820338785299172e-01
-3.149462132977410289e-01
-4.169686099163462667e-01
-5.023731717729249535e-01
-4.485107690483267073e-01
-6.237257174804169413e-01
-8.156694530739663218e-01
-1.015783921250315691e+00
-1.213484109686602030e+00
-1.396845746993881754e+00
-1.553526679033916391e+00
-1.671841517825433110e+00
-1.741881760819029568e+00
-1.756558448046960930e+00
-1.712444389585470850e+00
-1.610308795759905154e+00
-1.455267324959095943e+00
-1.256511704404132956e+00
-1.026630260400120953e+00
-7.805781504873194887e-01
-5.343979217650416391e-01
-3.038219048716206405e-01
-1.029037868020597490e-01
5.717487303865348425e-02
1.689966636854434157e-01
2.294072664388833727e-01
2.395761290748013583e-01
2.046257454854884528e-01
1.328872568051197856e-01
3.488278624604201905e-02
-7.783642364697873628e-02
-1.938562635227501219e-01
-3.029389167072596978e-01
-3.968289888521530639e-01
-3.087179689385995407e-01
-4.702803839652044959e-01
-6.501557542320979266e-01
-8.403238041389595736e-01
-1.030649352670432783e+00
-1.209528219933559967e+00
-1.364774592233613859e+00
-1.484673424787787521e+00
-1.559093109110211373e+00
-1.580537161363151144e+00
-1.545012066751544788e+00
-1.452602550597469566e+00
-1.307674161560309134e+00
-1.118662886683833735e+00
-8.974577930788363300e-01
-6.584297430256431660e-01
-4.172012165470646572e-01
-1.892838827294837378e-01
1.127236215292825444e-02
1.730750852541946827e-01
2.883032388301461912e-01
3.532457030477918480e-01
3.684153828384330032e-01
3.382403461762667485e-01
2.703833867205279740e-01
1.747838592075766084e-01
6.254483846952380022e-02
-5.519932842616172286e-02
-1.683064721793634810e-01
-2.684358006466044388e-01
-1.626941268318912726e-01
-3.069275877851188605e-01
-4.707353480526438871e-01
-6.468488556813427603e-01
-8.258413151242869343e-01
-9.967130096596359401e-01
-1.147720381506633469e+00
-1.267378696466530563e+00
-1.345539468522400250e+00
-1.374426319719463496e+00
-1.349509644265748598e+00
-1.270112399963633676e+00
-1.139665513567880373e+00
-9.655687666509116251e-01
-7.586571250259495081e-01
-5.323178838554756265e-01
-3.013450949978508930e-01
-8.064935185243110594e-02
1.160409658490760276e-01
2.773489478747925840e-01
3.951655842755150139e-01
4.652198590171330861e-01
4.872503271282009885e-01
4.647735986973977051e-01
4.044927483349425867e-01
3.154298188430244010e-01
2.078956746622802609e-01
9.242361247219008091e-02
-2.121108505358687557e-02
-1.247837806818981321e-01
-2.135285453004135900e-02
-1.458761038981766511e-01
-2.908307590463068970e-01
-4.498625527844151151e-01
-6.144630653424647537e-01
-7.744795759266831503e-01
-9.188653077507691336e-01
-1.036608017874097953e+00
-1.117746613358249208e+00
-1.154367325322301019e+00
-1.141465988083993466e+00
-1.077572360177139421e+00
-9.650554002175832924e-01
-8.100623345221908966e-01
-6.220851270588232396e-01
-4.131905854171028514e-01
-1.969895410157425086e-01
1.254857030464828771e-02
2.023107739097978475e-01
3.611564526172679757e-01
4.808168780115036900e-01
5.564870476952858969e-01
5.870554816682465038e-01
5.749610192435181677e-01
5.257097355529807281e-01
4.471239259850632308e-01
3.484234241940754595e-01
2.392535915231455701e-01
1.287725882321601456e-01
2.489392376108666427e-02
1.051386126771989837e-01
1.305020862284143879e-03
-1.233561729396595169e-01
-2.635053994305092684e-01
-4.117001867303962670e-01
-5.588196538579557338e-01
-6.947205762552037811e-01
-8.090724463162775049e-01
-8.922917223559378996e-01
-9.364770833041329290e-01
-9.362409608910240433e-01
-8.893392290926409594e-01
-7.970201891525947602e-01
-6.640436770543876044e-01
-4.983576408257070489e-01
-3.104584084523269172e-01
-1.124973066748007622e-01
8.277421712102633888e-02
2.631099784355498405e-01
4.178082138606908358e-01
5.385760069737643985e-01
6.201317745376133672e-01
6.604903768679881715e-01
6.609135989261019084e-01
6.255483186467707402e-01
5.608103327514231129e-01
4.745987555224870369e-01
3.754406285157537715e-01
2.716662375684180120e-01
1.707031484168396729e-01
2.085603896134491930e-01
1.250514105555589339e-01
2.080528986280286152e-02
-9.988757535101139284e-02
-2.307289639578790075e-01
-3.637476258911836458e-01
-4.898519438766071876e-01
-5.995580880264901324e-01
-6.838256914012394994e-01
-7.349149105737331489e-01
-7.471708469128883756e-01
-7.176450944395864617e-01
-6.464794322686999717e-01
-5.370016287475247729e-01
-3.955149377571770541e-01
-2.307972712441319629e-01
-5.335901106508973007e-02
1.254640653329387179e-01
2.944876213810904697e-01
4.436227898229224698e-01
5.646895685143593635e-01
6.520181688938933018e-01
7.027829405884211678e-01
7.170458199928171350e-01
6.975206158063982365e-01
6.491012743357715831e-01
5.782223271542916709e-01
4.921347841512909160e-01
3.981841030860779895e-01
3.031686685070496545e-01
2.835200073725290815e-01
2.188273748729465673e-01
1.339667810598969555e-01
3.220764648130806929e-02
-8.130565738789855001e-02
-1.998000648466836116e-01
-3.153202289266762715e-01
-4.193430162360409219e-01
-5.035045279619271286e-01
-5.603665614019590624e-01
-5.841404959124678609e-01
-5.712876991731754561e-01
-5.209267583770129662e-01
-4.349978449880438358e-01
-3.181608833457043040e-01
-1.774336890548763590e-01
-2.160528438745601409e-02
1.395153309560594745e-01
2.959366058735268812e-01
4.383208379838703372e-01
5.587337303514365860e-01
6.512327930877814808e-01
7.122404224552174590e-01
7.406736721059419271e-01
7.378315214817678935e-01
7.070680437769714111e-01
6.533026542824751370e-01
5.824336832628231875e-01
5.007271597253621920e-01
4.142486684657545881e-01
3.278812175283965513e-01
2.796573198287595763e-01
2.122728222371793594e-01
1.280576650613646505e-01
3.105417898484905126e-02
-7.314669426965918209e-02
-1.777487138575648273e-01
-2.752509151627556827e-01
-3.580621675025824069e-01
-4.191699143286538587e-01
-4.527936789445586308e-01
-4.549526455872346387e-01
-4.238839896718211153e-01
-3.602637751825113477e-01
-2.672033128630983967e-01
-1.500183133691661008e-01
-1.579302992048647186e-02
1.272160982774305504e-01
2.702756554657382848e-01
4.048977228557777419e-01
5.235164259116249497e-01
6.200522403586650189e-01
6.903121781299530468e-01
7.321940911180189193e-01
7.456865038736724127e-01
7.326785913298088371e-01
6.966151524940782380e-01
6.420461616064983001e-01
5.741280248565672206e-01
4.981334626958262013e-01
3.427011639792937880e-01
3.081120596308718484e-01
2.557394783789349590e-01
1.870949770215211971e-01
1.052196212246471196e-01
1.459275637537867099e-02
-7.911641082208718811e-02
-1.694409716091097862e-01
-2.496204312484442411e-01
-3.131697983921314377e-01
-3.544567389310270822e-01
-3.692266362293874504e-01
-3.550193149372969925e-01
-3.114318102663415910e-01
-2.401976012909215474e-01
-1.450722366470297842e-01
-3.153594442457723773e-02
9.365678116927933505e-02
2.230347210985714757e-01
3.490181065342364275e-01
4.645168118891159215e-01
5.634607086578766744e-01
6.412135350061338723e-01
6.948360829845823261e-01
7.231823155472156817e-01
7.268309114601239074e-01
7.078723025222948273e-01
6.695853512047917899e-01
6.160468021609315503e-01
5.517196937398334278e-01
-5.515027193095600744e-01
-7.265616834448793693e-01
-9.148075890754110429e-01
-1.107457558171929257e+00
-1.293929488105380887e+00
-1.462558500222891578e+00
-1.601529327879990916e+00
-1.699941963993673033e+00
-1.748902087796077698e+00
-1.742514278160542940e+00
-1.678657501293584930e+00
-1.559439496916473322e+00
-1.391257990369239694e+00
-1.184438687956959058e+00
-9.524678305730711614e-01
-7.108848715716691302e-01
-4.759426254673870815e-01
-2.631725699531214380e-01
-8.600765953179509427e-02
4.538840364721262455e-02
1.249582293587659654e-01
1.511648200541664266e-01
1.269430061112187813e-01
5.920367760913892996e-02
-4.204051294496646829e-02
-1.648153165212785376e-01
-2.964497546280210338e-01
-4.248155048701539593e-01
-5.394021223431763046e-01
-6.321191985149072767e-01
-4.143278805097286299e-01
-5.782062221010741965e-01
-7.569916484518124378e-01
-9.422406562140124286e-01
-1.123589088801506763e+00
-1.289445515716429957e+00
-1.427913118545364846e+00
-1.527859148357448182e+00
-1.580023647641437323e+00
-1.578043992280622199e+00
-1.519271817137144875e+00
-1.405274886006462998e+00
-1.241947094717849476e+00
-1.039191682637245817e+00
-8.101909364358130805e-01
-5.703243283263044194e-01
-3.358400488860765476e-01
-1.224166970365857671e-01
5.623189748180515424e-02
1.895577102909714873e-01
2.710549348093854727e-01
2.987183471916286526e-01
2.750394454969088409e-01
2.065513823064779597e-01
1.029875031009233055e-01
-2.383674575115582450e-02
-1.612790129363840808e-01
-2.971124057453675693e-01
-4.206152200441749534e-01
-5.233968498322971730e-01
-2.609120418486362003e-01
-4.090466896507689021e-01
-5.736144186359257713e-01
-7.467601102460073026e-01
-9.186237176736642418e-01
-1.077989036217534835e+00
-1.213168693624742556e+00
-1.313048680604778529e+00
-1.368187385677587020e+00
-1.371847557706601828e+00
-1.320837955403170838e+00
-1.216055680463368871e+00
-1.062649162048991069e+00
-8.697622714137507316e-01
-6.498673096092280055e-01
-4.177428628617462225e-01
-1.891957249994132007e-01
2.034133095585069495e-02
1.971866210207094405e-01
3.306123751565211988e-01
4.137427646217335386e-01
4.440515831203203923e-01
4.234113961971215367e-01
3.576996848899228199e-01
2.560204095696985704e-01
1.296442071323696266e-01
-9.199189703713250843e-03
-1.485309788106393136e-01
-2.776986731154356125e-01
-3.882061747935953155e-01
-1.026504490746517062e-01
-2.316610805711706855e-01
-3.783415036922912478e-01
-5.356355088479120008e-01
-6.944402779485827626e-01
-8.441915905172314716e-01
-9.736875590288505133e-01
-1.072080759344025802e+00
-1.129939940811979238e+00
-1.140264868675065379e+00
-1.099334412437684705e+00
-1.007279944180045517e+00
-8.683025232722314524e-01
-6.904903064611895847e-01
-4.852376387227550492e-01
-2.663138538689188151e-01
-4.867212833581899267e-02
1.528786455024875035e-01
3.249974521346609690e-01
4.569869860018768715e-01
5.416943384620231949e-01
5.760409922737637078e-01
5.611306559832263119e-01
5.019341823432463823e-01
4.066013983095384532e-01
2.854931626171209880e-01
1.500572725847768019e-01
1.168478566299287202e-02
-1.193226017023448354e-01
-2.345667797203042082e-01
4.857642939510005420e-02
-5.935910468715265703e-02
-1.858309791215744800e-01
-3.247375313701965083e-01
-4.679341688795361498e-01
-6.057401699154802976e-01
-7.276807303432735186e-01
-8.234025520845293933e-01
-8.836729493949910808e-01
-9.013541110838083625e-01
-8.722389523530986732e-01
-7.956442664624980843e-01
-6.746799930554578939e-01
-5.161478124687632896e-01
-3.300638731901887057e-01
-1.288441815318975281e-01
7.376841979592679843e-02
2.639248387958316733e-01
4.289078334047707330e-01
5.582538339397216109e-01
6.446373182045475048e-01
6.844243193715866536e-01
6.778412348212605743e-01
6.287514811320280561e-01
5.440795225120218515e-01
4.329629333575424899e-01
3.057427135430930143e-01
1.729160157695514011e-01
4.417213659222826716e-02
-7.238683151352409695e-02
1.818512443220339780e-01
9.543990588999815006e-02
-9.946283445923471966e-03
-1.292507855564734576e-01
-2.554229549224822926e-01
-3.798367960633861062e-01
-4.929362885626631940e-01
-5.850553395868725026e-01
-6.473331324534949971e-01
-6.726270288271418707e-01
-6.563183372923531156e-01
-5.969126503874087053e-01
-4.963557189920229651e-01
-3.600158637326120181e-01
-1.963211512992009966e-01
-1.607944357134920288e-02
1.684529946473276862e-01
3.446581274060395161e-01
5.006823492617797910e-01
6.264808726841970543e-01
7.146679890787241973e-01
7.610838912666078038e-01
7.650229252508862210e-01
7.291091259173965167e-01
6.588472201784156823e-01
5.619151562768760488e-01
4.472924004193940539e-01
3.243329137265988926e-01
2.018911571867076371e-01
8.759435704042503601e-02
2.885133034097456250e-01
2.226765367155359998e-01
1.378829427853261180e-01
3.812127404750267901e-02
-7.071640377153676216e-02
-1.811615089274305479e-01
-2.847087990725958306e-01
-3.725278086541842226e-01
-4.362787287743264963e-01
-4.689471569275351914e-01
-4.656038904916992571e-01
-4.239994142176632397e-01
-3.449178744925645579e-01
-2.322404939679875990e-01
-9.270057167796781628e-02
6.465248866736877931e-02
2.292286409998501306e-01
3.898321624928327012e-01
5.356568251810276404e-01
6.572344559444798229e-01
7.472354980814224223e-01
8.010380843555915398e-01
8.170103373399872915e-01
7.964855043335472562e-01
7.434464602050878668e-01
6.639700371562828884e-01
5.655079090150763044e-01
4.560958473245441680e-01
3.435852925440168737e-01
2.349806143314834839e-01
3.630858326977157713e-01
3.157283072980291982e-01
2.498845772321779957e-01
1.685164478690553969e-01
7.636206339207371463e-02
-2.030064089815168324e-02
-1.140860739041592298e-01
-1.970977480589458097e-01
-2.616351573138212538e-01
-3.009384496534743825e-01
-3.098892255736640511e-01
-2.855865133967847580e-01
-2.277279651476284972e-01
-1.387464060865342963e-01
-2.367867643218619922e-02
1.102260324598137442e-01
2.541211424221693216e-01
3.983377327931009737e-01
5.332376998829910786e-01
6.500540280035669305e-01
7.416290933515765627e-01
8.029746846256697879e-01
8.315994665183508161e-01
8.275780867086033332e-01
7.933672402493676667e-01
7.334035375340357543e-01
6.535419576161092259e-01
5.604088351174341120e-01
4.607479244689824394e-01
3.608319812885702471e-01
4.036996165722626095e-01
3.719346371649313587e-01
3.225710390481398848e-01
2.576374563789294858e-01
1.807835081550160372e-01
9.712682051916801673e-02
1.292480922799281451e-02
-6.490777391495244908e-02
-1.293934665418859931e-01
-1.741400160052453683e-01
-1.939726568765934023e-01
-1.854800839796150180e-01
-1.474105188385556042e-01
-8.086938213968458689e-02
1.070852683785274151e-02
1.218143657213730247e-01
2.453244105838363609e-01
3.731161615099620188e-01
4.967767040378643917e-01
6.083284567974069912e-01
7.008961951073835461e-01
7.692471395898083930e-01
8.101519500809273300e-01
8.225365781728284365e-01
8.074201636855351527e-01
7.676591135054711135e-01
7.075388213381603730e-01
6.322693842021795962e-01
5.474483689381641760e-01
4.585517000474020333e-01
4.119756333028236628e-01
3.925206861586095775e-01
3.567086905173251221e-01
3.057670478229849720e-01
2.423694326415876676e-01
1.705558328033445759e-01
9.549938812828578927e-02
2.313211998005963721e-02
-4.033998918545798201e-02
-8.898662155635593540e-02
-1.177111318851417066e-01
-1.227568785763457765e-01
-1.021053631483457708e-01
-5.572016119751506402e-02
1.439314336314506670e-02
1.043207921732797749e-01
2.085568296295551849e-01
3.204694028666273398e-01
4.328690114684587420e-01
5.386194385519451622e-01
6.312281907403156644e-01
7.053568336156041951e-01
7.572021553672025895e-01
7.847152329834705675e-01
7.876450682457027952e-01
7.674138925167444114e-01
7.268498027500569503e-01
6.698166916278349703e-01
6.007897602815850391e-01
5.244264855397495761e-01
-4.573748435959840708e-01
-6.127673615806366048e-01
-7.803745991948363159e-01
-9.521465102255717294e-01
-1.118360042656825648e+00
-1.268290168966812015e+00
-1.391085997490969950e+00
-1.476774054124769808e+00
-1.517285812035799264e+00
-1.507393118882977445e+00
-1.445436039411645668e+00
-1.333743582551748741e+00
-1.178677536799812575e+00
-9.902700065764404869e-01
-7.814715295787433291e-01
-5.670732359070036477e-01
-3.624075062497390531e-01
-1.819615759820621681e-01
-3.805322737188092386e-02
6.028544259567722441e-02
1.080915725093005153e-01
1.048353783143891327e-01
5.432667664589815870e-02
-3.581853884514762942e-02
-1.550809562454794066e-01
-2.911959020632461925e-01
-4.314238910150482442e-01
-5.637828432534670586e-01
-6.781034041078159991e-01
-7.667996446448219761e-01
-3.066534205126938972e-01
-4.489319494033568447e-01
-6.051202319934463336e-01
-7.675567612930536132e-01
-9.267883534477157070e-01
-1.072215760085399205e+00
-1.192956954802796732e+00
-1.278852112609127234e+00
-1.321507675461092379e+00
-1.315261782203123175e+00
-1.257952668679578556e+00
-1.151386392810619164e+00
-1.001429273062204972e+00
-8.176906346491428224e-01
-6.128081463505852255e-01
-4.013955170639709191e-01
-1.987546128757303188e-01
-1.948557646629394541e-02
1.238551801109068762e-01
2.219009124480708639e-01
2.692963877926032867e-01
2.651043866351125988e-01
2.127547061420850816e-01
1.195486788076146334e-01
-4.213972729338537337e-03
-1.463742398815846557e-01
-2.941777034403170177e-01
-4.355121648598561102e-01
-5.599790567010507480e-01
-6.596884211656435237e-01
-1.413860142342628912e-01
-2.663846175956876006e-01
-4.068151355114179024e-01
-5.556368255956636304e-01
-7.039326510063759201e-01
-8.415090310308146471e-01
-9.577212990312315988e-01
-1.042453209773759326e+00
-1.087151159873034123e+00
-1.085797197966202665e+00
-1.035702498561071216e+00
-9.380159265830079196e-01
-7.978696895192372018e-01
-6.241229299719397439e-01
-4.287099106515848690e-01
-2.256466006773999722e-01
-2.979203802894039160e-02
1.445067726435225186e-01
2.847399987266867050e-01
3.813836312678020035e-01
4.287433124298823950e-01
4.253997752789220876e-01
3.742096349632911823e-01
2.818690702814565796e-01
1.581009732726708084e-01
1.457097503027450502e-02
-1.363320698923398411e-01
-2.827043667591133680e-01
-4.141866294685341843e-01
-5.227647387151469482e-01
2.620468779124984771e-02
-7.863779285050184753e-02
-2.001661902898445311e-01
-3.321518273343675998e-01
-4.664446183645556410e-01
-5.935092019576175826e-01
-7.031896861535571475e-01
-7.856378385378379736e-01
-8.323114602810284257e-01
-8.369319323321633419e-01
-7.962857007321568759e-01
-7.107651274611537229e-01
-5.845689776315003972e-01
-4.255191907268631168e-01
-2.444942325234537306e-01
-5.452491568672489242e-02
1.303596348239330627e-01
2.964156741471924428e-01
4.314592355551761238e-01
5.259902211312366127e-01
5.740406892656568782e-01
5.736535168651326622e-01
5.269417361558610402e-01
4.397297746611504854e-01
3.208286847176066159e-01
1.810411038678951257e-01
3.202188413043834114e-02
-1.148672322319389261e-01
-2.495773665083747261e-01
-3.641597477604437416e-01
1.835616036495109904e-01
1.002469799780232318e-01
-6.570232367777359417e-04
-1.138690787136301952e-01
-2.321838318849186178e-01
-3.469307924663719289e-01
-4.486593888225411941e-01
-5.279932709411938596e-01
-5.765691115347968410e-01
-5.879566262702662360e-01
-5.584505210342411985e-01
-4.876330833789335184e-01
-3.786277449556200714e-01
-2.379968581281953766e-01
-7.527729411980597918e-02
9.780964924242810388e-02
2.683975400582413462e-01
4.236548934443370995e-01
5.519781487469341830e-01
6.440655463354976185e-01
6.937522327067593420e-01
6.985145811527164739e-01
6.595914567769698422e-01
5.817168814188917736e-01
4.725059495833350831e-01
3.415772744786079174e-01
1.995247934919644750e-01
5.686526121131388334e-02
-7.691646372060709225e-02
-1.941229955074016689e-01
3.193217761906041452e-01
2.573702487030555264e-01
1.773369554331452602e-01
8.348532025378777033e-02
-1.803728831524922110e-02
-1.195727183775269903e-01
-2.125436958027226431e-01
-2.882165494565926966e-01
-3.385606432056031956e-01
-3.571112903942977312e-01
-3.397352656955376915e-01
-2.852032035474980076e-01
-1.954910467577601618e-01
-7.576140594410635254e-02
6.598815346093811485e-02
2.195836807005918656e-01
3.735767268577628308e-01
5.162953863399790677e-01
6.369305283282895580e-01
7.265371590231446408e-01
7.788396708025924209e-01
7.907527202451096748e-01
7.625639200790714778e-01
6.977659953480779276e-01
6.025689300673882087e-01
4.851609253630002061e-01
3.548152685423747177e-01
2.209545151994004586e-01
9.228194283301011103e-02
-2.392619332328192044e-02
4.246630053527254423e-01
3.825215599559023127e-01
3.222490361302844941e-01
2.470865479859841174e-01
1.620789748604581360e-01
7.379044852004322530e-02
-1.018628147637577058e-02
-8.188925568861007975e-02
-1.337527292428209447e-01
-1.593971117115546288e-01
-1.543528640534953811e-01
-1.166301331395245555e-01
-4.705978563636672996e-02
5.064450379503161737e-02
1.701221569449246906e-01
3.028838500012485668e-01
4.390622611552002508e-01
5.683170296503328167e-01
6.807958532630282722e-01
7.680457476013058393e-01
8.237737059132297368e-01
8.443739574025204142e-01
8.291675930808473094e-01
7.803358141586826946e-01
7.025656508003514933e-01
6.024614577895281986e-01
4.878019576507439115e-01
3.667374007779355960e-01
2.470227124951373532e-01
1.353706386796622585e-01
4.942484014663428016e-01
4.692726465314273621e-01
4.265596054925166469e-01
3.683841573301501748e-01
2.987098070017675799e-01
2.229903274576583438e-01
1.477815724016127985e-01
8.019073952837224573e-02
2.721375928195826632e-02
-4.970343961451337278e-03
-1.166915409883528126e-02
9.768655438287879300e-03
5.958346462359173645e-02
1.354697762301841357e-01
2.327004172153129269e-01
3.445041577122752163e-01
4.626610112992217139e-01
5.782531687311809332e-01
6.824903488245832595e-01
7.675189341434078827e-01
8.271260117531047396e-01
8.572623351880761522e-01
8.563307189245779050e-01
8.252155418147282262e-01
7.670609138563968532e-01
6.868352210589483420e-01
5.907439828628204825e-01
4.855679116949710994e-01
3.780069002990331661e-01
2.741033182819728187e-01
5.266289532658343653e-01
5.154749741323843004e-01
4.873890237639004197e-01
4.437848197396804806e-01
3.876217332674293803e-01
3.232853808484150160e-01
2.562975760601732822e-01
1.928734451574106723e-01
1.393645211229980752e-01
1.016438231297232542e-01
8.449971436410358416e-02
9.110798261884159310e-02
1.226454812924497595e-01
1.780943601442990798e-01
2.542650555292819137e-01
3.460413202553532241e-01
4.468247261006663140e-01
5.491325122056793795e-01
6.452843974629900448e-01
7.281034304870392937e-01
7.915545808113915172e-01
8.312528678662998161e-01
8.447893967891153544e-01
8.318465443729821107e-01
7.940996054716391583e-01
7.349278622391137716e-01
6.589797156549872525e-01
5.716512801729831672e-01
4.785438562678994701e-01
3.849625444227336435e-01
5.240708065966330764e-01
5.231176755980841975e-01
5.063902365908314884e-01
4.745798469048405077e-01
4.297611018313959863e-01
3.753405709921048272e-01
3.158558509099196887e-01
2.566343226749663864e-01
2.033394021078245295e-01
1.614479448991529564e-01
1.357135125157690192e-01
1.296747478090244099e-01
1.452653580320475146e-01
1.825723364524680092e-01
2.397731878929305060e-01
3.132629572785086691e-01
3.979602322631228262e-01
4.877606782129748075e-01
5.760896530696988371e-01
6.564942129709634422e-01
7.232108261321752440e-01
7.716489120603760021e-01
7.987414361872176016e-01
8.031307342933458049e-01
7.851782085587100113e-01
7.468077109375210743e-01
6.912114032826039978e-01
6.224611158959780788e-01
5.450759497730572889e-01
4.635973713116537387e-01
-3.042038722831161279e-01
-4.328339992748671539e-01
-5.736537358015694199e-01
-7.198700945082183722e-01
-8.631426535173467585e-01
-9.941652667424174528e-01
-1.103438638806782279e+00
-1.182165101137596430e+00
-1.223173222107793112e+00
-1.221766515577735523e+00
-1.176390143823041301e+00
-1.089023067855780846e+00
-9.652296010302661156e-01
-8.138409917703988139e-01
-6.462802587665981147e-01
-4.755868387239273187e-01
-3.152361655409335328e-01
-1.778779024878966719e-01
-7.413101639165907419e-02
-1.157162971298388715e-02
5.969916411411452239e-03
-2.127867110551227500e-02
-8.914510379050379074e-02
-1.900348884922539727e-01
-3.137954932369590999e-01
-4.488136595528146033e-01
-5.832106071773348610e-01
-7.059921484890012700e-01
-8.080229079904230893e-01
-8.827237186516538880e-01
-1.414806755588963461e-01
-2.555880359358249088e-01
-3.836328506613106426e-01
-5.192524502417870114e-01
-6.544167931432289809e-01
-7.799828151999439463e-01
-8.864525214633776073e-01
-9.648682006542379508e-01
-1.007752765499351000e+00
-1.009988104033456180e+00
-9.695223612265730928e-01
-8.878093845404051443e-01
-7.699093307478195314e-01
-6.242159452075179971e-01
-4.618190537866335710e-01
-2.955550976341992930e-01
-1.388384510729275823e-01
-4.396450339645405214e-03
9.695283859422412776e-02
1.573418419701321236e-01
1.725937281941042623e-01
1.425759352979408812e-01
7.112736698916816147e-02
-3.442819606840311769e-02
-1.641188764050772741e-01
-3.064054343772452671e-01
-4.493717608698037380e-01
-5.818818047825558004e-01
-6.945705183500001656e-01
-7.805652892918111263e-01
3.309525479555831817e-02
-6.289251867697304155e-02
-1.744010034598288961e-01
-2.956998483665506661e-01
-4.193016479188108048e-01
-5.364707815248319633e-01
-6.379447633349628610e-01
-7.148056701715259642e-01
-7.594126802013450028e-01
-7.662900907429603947e-01
-7.328614588641935157e-01
-6.599310493351351337e-01
-5.518379473926615653e-01
-4.162434720822152379e-01
-2.635548065134440399e-01
-1.060318700368187289e-01
4.333522389353627879e-02
1.720596287335527108e-01
2.693661177530863871e-01
3.272372974021367509e-01
3.411770414735603718e-01
3.106028428846445144e-01
2.388232954229961846e-01
1.326078871373262136e-01
1.406739281504983119e-03
-1.436793455880759351e-01
-2.910494302273238798e-01
-4.297339863312976682e-01
-5.503769402560887425e-01
-6.459646193502304179e-01
2.067739095400333293e-01
1.311614458308887621e-01
3.870804632958299574e-02
-6.564836471403773244e-02
-1.751590576430413215e-01
-2.817123725692692315e-01
-3.764981618486437087e-01
-4.508324757513190173e-01
-4.970590714450790482e-01
-5.094264165959261348e-01
-4.848333160972840838e-01
-4.233446230133437460e-01
-3.284003033990843812e-01
-2.066741410762891473e-01
-6.757874401428554112e-02
7.754370121464448928e-02
2.164657331468982648e-01
3.372433513352082746e-01
4.293798801551335087e-01
4.848527181519660112e-01
4.988845758764541283e-01
4.703702424094581835e-01
4.019115098962699473e-01
2.994612587905423062e-01
1.716262375903525594e-01
2.871983330292156300e-02
-1.183149884525036555e-01
-2.589806159118236417e-01
-3.841724958408400670e-01
-4.868985035867888778e-01
3.666462811578962144e-01
3.121486207399898904e-01
2.398391134809529923e-01
1.537579541947682316e-01
5.977045771419645104e-02
-3.480837155908751007e-02
-1.218048868284267588e-01
-1.929447878636820768e-01
-2.407023590766423082e-01
-2.591464947529105167e-01
-2.446817446501859672e-01
-1.965884383959138337e-01
-1.172847607300869788e-01
-1.226351242595327684e-02
1.103062824072240100e-01
2.402823669378639782e-01
3.664880571169063517e-01
4.777870686262423727e-01
5.641751006176607408e-01
6.177639836916990479e-01
6.335450215464701884e-01
6.098438420858416364e-01
5.484166106288275166e-01
4.541819805890479622e-01
3.346285553742187613e-01
1.989774356924346455e-01
5.720782843468466550e-02
-8.093342292301083929e-02
-2.068218295834775011e-01
-3.136485718581453197e-01
5.012058948733499886e-01
4.670548370012370110e-01
4.145351365267918586e-01
3.467454250996831466e-01
2.685833743496285342e-01
1.864493691428558975e-01
1.077404760136767836e-01
4.017469146348434661e-02
-8.988242542411789548e-03
-3.374398095922714197e-02
-3.006430560325189238e-02
3.549746226888403355e-03
6.575816210483644009e-02
1.523654311222495950e-01
2.566133830488603329e-01
3.697624633172156838e-01
4.819046602037395099e-01
5.829213864721758398e-01
6.634797576088149462e-01
7.159538618009000377e-01
7.351651322334151750e-01
7.188572569652018629e-01
6.678536812297406478e-01
5.858854229432470806e-01
4.791181792967546538e-01
3.554446740313547681e-01
2.236355184228746018e-01
9.245560610939651536e-02
-3.014854070074227468e-02
-1.377012766465388061e-01
6.017085673945128388e-01
5.858137135465011358e-01
5.514437192785537345e-01
5.007730056178292255e-01
4.377102536601279459e-01
3.676827000604744877e-01
2.972212167446478537e-01
2.333769929379860830e-01
1.830256345575361487e-01
1.521336325648298682e-01
1.450723630230706662e-01
1.640642085456434918e-01
2.088336563784927158e-01
2.765144895825616400e-01
3.618349793022317407e-01
4.575698929565399919e-01
5.552153430202937390e-01
6.458142865569056479e-01
7.208406658191908178e-01
7.730416096408585513e-01
7.971412558499169076e-01
7.903263906039013076e-01
7.524612574056577241e-01
6.860130071807004626e-01
5.957056371347033696e-01
4.879537262411874354e-01
3.701529923042562453e-01
2.499190083204551605e-01
1.343664845435526001e-01
2.950967354843148094e-02
6.631086073127139269e-01
6.623844194604324720e-01
6.435325808566614292e-01
6.078750072786345271e-01
5.583685610382906894e-01
4.994665784379827556e-01
4.367955662912400561e-01
3.766688120496918812e-01
3.254818386844257616e-01
2.890532582744288481e-01
2.719857501098968955e-01
2.771237264577356973e-01
3.051761468483450979e-01
3.545556539132650453e-01
4.214607373571006010e-01
5.001989844653411676e-01
5.837202550265951917e-01
6.643025998733682602e-01
7.343143897053447944e-01
7.869661312084121896e-01
8.169663578165065054e-01
8.210078974259236162e-01
7.980323120543229010e-01
7.492485340931211990e-01
6.779127863624483386e-01
5.889063587188574367e-01
4.881714966614088547e-01
3.820802011068548110e-01
2.768142797233225094e-01
1.778274699834746786e-01
6.844327881087748366e-01
6.952108411070800909e-01
6.886338830101015329e-01
6.652853626906933826e-01
6.272560243903764210e-01
5.780750889558792238e-01
5.224739792820818352e-01
4.659958699475931776e-01
4.144853287045646151e-01
3.735100032100051592e-01
3.477780348757193440e-01
3.406187946867141880e-01
3.535898397992486286e-01
3.862600604190555287e-01
4.361993108144709974e-01
4.991807961744278432e-01
5.695771261431337162e-01
6.409074874829749913e-01
7.064749005951740379e-01
7.600215025833583216e-01
7.963278136175973021e-01
8.116893831088680678e-01
8.042201720779214025e-01
7.739543731751050704e-01
7.227439976981064884e-01
6.539748401996874350e-01
5.721447706730451443e-01
4.823627302304442366e-01
3.898324754581034557e-01
2.993816279048371887e-01
6.685626254366514587e-01
6.870233881439604673e-01
6.892693197240866709e-01
6.752866021582635270e-01
6.464203125568603880e-01
6.053645741440072392e-01
5.560045812957632450e-01
5.031163380235168514e-01
4.519484833534339052e-01
4.077269696219136264e-01
3.751352267294661424e-01
3.578280008996066464e-01
3.580353672762591755e-01
3.763045237878029359e-01
4.114118819351446632e-01
4.604585050573691274e-01
5.191405219613809408e-01
5.821654666719853211e-01
6.437682159353887990e-01
6.982685756981319436e-01
7.406081666361283844e-01
7.668077009385896314e-01
7.742965906249454910e-01
7.620836024797379427e-01
7.307576348449618120e-01
6.823287630815040306e-01
6.199385149341098966e-01
5.474823068669685266e-01
4.691943173095807773e-01
3.892451092924748002e-01
-1.247921256246032062e-01
-2.234733466558048443e-01
-3.348475098435048092e-01
-4.536641281445748519e-01
-5.732513037222184415e-01
-6.859819864752223495e-01
-7.839141869259036444e-01
-8.595484740397298928e-01
-9.066241682507798494e-01
-9.208624691384350580e-01
-9.005628855327778570e-01
-8.469698061899173513e-01
-7.643482146104059183e-01
-6.597391319890721917e-01
-5.424027240871166500e-01
-4.229955586037210669e-01
-3.125632937463938554e-01
-2.214563812701088319e-01
-1.582902759171668783e-01
-1.290706525964891438e-01
-1.365875857194044918e-01
-1.801519939375176571e-01
-2.557064518419243093e-01
-3.562960399663944733e-01
-4.728396663637812747e-01
-5.951048204900837302e-01
-7.127646542056345069e-01
-8.164093094495941116e-01
-8.983945123041601200e-01
-9.534376430918631851e-01
4.578327671657150821e-02
-3.766697689631121754e-02
-1.356432286782542074e-01
-2.433511471126747483e-01
-3.544520109624794690e-01
-4.615005607849251290e-01
-5.565700132433941683e-01
-6.320096296939952119e-01
-6.812565887246966323e-01
-6.996089531812961226e-01
-6.848630305495719828e-01
-6.377276496720840626e-01
-5.619493183791723911e-01
-4.641136814133557387e-01
-3.531265207900695646e-01
-2.394170857238707706e-01
-1.339427192805480171e-01
-4.710165786583087044e-02
1.232357483685339594e-02
3.806926854278872008e-02
2.703259914466472902e-02
-2.042491089988192343e-02
-1.005491254926565159e-01
-2.066300475255919977e-01
-3.297473888635875650e-01
-4.597301385674588126e-01
-5.862099017224369213e-01
-6.996394417595135362e-01
-7.921577472723804192e-01
-8.582092206783997757e-01
2.250917601624730646e-01
1.598156007579716320e-01
7.834413696679184969e-02
-1.514844329165752901e-02
-1.148466328376049755e-01
-2.136879519571972252e-01
-3.039541135924326287e-01
-3.780082662584445252e-01
-4.291026641550437226e-01
-4.521645554640120190e-01
-4.444628437821535605e-01
-4.060656114848226750e-01
-3.400185861640200313e-01
-2.522050320110239552e-01
-1.508848192898246676e-01
-4.594997445235822486e-02
5.202924853958418305e-02
1.328647698493677920e-01
1.877975546172685473e-01
2.104087525712926010e-01
1.972865013929629707e-01
1.483680328195717824e-01
6.691631223560426389e-02
-4.086376968666043108e-02
-1.665190059800362166e-01
-3.002617913767513524e-01
-4.319886087280692122e-01
-5.522776463039584804e-01
-6.532482921281475008e-01
-7.291897006668914827e-01
4.002710874041181532e-01
3.547810620667702364e-01
2.916925980543894625e-01
2.144369182552363640e-01
1.281514586223078678e-01
3.934152350726489999e-02
-4.466034180993631170e-02
-1.163919872457257754e-01
-1.690453901871842302e-01
-1.972477025386670524e-01
-1.977438281129280107e-01
-1.698902372875538691e-01
-1.158876154950006510e-01
-4.070840551835011589e-02
4.828898427219389944e-02
1.420289854582831857e-01
2.306039445085407147e-01
3.042793181663481783e-01
3.545046574894623603e-01
3.748120079640749336e-01
3.614946108171548933e-01
3.139844393692338143e-01
2.348841319419078810e-01
1.296524493731905925e-01
5.986430596675737514e-03
-1.270184480616051159e-01
-2.598222678842173616e-01
-3.833899999871265840e-01
-4.900234298800890120e-01
-5.739847246658387192e-01
5.584628737877967986e-01
5.329060471583326741e-01
4.887045148639052594e-01
4.284751552739110014e-01
3.565697710861110425e-01
2.788015856418502580e-01
2.019685594199631673e-01
1.332120768768432495e-01
7.927532955092744804e-02
4.574452574972114050e-02
3.636473823829902696e-02
5.251897890175194483e-02
9.294382874424622631e-02
1.537291934665886983e-01
2.286165180507551131e-01
3.095731950635824403e-01
3.875856465931814543e-01
4.535843608458953180e-01
4.993951358335183000e-01
5.186048715390647601e-01
5.072387666028035369e-01
4.641680824752483780e-01
3.912011021827213053e-01
2.928501343118518063e-01
1.758087865279648332e-01
4.821025670378058237e-02
-8.123635565743109188e-02
-2.041226163027352603e-01
-3.131247785058307032e-01
-4.026083097309764991e-01
6.883526545042988332e-01
6.814539700953257118e-01
6.552904636780125802e-01
6.116491342574081891e-01
5.540425635576884389e-01
4.875047717407930414e-01
4.181876345542896445e-01
3.527888701590576881e-01
2.978679143673395036e-01
2.591253054709659609e-01
2.407313602422539445e-01
2.447890484741305217e-01
2.710036985945276089e-01
3.166097079346915089e-01
3.765744268395256333e-01
4.440655592169897581e-01
5.111351163742656745e-01
5.695445987506200236e-01
6.116365984092011487e-01
6.311503268778049236e-01
6.238841148385643187e-01
5.881263632844897504e-01
5.248055565599007988e-01
4.373459222088581511e-01
3.312531095608506893e-01
2.134883833233724437e-01
9.171525236441679940e-02
-2.648454866864959761e-02
-1.343299623212901306e-01
-2.264133253936147783e-01
7.814997093481601542e-01
7.907716353168865453e-01
7.806250710428088713e-01
7.520555299634195112e-01
7.077373208056725318e-01
6.518887738986334224e-01
5.899461653130846361e-01
5.280694773291838562e-01
4.725274065105913857e-01
4.290283613190703504e-01
4.020755360291540237e-01
3.944255484488610741e-01
4.067210026126586997e-01
4.373485573133911175e-01
4.825478563875978399e-01
5.367662647528499420e-01
5.932236505912074076e-01
6.446245050845467173e-01
6.839351782484766051e-01
7.051347524338535955e-01
7.038506077154755847e-01
6.778040124779292075e-01
6.270153815816790210e-01
5.537499402830037276e-01
4.622180504513016541e-01
3.580755454851480279e-01
2.477935185576997101e-01
1.379806217460235740e-01
3.474226768884233763e-02
-5.684957591235943741e-02
8.332407726883872545e-01
8.553227618954810652e-01
8.583060378426536907e-01
8.424792609416178468e-01
8.097286730861192883e-01
7.634684943540515079e-01
7.083920179266072203e-01
6.500588324122429373e-01
5.943563321438032343e-01
5.468925663792811864e-01
5.123896405270449428e-01
4.941503431786258838e-01
4.936646599128109991e-01
5.104078809300607311e-01
5.418598726246368624e-01
5.837485129959245622e-01
6.304926783105528898e-01
6.757951203743906010e-01
7.133164542052921053e-01
7.373509581164818805e-01
7.434245651729676219e-01
7.287455317475757255e-01
6.924575715274738918e-01
6.356711373628372019e-01
5.612773690214567512e-01
4.735768350446752373e-01
3.777775565010716985e-01
2.794307053674398023e-01
1.838760013118710956e-01
9.576207880110554349e-02
8.430337720505971522e-01
8.741053310487139072e-01
8.868446797247058200e-01
8.809524329790974218e-01
8.576162575688079936e-01
8.194987416800798563e-01
7.705610651263943289e-01
7.157307871613129979e-01
6.604428549105103574e-01
6.101009515480306789e-01
5.695188748137860468e-01
5.424068255646790071e-01
5.309643708592997058e-01
5.356306412241766957e-01
5.550243392679101717e-01
5.860836068515982156e-01
6.243915810614630857e-01
6.646506955419710927e-01
7.012504568583735054e-01
7.288620277687243298e-01
7.429900913075255797e-01
7.404186306841902265e-01
7.195016655970702946e-01
6.802706604369765930e-01
6.243543337755219635e-01
5.547304878843399845e-01
4.753497868352380418e-01
3.906852676228137478e-01
3.052669691292776433e-01
2.232579876228213411e-01
8.142149329447765371e-01
8.504182821098393852e-01
8.694457065438467858e-01
8.705482791975842627e-01
8.543309508889860293e-01
8.227877089680220024e-01
7.791898280975166902e-01
7.278293600952621123e-01
6.736385665176976012e-01
6.217227690228885884e-01
5.768566584769214689e-01
5.430006093745256557e-01
5.228929656814373939e-01
5.177665343172117574e-01
5.272235387137804707e-01
5.492847745148083938e-01
5.806080055427702558e-01
6.168503839370773623e-01
6.531324937674938269e-01
6.845497599565362190e-01
7.066720205288037349e-01
7.159747067615418459e-01
7.101549502209709708e-01
6.883016490925639719e-01
6.509078350736059448e-01
5.997338085907908400e-01
5.375475707252932445e-01
4.677825527500807934e-01
3.941597864773198623e-01
3.203217940605738723e-01
4.137941134553624334e-02
-2.783261678486311647e-02
-1.100426696925164011e-01
-2.015660873439146794e-01
-2.974410305585102887e-01
-3.917734201989026555e-01
-4.782357118196882695e-01
-5.506756689401128835e-01
-6.037716924943390406e-01
-6.336586914024830985e-01
-6.384452897267933746e-01
-6.185504589604562398e-01
-5.768050997616058773e-01
-5.182899129877479583e-01
-4.499121126446870567e-01
-3.797562947962328517e-01
-3.162748322542129897e-01
-2.674063775472806936e-01
-2.397239464774864326e-01
-2.377143082981136579e-01
-2.632772957827138050e-01
-3.155082738926545116e-01
-3.907923252776817624e-01
-4.831992577279057843e-01
-5.851298485429525797e-01
-6.881315267198844232e-01
-7.837808928293208410e-01
-8.645243432157938557e-01
-9.243775111575609493e-01
-9.594075827905583775e-01
2.125001425176340497e-01
1.584120555132907948e-01
8.945192238581578525e-02
8.846469340520884961e-03
-7.877687194652222002e-02
-1.677068420096688439e-01
-2.516322695814253163e-01
-3.242511553963065007e-01
-3.799417318666327703e-01
-4.144179697336836665e-01
-4.252872329382632599e-01
-4.124338791937909310e-01
-3.781693668509119588e-01
-3.271151627126906991e-01
-2.658164583024871241e-01
-2.021184660112073095e-01
-1.443684930350671303e-01
-1.005317722965034521e-01
-7.732350017599630421e-02
-7.946119740441205670e-02
-1.091294859014131924e-01
-1.657246509760927355e-01
-2.459118301538636697e-01
-3.439878697821494580e-01
-4.525034142066512999e-01
-5.630644661027564002e-01
-6.672115692296720635e-01
-7.572673410153065721e-01
-8.270513975407363105e-01
-8.723842228299019119e-01
3.893839873540146934e-01
3.527011915866657410e-01
2.994331013273970332e-01
2.322242540369267028e-01
1.552218666919851497e-01
7.379880696088975123e-02
-5.900744879835023715e-03
-7.755447458332961896e-02
-1.353328280919181281e-01
-1.745705636853034370e-01
-1.923554683730614723e-01
-1.879552952587964787e-01
-1.630194855654175101e-01
-1.215171356009272230e-01
-6.940404178242817745e-02
-1.404560352765629738e-02
3.654553025057372118e-02
7.457229970937144514e-02
9.331589624421277041e-02
8.789432419986731304e-02
5.582334601053470791e-02
-2.690453590373127757e-03
-8.476139225572985880e-02
-1.851390512686777734e-01
-2.967838610583576897e-01
-4.116288300343716733e-01
-5.214293782638383945e-01
-6.185945159349828248e-01
-6.968993576887896335e-01
-7.519998456408056864e-01
5.595950197083403577e-01
5.413396592464025936e-01
5.050501325779161998e-01
4.527031640671695389e-01
3.878524269369361122e-01
3.154007510076214382e-01
2.411883381939884941e-01
1.714308025675696234e-01
1.120643746477767155e-01
6.807287054162738937e-02
4.287911804775586255e-02
3.788079154366690016e-02
5.219687712014663139e-02
8.266765063490463805e-02
1.241208526789448763e-01
1.698834577316760408e-01
2.124863890910250186e-01
2.444830736374322688e-01
2.592856628804066088e-01
2.519177899139115606e-01
2.195910791717506916e-01
1.620336551729460450e-01
8.153011247845556864e-02
-1.733033046750709349e-02
-1.281627302947640490e-01
-2.434843931043992049e-01
-3.555105867186545976e-01
-4.569466960709138159e-01
-5.416803594131649469e-01
-6.052956629864136850e-01
7.108216362901536023e-01
7.106609074902490164e-01
6.913740539342412283e-01
6.542305859791426315e-01
6.021188601281850517e-01
5.393736893838381175e-01
4.714173089487147528e-01
4.042419033002928042e-01
3.437857627031956076e-01
2.952733734307770863e-01
2.625993774654126756e-01
2.478355602194094454e-01
2.509284840507183256e-01
2.696342319636014229e-01
2.997084668626956439e-01
3.353381902679993809e-01
3.697703369036111631e-01
3.960658800878871788e-01
4.078901908588158931e-01
4.002437459995194513e-01
3.700432445597543474e-01
3.164813809312396198e-01
2.411217572745509852e-01
1.477199262900547039e-01
4.179744708975673129e-02
-6.997217275303903306e-02
-1.804835034513430914e-01
-2.829319841641695366e-01
-3.714689480901639529e-01
-4.417039734554547015e-01
8.323337274392705876e-01
8.486466994423420562e-01
8.451702088598340712e-01
8.224756930279533140e-01
7.827602618978712901e-01
7.297321823475597657e-01
6.683112768147203564e-01
6.041662395700713173e-01
5.431345238267450970e-01
4.905892464248156615e-01
4.508285124971134761e-01
4.265637740847879056e-01
4.185747572418787588e-01
4.255800111511213180e-01
4.443464541130342504e-01
4.700316458902112360e-01
4.967227526779224855e-01
5.181102728942661440e-01
5.282161632427269105e-01
5.220877767459570773e-01
4.963724363284970909e-01
4.497023791216631650e-01
3.828444111740346711e-01
2.985995936761483005e-01
2.014712347587213626e-01
9.714953892613684139e-02
-8.116032070303064172e-03
-1.081736783484995579e-01
-1.975728611290120396e-01
-2.720442995822535126e-01
9.162349863229859448e-01
9.463302060282781092e-01
9.564443521935890313e-01
9.465052934974895749e-01
9.180378832739857220e-01
8.741060282633918987e-01
8.190753407325594981e-01
7.582119857274418617e-01
6.971562353789533262e-01
6.413281389282279310e-01
5.953346950917624003e-01
5.624510102210931173e-01
5.442414194249332038e-01
5.403710524706986096e-01
5.486357010068181328e-01
5.652109437623995536e-01
5.850937970882810202e-01
6.026853542858461310e-01
6.124443516006150556e-01
6.095320046530616764e-01
5.903693145620885208e-01
5.530394546591594906e-01
4.974884099389479952e-01
4.255039507183122072e-01
3.404824371528992200e-01
2.470205526190797363e-01
1.503907491685389231e-01
5.597177782192536144e-02
-3.129251190147204487e-02
-1.073417568871700423e-01
9.583083310141480293e-01
9.987560440575267151e-01
1.019512689054338672e+00
1.019954398391938577e+00
1.000991945766229074e+00
9.650646854866293811e-01
9.159644816953582680e-01
8.584990548912843078e-01
7.980258361293735003e-01
7.399059612324974111e-01
6.889406733763947521e-01
6.488571635287445627e-01
6.219068953434760960e-01
6.086270766482966277e-01
6.077966481780410213e-01
6.165944020100870837e-01
6.309416857066894035e-01
6.459889004619734365e-01
6.566867856462852426e-01
6.583728219837190476e-01
6.473015423979850969e-01
6.210554488994730615e-01
5.787895934037108336e-01
5.212854282010443985e-01
4.508150321070449329e-01
3.708415334437295541e-01
2.856018364608975957e-01
1.996306787357753354e-01
1.172888947216573496e-01
4.235335568343213952e-02
9.583292163933370134e-01
1.005355058850645023e+00
1.033437353868799091e+00
1.041518125203505507e+00
1.029982002264269392e+00
1.000694567009609903e+00
9.568832313575288406e-01
9.028644440078752442e-01
8.436410448019742159e-01
7.844113425658030270e-01
7.300443898616320038e-01
6.845820388278169855e-01
6.508267066298347725e-01
6.300644476976107189e-01
6.219570550821476029e-01
6.246165059065422742e-01
6.348527497879419279e-01
6.485645159634128021e-01
6.612252952369259695e-01
6.684052885519460308e-01
6.662664702485203705e-01
6.519725243546121707e-01
6.239676584259630232e-01
5.820964526014500429e-01
5.275583397567966681e-01
4.627119012320977665e-01
3.907627469941811205e-01
3.153816780739818748e-01
2.403054083731968604e-01
1.689699028564081162e-01
9.198219698065721595e-01
9.697026158605854818e-01
1.001789795181403431e+00
1.014721616100664026e+00
1.008462716417739546e+00
9.843777101329047596e-01
9.451620689452380208e-01
8.946294343679204175e-01
8.373724281554271176e-01
7.783306304698776046e-01
7.223121574579745019e-01
6.735223543071910957e-01
6.351534777414089561e-01
6.090827456110925464e-01
5.957135725796853798e-01
5.939777809307100753e-01
6.014972500214486040e-01
6.148843282483666961e-01
6.301438504689313991e-01
6.431279279757891043e-01
6.499893378189223192e-01
6.475810235132757331e-01
6.337576557655482112e-01
6.075491590345114545e-01
5.691935544421937720e-01
5.200348589748995387e-01
4.623084561689347338e-01
3.988489706764293818e-01
3.327625980440463982e-01
2.671063926947816469e-01
1.619019383052493211e-01
1.186844659964619297e-01
6.296452576266972634e-02
-2.945973843819706117e-03
-7.563541282887652206e-02
-1.508273865666380220e-01
-2.237458530666504297e-01
-2.895787045847397767e-01
-3.439912138524229834e-01
-3.836294135769898195e-01
-4.065494991566586114e-01
-4.125138688895737538e-01
-4.031073327666667705e-01
-3.816470467022314295e-01
-3.528845419890659918e-01
-3.225247344302349384e-01
-2.966115354349160294e-01
-2.808492076328680809e-01
-2.799399615860709289e-01
-2.970194560033578846e-01
-3.332621086086956508e-01
-3.877082326691403402e-01
-4.573373172817441490e-01
-5.373799344346835705e-01
-6.218293146854552145e-01
-7.040873011986417129e-01
-7.776622720278327794e-01
-8.368314445110078825e-01
-8.771875452085189373e-01
-8.960088006429991481e-01
3.240576203982025727e-01
2.950156183221503969e-01
2.516647056681881600e-01
1.958852985141902869e-01
1.307753430710981712e-01
6.044146350442086701e-02
-1.035264307492950175e-02
-7.665053245200355303e-02
-1.338316530810768623e-01
-1.781428519400459487e-01
-2.071658699820242422e-01
-2.201573877468597784e-01
-2.182105092582315997e-01
-2.042065619625054451e-01
-1.825514038525201943e-01
-1.587179005752628602e-01
-1.386422577079666763e-01
-1.280428660544998820e-01
-1.317431210268188435e-01
-1.530821254020151290e-01
-1.934884060737601108e-01
-2.522724538769788305e-01
-3.266663124672978258e-01
-4.121062682167391800e-01
-5.027225186358692532e-01
-5.919723427003971139e-01
-6.733350049927424585e-01
-7.409802824125890641e-01
-7.903290566308653897e-01
-8.184426443819579067e-01
4.895669370136730980e-01
4.763702892856665483e-01
4.472065049123080671e-01
4.034366784969363184e-01
3.477403523263776774e-01
2.839413879693594156e-01
2.166808434539397865e-01
1.509640484183946973e-01
9.162876247171070077e-02
4.279584965502090943e-02
7.370843780036585857e-03
-1.333731212251642456e-02
-1.982536375840580553e-02
-1.439706330151806213e-02
-9.462492566719368781e-04
1.546098400255591088e-02
2.916093979876156761e-02
3.455765514495805213e-02
2.679865965789621218e-02
2.377027211207492774e-03
-4.041702239928680190e-02
-1.012536150788659328e-01
-1.777617943186701743e-01
-2.657695158769876054e-01
-3.597533013503068089e-01
-4.534380235761082956e-01
-5.404681600377021500e-01
-6.150643230070473866e-01
-6.725840517534429353e-01
-7.099226856158797894e-01
6.470195908831424259e-01
6.502070901207996911e-01
6.360164504089731441e-01
6.052360035182173803e-01
5.600505713280961029e-01
5.039086074199776721e-01
4.412290296356223274e-01
3.769711774442698893e-01
3.161119515361159871e-01
2.630900131838844747e-01
2.212853414602020674e-01
1.926018845786265921e-01
1.772111709322603534e-01
1.734965498847925724e-01
1.782133811404104096e-01
1.868530636449916571e-01
1.941718944674767355e-01
1.948230507112095611e-01
1.840147609460623390e-01
1.581123755718832624e-01
1.151076976106321648e-01
5.489521937936246709e-02
-2.068013276347031512e-02
-1.080088789653155523e-01
-2.021103937645288007e-01
-2.971802132950090436e-01
-3.872180070420183085e-01
-4.666543136102178080e-01
-5.308976453748543989e-01
-5.767384191925426506e-01
7.851938651347283304e-01
8.041095996147582525e-01
8.045726126318446525e-01
7.867846192422074392e-01
7.523941455969955783e-01
7.044087836209176334e-01
6.469432217226820381e-01
5.848220437458604426e-01
5.230773938547359503e-01
4.663983817638944207e-01
4.185988745574200087e-01
3.821713792550342492e-01
3.579865786571190811e-01
3.451815494272599816e-01
3.412567571145658785e-01
3.423755033267596448e-01
3.438330652977554247e-01
3.406399031319227722e-01
3.281472503621990500e-01
3.026365848889731591e-01
2.617981534128286381e-01
2.050377057834448791e-01
1.335731814235084913e-01
5.031120660621132834e-02
-4.047713677504752999e-02
-1.336351407265857771e-01
-2.236880944221802947e-01
-3.054242054422701691e-01
-3.744149628992245460e-01
-4.274134892845919409e-01
8.943686133202382038e-01
9.272407282797983097e-01
9.409920349268090511e-01
9.352640543100754211e-01
9.111644952963056099e-01
8.712254551435869576e-01
8.191971396517381265e-01
7.596912610861237258e-01
6.977093779989791411e-01
6.381087954807078688e-01
5.850695521020972123e-01
5.416286826089387052e-01
5.093417263774262516e-01
4.881169596229420482e-01
4.762468290357796952e-01
4.706362393108577957e-01
4.672019534241054761e-01
4.613948182622129024e-01
4.487799626481949189e-01
4.256019526396658814e-01
3.892634746168159299e-01
3.386574617908483242e-01
2.743122757857675564e-01
1.983348948533104061e-01
1.141643844260794016e-01
2.617316438273248336e-02
-6.082707572419767533e-02
-1.421074227482761465e-01
-2.135040547587446491e-01
-2.718027740386556590e-01
9.674492549588009638e-01
1.011598958214269484e+00
1.036409676735394081e+00
1.041025563756976302e+00
1.026044133620342969e+00
9.935182553158570240e-01
9.467970842917745600e-01
8.902151784682268421e-01
8.286596692658934060e-01
7.670628741249452265e-01
7.098794913954036279e-01
6.606116670356634302e-01
6.214409946432373211e-01
5.930143068270337103e-01
5.744114408397587024e-01
5.633004127668475025e-01
5.562615904523295907e-01
5.492406933783191558e-01
5.380737362748257979e-01
5.190177326819607195e-01
4.892204913977843961e-01
4.470713795530627532e-01
3.923914014358324542e-01
3.264430569316480457e-01
2.517649896384891450e-01
1.718597650310007552e-01
9.078173538688838473e-02
1.268310357010040551e-02
-5.862150919406346888e-02
-1.200184354825510058e-01
1.000727360378278474e+00
1.052875029656915595e+00
1.085927553638338594e+00
1.098623176763596776e+00
1.091109313728913843e+00
1.064983541553370161e+00
1.023180396493573507e+00
9.697085351673067066e-01
9.092625141566186286e-01
8.467506948034362324e-01
7.867930400826135262e-01
7.332479930477024954e-01
6.888253331560731940e-01
6.548320945736196830e-01
6.310825253462177820e-01
6.159827456400082113e-01
6.067788792286059607e-01
5.999368711929138342e-01
5.916057172290618560e-01
5.781056685250884897e-01
5.563805762562603618e-01
5.243592870417110863e-01
4.811841272778020762e-01
4.272831580234822679e-01
3.642843242057346997e-01
2.947906854844840607e-01
2.220534729483177316e-01
1.495912147603168929e-01
8.080708764547814282e-02
1.865274420809760747e-02
9.941613159217030926e-01
1.050782182694903311e+00
1.088993488563148038e+00
1.107237234761896394e+00
1.105291885049136003e+00
1.084345524838520536e+00
1.046924693407006224e+00
9.966792504928572161e-01
9.380420162111722249e-01
8.757985099945855278e-01
8.146145148871957176e-01
7.585756071220557395e-01
7.107922639063417591e-01
6.731167035836875812e-01
6.460041692703417660e-01
6.285336809668842228e-01
6.185836504811705883e-01
6.131387370753544896e-01
6.086884132553773696e-01
6.016670150414529239e-01
5.888809990266326011e-01
5.678722570901111322e-01
5.371761859511938741e-01
4.964483395837243074e-01
4.464516865765856268e-01
3.889150658708292463e-01
3.262896545558237604e-01
2.614418110031412334e-01
1.973260191725499935e-01
1.366803770347952696e-01
9.511546308437002217e-01
1.008831468387992869e+00
1.049176064147800069e+00
1.070450538276159769e+00
1.072156801745552723e+00
1.055133784379709727e+00
1.021522588448737778e+00
9.745964176090686770e-01
9.184688877727138490e-01
8.577098944157970362e-01
7.969103911980672805e-01
7.402445125920353863e-01
6.910784551851825164e-01
6.516702655057200477e-01
6.229938502261671562e-01
6.047055354340264977e-01
5.952542920341590271e-01
5.921195281583948589e-01
5.921453380123176125e-01
5.919292175608479312e-01
5.882179006200214388e-01
5.782637888644197588e-01
5.601022556686883203e-01
5.327218652047502889e-01
4.961145231958332125e-01
4.512085634019972757e-01
3.997024542779791245e-01
3.438281184396498880e-01
2.860793239111083519e-01
2.289415934444714029e-01
2.213084862636375827e-01
1.985985467296715323e-01
1.648646047601679543e-01
1.213658004078356223e-01
7.025203477979044542e-02
1.441720424737358286e-02
-4.275165869313622691e-02
-9.770771336360979664e-02
-1.471249674558300913e-01
-1.882814735854337895e-01
-2.193961965176596807e-01
-2.398731245880450502e-01
-2.504152182058818621e-01
-2.529855058638329490e-01
-2.506113405168769459e-01
-2.470481705566788255e-01
-2.463384642262207436e-01
-2.523169454966854852e-01
-2.681226923302912901e-01
-2.957802523218014401e-01
-3.359050785336519795e-01
-3.875738002194188958e-01
-4.483788639432563783e-01
-5.146627220244071044e-01
-5.819025233062600222e-01
-6.451958617615003444e-01
-6.997847897343161261e-01
-7.415511732278918799e-01
-7.674222196934823437e-01
-7.756396261565683403e-01
3.649928738326215227e-01
3.547632404247708648e-01
3.318990600627913512e-01
2.972804912653029263e-01
2.527830439376680949e-01
2.011534117990448900e-01
1.457701112651037245e-01
9.030907115827754850e-02
3.834926385128845094e-02
-7.035441780833033565e-03
-4.364668246444529387e-02
-7.044425216598408646e-02
-8.769953345649961207e-02
-9.699295645711350500e-02
-1.010478992658430386e-01
-1.034146375991278621e-01
-1.080383619956948316e-01
-1.187620598447433617e-01
-1.388256984887693002e-01
-1.704258431000708618e-01
-2.143938149275308735e-01
-2.700361796169440387e-01
-3.351604563208062659e-01
-4.062842742594883760e-01
-4.790013423766148470e-01
-5.484563169969512986e-01
-6.098662995015058375e-01
-6.590215706502413617e-01
-6.927030584216340436e-01
-7.089680253503534146e-01
5.103498407110718116e-01
5.137483915572305104e-01
5.030264571605762569e-01
4.786273591716760367e-01
4.420819909362324607e-01
3.959132194056852461e-01
3.434156717005506509e-01
2.883288106304040532e-01
2.344373531734065819e-01
1.851455046879478539e-01
1.430781162260320871e-01
1.097614603930363031e-01
8.542858782233991866e-02
6.897993296544023545e-02
5.811068927856126443e-02
4.959490494023421903e-02
3.969512289308821384e-02
2.464863094607819272e-02
1.169606033886647078e-03
-3.309745639577289095e-02
-7.923274325027106213e-02
-1.368509176538388605e-01
-2.040918646219066213e-01
-2.777942357805738283e-01
-3.538287469610009728e-01
-4.275464826344418379e-01
-4.942823455485405026e-01
-5.498476455987491018e-01
-5.909495607076455936e-01
-6.154880525713493089e-01
6.475337499256750284e-01
6.647487618187875036e-01
6.665697768028062686e-01
6.529742638925835063e-01
6.251017338431248405e-01
5.851909442270588624e-01
5.363853187587115379e-01
4.824216100284557940e-01
4.272338859464295813e-01
3.745184756907524171e-01
3.273133923308589877e-01
2.876465624198678572e-01
2.563005394671050152e-01
2.327279159815472398e-01
2.151330049430935643e-01
2.007139229732530505e-01
1.860378184968125292e-01
1.675035896840516569e-01
1.418336803573409521e-01
1.065314150067499521e-01
6.024384066102971003e-02
2.981987839945611507e-03
-6.383061314514221207e-02
-1.374870119826099857e-01
-2.142850554868401258e-01
-2.899346542720705466e-01
-3.600284179383494432e-01
-4.205128456814342663e-01
-4.680996158965491372e-01
-5.005677734487616881e-01
7.668991929058470713e-01
7.971205752646570719e-01
8.109667486818912252e-01
8.079524428586286611e-01
7.888065620063084982e-01
7.554442769920310941e-01
7.108028688118035454e-01
6.585530231971954418e-01
6.027148681361840232e-01
5.472224737121129667e-01
4.954895387805084428e-01
4.500310711165221855e-01
4.121905064898086501e-01
3.820094384154505418e-01
3.582594493659312374e-01
3.386347248627903928e-01
3.200829530592347316e-01
2.992333512109489058e-01
2.728671551588840449e-01
2.383695824877807845e-01
1.941042296601058481e-01
1.396610387222271821e-01
7.594610490608719178e-02
5.103322484588550256e-03
-6.971898706881768382e-02
-1.447222473981485402e-01
-2.158826246847142249e-01
-2.793888443134969757e-01
-3.320356466254858474e-01
-3.715250003203407481e-01
8.601157437237552106e-01
9.016143681224346729e-01
9.261125301670296572e-01
9.326970988028828735e-01
9.216955844287968436e-01
8.946828731776692578e-01
8.543502483968958838e-01
8.042448336255232366e-01
7.484053276397268917e-01
6.909348801545074359e-01
6.355618895381816014e-01
5.852428168598953206e-01
5.418571705061034915e-01
5.060340112192172057e-01
4.771330053093128520e-01
4.533833316782469036e-01
4.321632373494365686e-01
4.103845060651530874e-01
3.849321240646844666e-01
3.531020149305746925e-01
3.129800375854936978e-01
2.637136000989297457e-01
2.056421961291845513e-01
1.402728263301653844e-01
7.010774586907295158e-02
-1.647951393047762669e-03
-7.145580030464666887e-02
-1.358385884626023277e-01
-1.917474851559071714e-01
-2.368561295577941705e-01
9.211258448130370535e-01
9.714397457678858316e-01
1.004524520864306991e+00
1.019101860830392114e+00
1.015133179043496092e+00
9.938584918390600542e-01
9.576992158261441457e-01
9.100294465475597949e-01
8.548377574792882516e-01
7.963167292721857748e-01
7.384280231913171733e-01
6.844952383976974364e-01
6.368743102620924024e-01
5.967420571738872859e-01
5.640288277545488782e-01
5.375029529103669823e-01
5.149952783627975705e-01
4.937340395224626977e-01
4.707461893206603132e-01
4.432729728966650073e-01
4.091462730763485989e-01
3.670782759497070447e-01
3.168295269810994519e-01
2.592376833371856648e-01
1.961086830721278096e-01
1.299907347828770932e-01
6.386666392602730058e-02
8.094932729714662822e-04
-5.635157708169531710e-02
-1.053124443815741246e-01
9.467933624282520721e-01
1.002992399754028430e+00
1.042143491005997458e+00
1.062686697111145273e+00
1.064273569950142884e+00
1.047833750094762095e+00
1.015510094093140081e+00
9.704635417566682687e-01
9.165657592172116175e-01
8.580125892542160848e-01
7.989023182961534353e-01
7.428281204654765268e-01
6.925329592674827062e-01
6.496678135938893650e-01
6.146813083344091488e-01
5.868523515122283651e-01
5.644593794705923262e-01
5.450626673146152790e-01
5.258621553850832964e-01
5.040842611334239720e-01
4.773484196730387041e-01
4.439680065632517492e-01
4.031502861516786385e-01
3.550746460810615956e-01
3.008454629100744682e-01
2.423329440100037147e-01
1.819296716285213888e-01
1.222602435823526013e-01
6.588507552145254909e-02
1.503684569586227759e-02
9.371467484712319163e-01
9.961356998719212985e-01
1.038652361348399111e+00
1.062950724852772533e+00
1.068442585176111015e+00
1.055786002340560081e+00
1.026849583774967378e+00
9.845508459104521659e-01
9.325827467621214950e-01
8.750569490895050428e-01
8.161034103307265308e-01
7.594719327274408460e-01
7.081814938656778580e-01
6.642574787654031976e-01
6.285861091618718532e-01
6.009008452500108621e-01
5.798992238146247757e-01
5.634726223268677892e-01
5.490178830224134998e-01
5.337903630658213938e-01
5.152540159407104081e-01
4.913860466696094442e-01
4.609011922563330255e-01
4.233726340861113657e-01
3.792411727830809487e-01
3.297194157698579708e-01
2.766111172849923805e-01
2.220755560917104243e-01
1.683716589592121893e-01
1.176160471553132358e-01
8.951952132306506549e-01
9.540113939058274539e-01
9.972834523600677681e-01
1.023177411793380509e+00
1.030941392886074004e+00
1.021009285028323443e+00
9.949897396370308567e-01
9.555363341149587519e-01
9.061093138355822418e-01
8.506529468824499673e-01
7.932233132414481247e-01
7.376078054293069286e-01
6.869788716201288281e-01
6.436204369314331153e-01
6.087565596546309354e-01
5.824993978997734523e-01
5.639191056488823683e-01
5.512237056653785938e-01
5.420241586416030266e-01
5.336503873815625631e-01
5.234791018023683407e-01
5.092344792600800307e-01
4.892279628259484370e-01
4.625128303105791594e-01
4.289413512549538621e-01
3.891254921398015765e-01
3.443143440970377056e-01
2.962110183769632310e-01
2.467574419164963451e-01
1.979167192159770328e-01
