-6.262266699676348747e-01
-8.012201244557617397e-01
-9.923185319198839505e-01
-1.192056019598566552e+00
-1.391153835501542924e+00
-1.579083920887624615e+00
-1.744833715206149050e+00
-1.877807982940276288e+00
-1.968780186398578547e+00
-2.010792383142291584e+00
-1.999901229146373138e+00
-1.935679192430225015e+00
-1.821403536507035570e+00
-1.663898413414029331e+00
-1.473033650926157456e+00
-1.260922909317309770e+00
-1.040899011747332015e+00
-8.263709962042659063e-01
-6.296822908783427097e-01
-4.610902408585343393e-01
-3.279735652860147899e-01
-2.343475979244704910e-01
-1.807305374103180262e-01
-1.643620469809695117e-01
-1.797339338101522910e-01
-2.193569651635071394e-01
-2.746630531602965442e-01
-3.369314010018381045e-01
-3.981319142104014497e-01
-4.515979871196661999e-01
-4.968121805815977066e-01
-6.665531746566334403e-01
-8.553498826805003841e-01
-1.056017146171768228e+00
-1.259367573212586189e+00
-1.454754554071259864e+00
-1.630834395357552147e+00
-1.776484480013119649e+00
-1.881789011806489276e+00
-1.938988377229660331e+00
-1.943285132600882203e+00
-1.893410062417899553e+00
-1.791874773215618610e+00
-1.644870298938375885e+00
-1.461810276246585216e+00
-1.254557658334330750e+00
-1.036410700510128180e+00
-8.209524634266284204e-01
-6.208846530436886724e-01
-4.469689473034377802e-01
-3.071864662331907914e-01
-2.062000259760979337e-01
-1.451674039577673936e-01
-1.219116704312872973e-01
-1.314122942074878453e-01
-1.665439593874424307e-01
-2.189638750019881619e-01
-2.800363122532676941e-01
-3.416864866969563375e-01
-3.970936075929863418e-01
-3.421822095737009906e-01
-5.016619870181590057e-01
-6.830289591150490169e-01
-8.796055693489236438e-01
-1.082550548410753821e+00
-1.281363611894444698e+00
-1.464623650525852083e+00
-1.620900378031644884e+00
-1.739752380804608256e+00
-1.812707151138361450e+00
-1.834113870684707992e+00
-1.801768596431781777e+00
-1.717233354344951168e+00
-1.585802977045636108e+00
-1.416112452169542957e+00
-1.219418328665275109e+00
-1.008625339029624923e+00
-7.971591499376422529e-01
-5.978042588509111521e-01
-4.216300809009911332e-01
-2.771174947994665683e-01
-1.695736882400550594e-01
-1.008880360410956134e-01
-6.964045759972084526e-02
-7.153170869376285212e-02
-1.000680584432300652e-01
-1.474058300642918651e-01
-2.052479143691488261e-01
-2.656860702113243433e-01
-3.218987048029141040e-01
-1.718216374173024419e-01
-3.166695200482593786e-01
-4.859496644029183132e-01
-6.736891844175603161e-01
-8.716273342573693794e-01
-1.069666232349463897e+00
-1.256565080254703037e+00
-1.420822685567781907e+00
-1.551664917039277336e+00
-1.640034771561361460e+00
-1.679476064256327783e+00
-1.666808699903107982e+00
-1.602513497810864163e+00
-1.490775306599400274e+00
-1.339170928817954964e+00
-1.158028544436803253e+00
-9.595229325194102321e-01
-7.566011855274752396e-01
-5.618529755500486500e-01
-3.864452569318079234e-01
-2.392327098716904299e-01
-1.261331940132211504e-01
-4.982471704547325464e-02
-9.781160165869440259e-03
-2.623454193956542557e-03
-2.272654895448200651e-02
-6.299528844687052320e-02
-1.157077658313646201e-01
-1.733244915876586967e-01
-2.291751205510566269e-01
3.070656408394212278e-03
-1.237550419106640681e-01
-2.771114107668302684e-01
-4.518814645626333948e-01
-6.405811698886044736e-01
-8.337439432257345295e-01
-1.020553654348289374e+00
-1.189677277138394773e+00
-1.330219573628312668e+00
-1.432702010916702351e+00
-1.489959639025923988e+00
-1.497854397557716322e+00
-1.455720930870091356e+00
-1.366489396140477597e+00
-1.236465458705900966e+00
-1.074786280650786630e+00
-8.926080716696025430e-01
-7.021111679189149246e-01
-5.154288825696274889e-01
-3.436139921139830244e-01
-1.957506868064295968e-01
-7.830083452039290903e-02
5.256114849613885420e-03
5.446647892997784346e-02
7.164394450200196884e-02
6.135927194419353581e-02
2.975486952090462822e-02
-1.622350747987970354e-02
-6.958333406660560660e-02
-1.239460188597698714e-01
1.707997329738253356e-01
6.417251173777517581e-02
-7.050043394574535827e-02
-2.290523300316364974e-01
-4.049201502259079932e-01
-5.894549803689612677e-01
-7.724805912545880116e-01
-9.430587708046500595e-01
-1.090391257721493146e+00
-1.204767123077585156e+00
-1.278454337679710395e+00
-1.306436669193415279e+00
-1.286911854655512721e+00
-1.221492398474814056e+00
-1.115083190242618150e+00
-9.754463462178077915e-01
-8.124988036126490343e-01
-6.374179577669484287e-01
-4.616514202718947635e-01
-2.959362748829635903e-01
-1.494299033120741471e-01
-2.903899869549196600e-02
6.099220516761828803e-02
1.192058187900567751e-01
1.467724430999454710e-01
1.470903307007551675e-01
1.252063704025497271e-01
8.713986371426747646e-02
3.919453413912292461e-02
-1.266296364139489483e-02
3.204659341396031702e-01
2.349009107239585781e-01
1.204569176817001513e-01
-1.968204530593849200e-02
-1.799584032887007190e-01
-3.526741475811286941e-01
-5.284665996585774517e-01
-6.969933527527865103e-01
-8.477649037205156057e-01
-9.710421633319704648e-01
-1.058704559975599091e+00
-1.104994549494655809e+00
-1.107056109693538737e+00
-1.065206756855273662e+00
-9.829119939006837336e-01
-8.664642189064221123e-01
-7.244009260164140374e-01
-5.667255600600634713e-01
-4.040152478218065890e-01
-2.465103803221518342e-01
-1.032804558797964511e-01
1.845109647033953137e-02
1.137616158228392932e-01
1.802298567461734780e-01
2.178799128240463956e-01
2.288955048151035121e-01
2.171564212786416537e-01
1.876654121235746819e-01
1.459403232832751640e-01
9.744245900448474107e-02
4.431318599587235618e-01
3.782221389482632312e-01
2.843316818656470013e-01
1.636891177273568920e-01
2.082352465449917311e-02
-1.375931727358563061e-01
-3.031359066671360236e-01
-4.662229255780775405e-01
-6.168668644080524954e-01
-7.455071282042019520e-01
-8.438378116432518894e-01
-9.055433365032775628e-01
-9.268626843891990541e-01
-9.069213863371474726e-01
-8.477959433810863255e-01
-7.543048863563380779e-01
-6.335506257283319842e-01
-4.942630202034597464e-01
-3.460160857389923961e-01
-1.984011517766977595e-01
-6.024178228284918918e-02
6.107214584226335063e-02
1.600705097503656305e-01
2.334716532245953990e-01
2.802228479993105204e-01
3.013280978825601530e-01
2.995018149026820731e-01
2.787034155685745862e-01
2.436161456294562155e-01
1.991328942081961872e-01
5.326921317366354325e-01
4.869273717470890550e-01
4.128076482924465940e-01
3.116858162916938402e-01
1.870962180157319521e-01
4.466669037044311563e-02
-1.081867217722855962e-01
-2.627647304798427230e-01
-4.097467726317468584e-01
-5.399468111324268182e-01
-6.450867267380010484e-01
-7.185071723496229135e-01
-7.557415309654583746e-01
-7.548932154971189634e-01
-7.167780410445366845e-01
-6.448190669204196812e-01
-5.447080177667579237e-01
-4.238720037176758049e-01
-2.908039629526688596e-01
-1.543278829398851137e-01
-2.287412555924185631e-02
9.616420003014429507e-02
1.969351492138112780e-01
2.754519288167338598e-01
3.297189232794494052e-01
3.596647129357299910e-01
3.669078998096171884e-01
3.543977319752736888e-01
3.259811991672482701e-01
2.859506658343037300e-01
5.863305146966573123e-01
5.573571123533064275e-01
5.013260376737668222e-01
4.188338365957095522e-01
3.125010607671074858e-01
1.869446241429377209e-01
4.855107612192054167e-02
-9.493856131376610108e-02
-2.349988200812919426e-01
-3.629917063338598537e-01
-4.708743126839000648e-01
-5.518705734773433624e-01
-6.010387530600874717e-01
-6.156773483820173754e-01
-5.955296144773143396e-01
-5.427686471742252383e-01
-4.617682460523148680e-01
-3.586869286886185115e-01
-2.409110079416539874e-01
-1.164156038744553479e-01
6.891444260786264153e-03
1.217790450069637515e-01
2.222001776695511355e-01
3.036555042105139046e-01
3.633895520717961847e-01
4.004151898664653486e-01
4.153807099786342438e-01
4.103093335150129195e-01
3.882516295746666901e-01
3.528962061324796284e-01
-6.874087250061184928e-01
-8.732552264131978603e-01
-1.074397176928528541e+00
-1.282433325490978770e+00
-1.487060898061634218e+00
-1.676715742354973671e+00
-1.839430412531797732e+00
-1.963838266711327440e+00
-2.040226000242726379e+00
-2.061522085247538438e+00
-2.024107077586723591e+00
-1.928344632241087764e+00
-1.778758337484601215e+00
-1.583816325212241471e+00
-1.355328782550078381e+00
-1.107507809227680440e+00
-8.557790788447843244e-01
-6.154653757411098214e-01
-4.004791837669941512e-01
-2.221625185171694494e-01
-8.839647767319402938e-02
-3.072042556466522689e-03
3.402888937004193426e-02
2.694205695957539726e-02
-1.713264262543325034e-02
-8.875659532343291303e-02
-1.773308226638931617e-01
-2.721958822439795034e-01
-3.636277300902114873e-01
-4.436263736596859908e-01
-5.522533377446394720e-01
-7.315729937183845788e-01
-9.290502794735255865e-01
-1.136598278248234228e+00
-1.344043353626702686e+00
-1.539741971589079439e+00
-1.711433219127760141e+00
-1.847256594456258894e+00
-1.936836882593394371e+00
-1.972320906829648335e+00
-1.949247670639238539e+00
-1.867145034972020445e+00
-1.729771749021272065e+00
-1.544960604457984887e+00
-1.324062418817802067e+00
-1.081036192692896192e+00
-8.312725052671496861e-01
-5.902697226923336871e-01
-3.723015793353054437e-01
-1.892173784933717240e-01
-4.950163890539030498e-02
4.231012738935650830e-02
8.580513535219415344e-02
8.445130037099508880e-02
4.498363034947967798e-02
-2.349387352490410474e-02
-1.105732455770280787e-01
-2.056430912222915741e-01
-2.988975526890901846e-01
-3.821478933861797711e-01
-3.912397153414274853e-01
-5.587173936204433700e-01
-7.470874693255752375e-01
-9.488291776032145020e-01
-1.154181528182337324e+00
-1.351716782860095112e+00
-1.529163307604121114e+00
-1.674411076941088705e+00
-1.776603720731945391e+00
-1.827202089656926542e+00
-1.820899101272487774e+00
-1.756275484505245510e+00
-1.636110286648408296e+00
-1.467296016437783512e+00
-1.260351856985063579e+00
-1.028574238554233800e+00
-7.869065637750258801e-01
-5.506436616963636954e-01
-3.341071831969590900e-01
-1.494327172759531697e-01
-5.596927005896132346e-03
9.221532211885953567e-02
1.428446767985459553e-01
1.489807794328374402e-01
1.166134195239625221e-01
5.419240243350002817e-02
-2.839146338219571131e-02
-1.208765573287898937e-01
-2.136266273364292867e-01
-2.984470460282261373e-01
-2.145558554236265403e-01
-3.656311764092657346e-01
-5.400405947276322172e-01
-7.310473634114394992e-01
-9.295618995947907415e-01
-1.124654307464538761e+00
-1.304325033469982742e+00
-1.456472646385205350e+00
-1.569967307481051844e+00
-1.635717983778410600e+00
-1.647614240905514560e+00
-1.603231102028852773e+00
-1.504207516365685393e+00
-1.356243038467586093e+00
-1.168699365550748936e+00
-9.538383240135883678e-01
-7.257702027347332496e-01
-4.992206884064303574e-01
-2.882466225205534416e-01
-1.050373582564771840e-01
4.107149782425602302e-02
1.442707551061332416e-01
2.025736114246944886e-01
2.177175499144083370e-01
1.947020458157833755e-01
1.410343066809071622e-01
6.578684347059178539e-02
-2.141276922616332234e-02
-1.113399560694125212e-01
-1.959755718754938036e-01
-3.405164396723336928e-02
-1.652761550019181680e-01
-3.218265339167852845e-01
-4.979163968261626216e-01
-6.853418472176382448e-01
-8.739193002030993807e-01
-1.052184721015666513e+00
-1.208300645731152922e+00
-1.331086538673247333e+00
-1.411066322211173230e+00
-1.441417755899928377e+00
-1.418713488104546228e+00
-1.343362840541026948e+00
-1.219694598913993788e+00
-1.055660565743737012e+00
-8.621825869100656625e-01
-6.522069059346272679e-01
-4.395638973060343457e-01
-2.377541219524282323e-01
-5.879019205988586516e-02
8.778317212433632555e-02
1.955905775010899350e-01
2.617829093038177013e-01
2.870260032234466796e-01
2.751416306279276802e-01
2.324619262138789555e-01
1.669895166620771199e-01
8.747317526384228159e-02
2.510792165991745928e-03
-8.022174851747435054e-02
1.380748202972790772e-01
2.880508703549876370e-02
-1.072009400660262485e-01
-2.652101022219896520e-01
-4.380591326917000483e-01
-6.165089519481715685e-01
-7.898579727920852500e-01
-9.467693395708958182e-01
-1.076236504923855364e+00
-1.168589092421934872e+00
-1.216430077424776712e+00
-1.215397824565954688e+00
-1.164662488903223103e+00
-1.067093945903526020e+00
-9.290744517065179231e-01
-7.599692550692818127e-01
-5.713074695942510495e-01
-3.757588298331081544e-01
-1.860153158882263402e-01
-1.369702908899086968e-02
1.316022968725152342e-01
2.430327733133512691e-01
3.169012264408574975e-01
3.527495389386299252e-01
3.531090704022243898e-01
3.229796307814426504e-01
2.691115303624050936e-01
1.991874884152016745e-01
1.210055271720253539e-01
4.175449575441793348e-02
2.906381206512284598e-01
2.040004300109686253e-01
8.988901887477275532e-02
-4.805059861373779662e-02
-2.037831049176143106e-01
-3.691507428419567582e-01
-5.343917548650055638e-01
-6.888740031916128492e-01
-8.219783076325791749e-01
-9.240433650713497649e-01
-9.872717401611541543e-01
-1.006496318099781906e+00
-9.797190737799935656e-01
-9.083576364441866557e-01
-7.971670591178902088e-01
-6.538405302916913131e-01
-4.883290394502585730e-01
-3.119517761673640255e-01
-1.363923840417301525e-01
2.731180950455681933e-02
1.696813426511024625e-01
2.835143725157502903e-01
3.643467699450746444e-01
4.106171976909803178e-01
4.235377514247942732e-01
4.067052438668536385e-01
3.655166169629295303e-01
3.064705593866712818e-01
2.364440211209933307e-01
1.620266917142492713e-01
4.146630946764948145e-01
3.499785410695394061e-01
2.577979207576605036e-01
1.407107576513946245e-01
3.605772898009007577e-03
-1.465115061889443182e-01
-3.009392547857985822e-01
-4.499113148457468681e-01
-5.833859363000499787e-01
-6.919142552875973129e-01
-7.674980273743131631e-01
-8.043436286657410506e-01
-7.994282798956154901e-01
-7.528138152422944041e-01
-6.676707405294807218e-01
-5.500074376630225137e-01
-4.081322517936625816e-01
-2.519058505786359592e-01
-9.186407797616036319e-02
6.169522813396476069e-02
1.995659218214365094e-01
3.143415307869619757e-01
4.009107844944374555e-01
4.567009335852141860e-01
4.816600093815798789e-01
4.779998208864175147e-01
4.497477824185459050e-01
4.021742081220637810e-01
3.411703373356627100e-01
2.726504806315167562e-01
5.042417008796185041e-01
4.596782771347974195e-01
3.883001699998201439e-01
2.917297058096610662e-01
1.737532394219745702e-01
4.021702532586281242e-02
-1.012978504563430415e-01
-2.420035696882426035e-01
-3.725928402845057885e-01
-4.840198989264736795e-01
-5.682957811302069562e-01
-6.192138076563423743e-01
-6.329268465685092826e-01
-6.083130442744094646e-01
-5.470894994558698210e-01
-4.536609751023238934e-01
-3.347198485544525259e-01
-1.986405940033146855e-01
-5.473395750133260018e-02
8.755995007252727336e-02
2.194557703525259473e-01
3.335055848180853988e-01
4.241158584674550869e-01
4.878557954359132309e-01
5.235399851073204713e-01
5.320947525002419631e-01
5.162414703920042980e-01
4.800482003059741154e-01
4.284112906773068219e-01
3.665301059785152638e-01
5.569383207690815629e-01
5.298086266763187835e-01
4.771871468250121207e-01
3.998610936810142458e-01
3.006102575995976411e-01
1.841707155853830602e-01
5.699798140882721131e-02
-7.316033064371489647e-02
-1.978487227751880018e-01
-3.085910304835216000e-01
-3.976125449612989415e-01
-4.585227407318011039e-01
-4.868869475176729189e-01
-4.806264550878304731e-01
-4.402047909463606690e-01
-3.685810087592420459e-01
-2.709359808053789509e-01
-1.542019229961970050e-01
-2.644587777292557729e-02
1.038277024941914178e-01
2.283833891638974434e-01
3.398999487426487831e-01
4.324935612067697943e-01
5.020746163515508176e-01
5.465142885095191083e-01
5.656194691027162103e-01
5.609358151805695636e-01
5.354159869400388905e-01
4.930015748496923700e-01
4.381716686287788209e-01
-6.725886953491654330e-01
-8.529157957727799833e-01
-1.047034913262255174e+00
-1.246301194561207693e+00
-1.440186975823970705e+00
-1.616947821526252049e+00
-1.764511389782120077e+00
-1.871514997887469889e+00
-1.928390982726424951e+00
-1.928383062328686171e+00
-1.868374869238818681e+00
-1.749424784773266239e+00
-1.576928288391954203e+00
-1.360367467856142598e+00
-1.112652761404493873e+00
-8.491090242375312069e-01
-5.862008238549785144e-01
-3.401249543962358568e-01
-1.254169726976818999e-01
4.627985788378745358e-02
1.671513562611188219e-01
2.337562510470249100e-01
2.471243475259218281e-01
2.124093653974548079e-01
1.381497762987286548e-01
3.523659631965873895e-02
-8.428110906177566086e-02
-2.084087295534670092e-01
-3.262987403728446756e-01
-4.291103421521388350e-01
-5.394746559425629417e-01
-7.119991436421512221e-01
-9.008537202519535381e-01
-1.097735960670626509e+00
-1.292295612234441116e+00
-1.472774942311623425e+00
-1.626888058197292874e+00
-1.742867010722576993e+00
-1.810573735071253632e+00
-1.822558965274018616e+00
-1.774945405767129891e+00
-1.668024023562148850e+00
-1.506478635769529228e+00
-1.299192313050025804e+00
-1.058635145138806077e+00
-7.998811373915347689e-01
-5.393464724029670698e-01
-2.933763633253050895e-01
-7.682847955150561015e-02
9.819573282087364074e-02
2.233356561839638377e-01
2.945681547347499540e-01
3.123581319058078010e-01
2.813582292220849768e-01
2.097068015688688392e-01
1.080202498942114814e-01
-1.179084337934878379e-02
-1.377372085919991995e-01
-2.588583973733852295e-01
-3.661063438341924936e-01
-3.829240743286378423e-01
-5.424725906174574508e-01
-7.207422933855912595e-01
-9.100300568857744299e-01
-1.100454537691195167e+00
-1.280550022893923945e+00
-1.438110888053213632e+00
-1.561218725368955340e+00
-1.639354010669548334e+00
-1.664474453308652402e+00
-1.631936344858271548e+00
-1.541144883035103108e+00
-1.395844106780304461e+00
-1.203994218243973569e+00
-9.772294588022408801e-01
-7.299379312008691389e-01
-4.780498634965181792e-01
-2.376570157006997475e-01
-2.360835345797183960e-02
1.517675816570404068e-01
2.796762555045106402e-01
3.554996786948297904e-01
3.790049977338532661e-01
3.541084874373188751e-01
2.882376907912511665e-01
1.913816009804506502e-01
7.495303235750176707e-02
-4.939608133334418005e-02
-1.708688086177650722e-01
-2.804107398359534931e-01
-2.132401135919603785e-01
-3.554876982517991002e-01
-5.185498838114132036e-01
-6.955429138681500367e-01
-8.773171695224459832e-01
-1.052986337992466659e+00
-1.210713570703747965e+00
-1.338693033036234104e+00
-1.426234260407205356e+00
-1.464835533803881429e+00
-1.449124638678875199e+00
-1.377552672279201085e+00
-1.252748774820300559e+00
-1.081478524373962413e+00
-8.741922755256549271e-01
-6.441967320367680827e-01
-4.065277221971842492e-01
-1.766387936930030322e-01
3.095602814406030190e-02
2.039396034477944930e-01
3.332138855155931667e-01
4.135790954753372772e-01
4.440031484850974208e-01
4.274642867997903717e-01
3.704013861024415544e-01
2.818526129477129660e-01
1.723975250804859471e-01
5.303555998788601900e-02
-6.586702480952474903e-02
-1.754484855085045314e-01
-4.210200606204882179e-02
-1.639118290969145963e-01
-3.081932248505221406e-01
-4.690474124739535955e-01
-6.382705016951009114e-01
-8.058039303822424060e-01
-9.604425902321498398e-01
-1.090747086209171490e+00
-1.186075484367546728e+00
-1.237627648434059813e+00
-1.239385474617844762e+00
-1.188836979723708387e+00
-1.087391308643626875e+00
-9.404233824473957615e-01
-7.569274895538679049e-01
-5.488037719737500764e-01
-3.298447726381717460e-01
-1.145255044029923480e-01
8.327491092149956475e-02
2.514825667380993779e-01
3.808389664316190193e-01
4.656056194151085292e-01
5.038936638652232736e-01
4.975949454009687689e-01
4.519393288405239573e-01
3.747472131574580145e-01
2.754800639994224865e-01
1.642106168450430115e-01
5.063593723787258860e-02
-5.675876770652708153e-02
1.187606953526623016e-01
1.913231116548129440e-02
-1.040765588810082243e-01
-2.460515817960416962e-01
-3.996850515744040933e-01
-5.559387373649848918e-01
-7.044593861576047278e-01
-8.344025476165772837e-01
-9.353898943364149510e-01
-9.985023971137824139e-01
-1.017200187214863494e+00
-9.880618027874733533e-01
-9.112510775817175279e-01
-7.906476486375474400e-01
-6.336137649025060936e-01
-4.504113743488112331e-01
-2.533242730022400857e-01
-5.557526846032058432e-02
1.298467370401535370e-01
2.913235218654048331e-01
4.195860382765819740e-01
5.084317471316689430e-01
5.551100755236572093e-01
5.603461748165551315e-01
5.280172708792475467e-01
4.645371242036808179e-01
3.780367011570291425e-01
2.774486456394291700e-01
1.716071498426786635e-01
6.846346224148945614e-02
2.588945350635450393e-01
1.817498346952391430e-01
8.053585529850702807e-02
-4.104651885031875003e-02
-1.770649875287529096e-01
-3.196279268819174901e-01
-4.593986974947789625e-01
-5.863176371316634050e-01
-6.904679706989632626e-01
-7.629990264975723413e-01
-7.970072013744446959e-01
-7.882742579054713428e-01
-7.357743278220573169e-01
-6.418843062144112821e-01
-5.122644852383484437e-01
-3.554134424707084960e-01
-1.819388094608814233e-01
-3.618891066856214089e-03
1.676450963270549877e-01
3.208734556441245611e-01
4.469371724619533581e-01
5.392744778412403850e-01
5.943241508746477386e-01
6.116401671764917225e-01
5.936913850829154127e-01
5.453874642948031148e-01
4.734029254987408009e-01
3.853910188300710971e-01
2.891854544681718986e-01
1.920807989086931178e-01
3.702413593025776772e-01
3.145472036663923832e-01
2.349398870345660861e-01
1.340451080431820929e-01
1.661183268508069355e-02
-1.106714569295941253e-01
-2.395875560219342115e-01
-3.610036110501780859e-01
-4.656343139317677959e-01
-5.448807126906703990e-01
-5.916561751132229929e-01
-6.011076844198781632e-01
-5.711486842806269282e-01
-5.027383987764797446e-01
-3.998697969109079042e-01
-2.692608931337663880e-01
-1.197779037250957801e-01
3.835028509652559092e-02
1.944427504037350429e-01
3.383044853696025589e-01
4.610915550823613818e-01
5.560132767428549450e-01
6.188022319995680753e-01
6.479121877235527460e-01
6.444375786549177976e-01
6.117814618188665010e-01
5.551272021138276003e-01
4.807887801069376521e-01
3.955231206306695779e-01
3.058846181906592632e-01
4.478845317949410876e-01
4.115074993530955516e-01
3.519939799478482567e-01
2.709901660861697703e-01
1.721180409333642469e-01
6.087264567320120612e-02
-5.568872966001747749e-02
-1.694498470183867234e-01
-2.718906321900783074e-01
-3.548320662806181414e-01
-4.111943126416394145e-01
-4.356860491640360822e-01
-4.253474976020497622e-01
-3.798838246513818739e-01
-3.017478248471596181e-01
-1.959584322266397782e-01
-6.967129163485179244e-02
6.845429453014707788e-02
2.090247356659882816e-01
3.427355344481580746e-01
4.611613115260420614e-01
5.574306474337479278e-01
6.267193490752981377e-01
6.665190052155984812e-01
6.766656080260785577e-01
6.591417520071514158e-01
6.176915479425015842e-01
5.573064973021292223e-01
4.836508180424125558e-01
4.024951912687521616e-01
4.903296747929595800e-01
4.703579736340589013e-01
4.285776334657802056e-01
3.657937515002301909e-01
2.846093899830081653e-01
1.893927438343153691e-01
8.605787113484845985e-02
-1.833355561888962149e-02
-1.161195536550443386e-01
-1.996843330421990970e-01
-2.621395516426572869e-01
-2.979687326599362307e-01
-3.035646769299426007e-01
-2.775996744696951346e-01
-2.211857250651223794e-01
-1.378047524947371427e-01
-3.301419988012517515e-02
8.604165662696704187e-02
2.112628893719156742e-01
3.343005002955169447e-01
4.472640314894164582e-01
5.433574836860672885e-01
6.173811282870778072e-01
6.660543483214719229e-01
6.881370361256962109e-01
6.843512518039296388e-01
6.571275349663514564e-01
6.102184769123812913e-01
5.482336662029967389e-01
4.761537761053785123e-01
-5.669829302711757446e-01
-7.265667327462377312e-01
-8.986658554668767174e-01
-1.075173854757511149e+00
-1.246186874186504978e+00
-1.400636527232057116e+00
-1.527141141996153140e+00
-1.615005146265743985e+00
-1.655269531581851084e+00
-1.641699780599497949e+00
-1.571594458774708825e+00
-1.446309220434415455e+00
-1.271416665136892110e+00
-1.056459790807284138e+00
-8.143015825503023830e-01
-5.601202583272196778e-01
-3.101430420277054290e-01
-8.024539274475139816e-02
1.154373934019004982e-01
2.657366096640862985e-01
3.633807598332843281e-01
4.055294769036281166e-01
3.938562164517123709e-01
3.341791646864291643e-01
2.356941022842172773e-01
1.099099948675516386e-01
-3.057891575463589362e-02
-1.733364949085606788e-01
-3.072018588874583789e-01
-4.231639375295170868e-01
-4.401815372671769033e-01
-5.907227868449054231e-01
-7.558763308405703762e-01
-9.279054620484007421e-01
-1.097140263073859590e+00
-1.252582584366705554e+00
-1.382743036765527567e+00
-1.476642167806115680e+00
-1.524879404995047150e+00
-1.520654895582348898e+00
-1.460624384346077553e+00
-1.345477345401949076e+00
-1.180153316876150660e+00
-9.736483881079138758e-01
-7.384089530107507127e-01
-4.893578297967017821e-01
-2.426427066419376000e-01
-1.423275877869165096e-02
1.814888098278110151e-01
3.329840852959015662e-01
4.325337495368933305e-01
4.768185309994922849e-01
4.670490454069269881e-01
4.086385784989669534e-01
3.104685723465753777e-01
1.838449379655335281e-01
4.127788141362338792e-02
-1.047662444078017868e-01
-2.429974801627445835e-01
-3.641999638120162475e-01
-2.951509288025186972e-01
-4.320188135945246533e-01
-5.854104101647484848e-01
-7.481995857793064530e-01
-9.112279849804574283e-01
-1.063862154409530358e+00
-1.194791554353872076e+00
-1.293004270258206523e+00
-1.348847490875870081e+00
-1.355059731517525234e+00
-1.307654869999144598e+00
-1.206546151478462114e+00
-1.055821236495291693e+00
-8.636149372876533725e-01
-6.415705730167701182e-01
-4.039286367927770183e-01
-1.663267845756223051e-01
5.556786568210762833e-02
2.474496183448524067e-01
3.976373446797477063e-01
4.980712174785362767e-01
5.449344041360337787e-01
5.388354973202080789e-01
4.845406003768733538e-01
3.902986672734419238e-01
2.668522342180011941e-01
1.262610987399854223e-01
-1.931625297150649234e-02
-1.587418020686152675e-01
-2.827984853258991294e-01
-1.418816620022864128e-01
-2.613606327201704049e-01
-3.989612520358123415e-01
-5.483703650009835728e-01
-7.011869206161426282e-01
-8.474140471352955561e-01
-9.761954926938924970e-01
-1.076739898899266690e+00
-1.139346134494434004e+00
-1.156421559779117203e+00
-1.123376251095774547e+00
-1.039281912026344790e+00
-9.072045291720717275e-01
-7.341529136792447341e-01
-5.306274566858064645e-01
-3.097997302103236983e-01
-8.639824736058512866e-02
1.245870386275481217e-01
3.092441898231900188e-01
4.559769409622114744e-01
5.565044092660642594e-01
6.065137557242046285e-01
6.058981140196815218e-01
5.585626019714062807e-01
4.718339619858318845e-01
3.555569141180142667e-01
2.209958212666314203e-01
7.967870486455845558e-02
-5.768035169824652086e-02
-1.820640242692490030e-01
8.738567503818309157e-03
-9.084580572497695516e-02
-2.097249084962844734e-01
-3.425462716251518880e-01
-4.818610312627493175e-01
-6.185379389545698769e-01
-7.424195631115828586e-01
-8.431724036426129221e-01
-9.112526104406540872e-01
-9.388868206016348639e-01
-9.209569701242190654e-01
-8.556809824800672981e-01
-7.449983640538544449e-01
-5.945994227405348997e-01
-4.135758179193234074e-01
-2.137138450324349015e-01
-8.494849289155642635e-03
1.880961067924603047e-01
3.628267335182885356e-01
5.044021441712155385e-01
6.044471551117460706e-01
6.581790229174619977e-01
6.647006684339714644e-01
6.268909832243675373e-01
5.509182873288415161e-01
4.454484298623738181e-01
3.206538787877609153e-01
1.871494873737926112e-01
5.498196814175328184e-02
-6.721610316552534270e-02
1.461949560077451249e-01
6.764513627167052789e-02
-3.086557815108678660e-02
-1.450282419436846604e-01
-2.684768739816442151e-01
-3.931165503563682773e-01
-5.096859891113272312e-01
-6.085156653614068878e-01
-6.804133659890253538e-01
-7.175866012328164789e-01
-7.144990444864071089e-01
-6.685584791683166772e-01
-5.805472449109918553e-01
-4.547317734021436575e-01
-2.986227100059754558e-01
-1.223972226987509598e-01
6.196454637383928821e-02
2.417415233420264209e-01
4.046191931814734910e-01
5.397972508474073727e-01
6.389354061284092667e-01
6.968341834970673832e-01
7.117798308755490799e-01
6.855239846401238735e-01
6.229138575427277669e-01
5.312310490899758708e-01
4.193305597998354117e-01
2.966914894235258005e-01
1.724946540656953631e-01
5.483004665100761621e-02
2.615550770367204292e-01
2.038128634139919071e-01
1.259937956454012520e-01
3.134826913019177208e-02
-7.490094356520228536e-02
-1.857986001158600242e-01
-2.931186624243879990e-01
-3.880185501422065975e-01
-4.618291923034777424e-01
-5.069018115702391691e-01
-5.174188767268333988e-01
-4.900743171043275836e-01
-4.245378160391627409e-01
-3.236390848183992031e-01
-1.932382126956319057e-01
-4.178395636867666962e-02
1.204012264967222884e-01
2.820372099342632888e-01
4.319057396168742291e-01
5.598621555440892461e-01
6.577279877170867373e-01
7.199672816097594241e-01
7.440762225735433333e-01
7.306514160941961489e-01
6.831421331699883970e-01
6.073302987098847527e-01
5.106134872041162565e-01
4.011862650132504426e-01
2.872212954413891350e-01
1.761434132325798707e-01
3.484252361037448176e-01
3.100419500612069945e-01
2.520159410882927831e-01
1.765875225231090528e-01
8.784495072965921303e-02
-8.430432822211467170e-03
-1.051238959042750387e-01
-1.943322817378875800e-01
-2.680491571571428921e-01
-3.189234847818586127e-01
-3.410108206198778080e-01
-3.304313025451551256e-01
-2.858546912918911165e-01
-2.087491552357481073e-01
-1.033556443391227264e-01
2.361934575899192479e-02
1.635668503143122288e-01
3.067377954579209032e-01
4.431235423055704392e-01
5.633586127782501674e-01
6.595465520570746865e-01
7.259193715895297938e-01
7.592619696066056356e-01
7.590625967627909754e-01
7.273847312446939384e-01
6.684897986774904766e-01
5.882691626985057098e-01
4.935636672899426647e-01
3.914571705502820076e-01
2.886263418166715722e-01
4.035120406038014695e-01
3.820787785728575470e-01
3.419443670328854989e-01
2.844404679570419203e-01
2.125903727804054899e-01
1.310313745409029673e-01
4.575238549973305313e-02
-3.634255534868664761e-02
-1.080111882161436249e-01
-1.623362616137577485e-01
-1.934062662430424684e-01
-1.969381175234712900e-01
-1.707687796811957481e-01
-1.151547321703601523e-01
-3.283826285668754730e-02
7.113447364831172737e-02
1.898300235712591655e-01
3.150374477042075516e-01
4.380067513002343094e-01
5.502357133634309116e-01
6.442191881800765074e-01
7.140800441786543384e-01
7.560162402810183258e-01
7.685220825265784983e-01
7.523701884571921683e-01
7.103700833079918953e-01
6.469454896029039892e-01
5.675916186379625916e-01
4.782836440650040655e-01
3.849071088006570385e-01
4.267251069481438619e-01
4.192055707653526420e-01
3.943548329866776725e-01
3.527354314273954961e-01
2.964227812348420033e-01
2.289934088459782968e-01
1.553504870358671242e-01
8.138953830027877145e-02
1.352749570702131698e-02
-4.186285036536928350e-02
-7.905633605179862577e-02
-9.355190220927940559e-02
-8.255668852472158870e-02
-4.532012092893465682e-02
1.672437761137758605e-02
1.000313907328070490e-01
1.992262825267074322e-01
3.075712970830807302e-01
4.175659704326045163e-01
5.216170555653828478e-01
6.127053099535363367e-01
6.849777016535443241e-01
7.342037449509974945e-01
7.580524046811242256e-01
7.561688328107052381e-01
7.300548939731875686e-01
6.827805146440745210e-01
6.185711714768724612e-01
5.423279574332601216e-01
4.591394701501896880e-01
-3.819246841997190334e-01
-5.102833344865395082e-01
-6.508269557694810192e-01
-7.966691559102330178e-01
-9.392309075921209116e-01
-1.068786904637693214e+00
-1.175220206765554165e+00
-1.248924158144085750e+00
-1.281764413736971253e+00
-1.267996791762968645e+00
-1.205031723802050037e+00
-1.093944887457503290e+00
-9.396559567103588417e-01
-7.507312306104175770e-01
-5.388075148647595292e-01
-3.176791341261060442e-01
-1.021317993674385749e-01
9.335928303333991540e-02
2.559289973499636051e-01
3.754772370156936323e-01
4.455502741924794452e-01
4.638500022635221876e-01
4.323161994006213260e-01
3.567785651278209125e-01
2.462277546758184221e-01
1.118005229462406686e-01
-3.439330642295919394e-02
-1.804597751183705245e-01
-3.157887747220085584e-01
-4.318883026477244869e-01
-2.615071497783058030e-01
-3.796749618152456263e-01
-5.117055909161636329e-01
-6.511115275291584625e-01
-7.896061827229551300e-01
-9.176201800341882153e-01
-1.025037003051563200e+00
-1.102089791508388705e+00
-1.140333431306321810e+00
-1.133587224447584640e+00
-1.078736716162856046e+00
-9.762905280221856330e-01
-8.306092858024602954e-01
-6.497570322591934566e-01
-4.449672662835837955e-01
-2.297610381422666992e-01
-1.879770829261141751e-02
1.734256576625414215e-01
3.338877582579924397e-01
4.522248347375969479e-01
5.216482516375645639e-01
5.394947444511400958e-01
5.073496057669077963e-01
4.307349967076033459e-01
3.184089176708541080e-01
1.813675493415826678e-01
3.167778324763105557e-02
-1.187171855707393198e-01
-2.590804689525546545e-01
-3.807367332686756867e-01
-1.297751538693930617e-01
-2.339214304172664294e-01
-3.533658332826738468e-01
-4.822272487418245990e-01
-6.127572400982047585e-01
-7.358086271011254897e-01
-8.415296050878395828e-01
-9.202300457246147536e-01
-9.633380830719947552e-01
-9.643447917518465085e-01
-9.196262347945923787e-01
-8.290374477991395707e-01
-6.961922684324403088e-01
-5.283746468282253250e-01
-3.360677686025558830e-01
-1.321322057973600417e-01
6.929221549921714407e-02
2.540498167329398038e-01
4.092626861026542051e-01
5.245115264499118357e-01
5.927707571539473363e-01
6.109923196635982379e-01
5.802744052937378605e-01
5.056021004798344487e-01
3.951997785837721433e-01
2.595824064388545516e-01
1.104278441933719962e-01
-4.059040549773722251e-02
-1.828730198742415380e-01
-3.077516705777478823e-01
3.781086378690540206e-03
-8.346850552769186082e-02
-1.871045436720976674e-01
-3.020207742875304358e-01
-4.212185528430753556e-01
-5.362128570363160485e-01
-6.376646644735004532e-01
-7.161929705921813438e-01
-7.632909657385517077e-01
-7.722495543080045710e-01
-7.389810966338320464e-01
-6.626392273631391827e-01
-5.459473564072789831e-01
-3.951776309768654794e-01
-2.197606253593784031e-01
-3.154931835352650649e-02
1.561963799891770699e-01
3.300018105244244548e-01
4.774185928859784878e-01
5.881767891584467334e-01
6.551179748377314871e-01
6.748035375463649066e-01
6.477314079057209240e-01
5.781426562733483765e-01
4.734503330569234669e-01
3.433692837189334934e-01
1.988606325821861143e-01
5.102309195171191025e-02
-8.993726031974971780e-02
-2.155459330067026336e-01
1.293470721552701930e-01
6.068049232802698312e-02
-2.503155851595760539e-02
-1.235734163888915355e-01
-2.288572053141293139e-01
-3.332554773259577274e-01
-4.281555767380345601e-01
-5.046970125774492555e-01
-5.546248414149433925e-01
-5.711701556130444057e-01
-5.498568557123035827e-01
-4.891343507562763149e-01
-3.907494558379920879e-01
-2.597965468190210347e-01
-1.044202893059585358e-01
6.481413116517385775e-02
2.358274438467544698e-01
3.961177392046803525e-01
5.339195592189664996e-01
6.393015928827276984e-01
7.050785359988146483e-01
7.274335897885050306e-01
7.061829939725503547e-01
6.446584145600481319e-01
5.492307973746228811e-01
4.285435795304269324e-01
2.925574185322881715e-01
1.515278480237508552e-01
1.503891208011980118e-02
-1.087998099601380358e-01
2.379607805518496599e-01
1.882790679723184146e-01
1.213722378543155983e-01
4.051012461774720907e-02
-4.922954865341801212e-02
-1.412144979733686023e-01
-2.277231045653028696e-01
-3.005916853618018081e-01
-3.519868129119880784e-01
-3.752237181384472930e-01
-3.655385432084511943e-01
-3.207201387922855584e-01
-2.415172627572865771e-01
-1.317588356316101716e-01
1.843881338409208981e-03
1.502073137089731114e-01
3.026537299535811409e-01
4.478790623968640916e-01
5.750061481487489523e-01
6.746058503656523486e-01
7.395700667489837343e-01
7.657373876553662528e-01
7.522023007688697360e-01
7.012784466507878678e-01
6.181300082068859059e-01
5.101265757979824844e-01
3.860097022750556550e-01
2.549790546314958384e-01
1.258099268669323756e-01
6.101881658134258868e-03
3.225640895360699645e-01
2.910353922120953452e-01
2.425929831828746441e-01
1.795670910287469058e-01
1.059915450880603710e-01
2.743054517377500889e-02
-4.939209416234865979e-02
-1.171405109095387254e-01
-1.685450516758552897e-01
-1.971435689008322334e-01
-1.980038474054182651e-01
-1.683407722525165906e-01
-1.079484391405209770e-01
-1.938486326574033469e-02
9.212644622786421433e-02
2.190810632285481452e-01
3.523326181259394119e-01
4.819221371406156584e-01
5.980084005804651159e-01
6.917953598784081226e-01
7.563511793600122823e-01
7.872258081473004765e-01
7.827988228786674219e-01
7.443233726415745544e-01
6.756706390249862526e-01
5.828167065229576949e-01
4.731446074434412785e-01
3.546540682761512020e-01
2.351774722294533992e-01
1.216924033199995731e-01
3.787584593509231157e-01
3.635000707180495727e-01
3.321024437556536757e-01
2.860182813106043609e-01
2.282664448904134225e-01
1.633347182301910783e-01
9.690303647631300088e-02
3.539904620829216475e-02
-1.457894086325109417e-02
-4.691593937556248761e-02
-5.664071644719011200e-02
-4.051554764460681135e-02
2.518672170275917943e-03
7.110290402430925749e-02
1.614652173473338226e-01
2.676820009399932809e-01
3.821754899374312231e-01
4.963983480239944623e-01
6.016316957958888212e-01
6.898074350869618510e-01
7.542614475725077927e-01
7.903321932104380165e-01
7.957385921676257690e-01
7.706992960807985682e-01
7.177885673269670530e-01
6.415571726239498451e-01
5.479750766465534273e-01
4.437721732676373487e-01
3.357611858923070236e-01
2.302225250036880055e-01
4.051529395803406541e-01
4.035123457248310230e-01
3.869062824053949856e-01
3.560168517944032329e-01
3.129304253032750283e-01
2.611081623244000949e-01
2.051974837515505024e-01
1.506883125531550127e-01
1.034385398705186948e-01
6.911242962700113457e-02
5.259066873401475883e-02
5.741907691306701034e-02
8.536300391178412716e-02
1.361256453657159193e-01
2.072715951199169404e-01
2.943737837478751507e-01
3.913753584883990499e-01
4.911314873781381096e-01
5.860731357000246167e-01
6.689188395345873062e-01
7.333538209572950661e-01
7.745996284079592620e-01
7.898115125921377766e-01
7.782630961559647842e-01
7.413053892880890894e-01
6.821158285853797798e-01
6.052785630243890935e-01
5.162559836498656907e-01
4.208209514693529996e-01
3.245183688037728276e-01
4.032721055645688835e-01
4.121600058013356604e-01
4.075642235419452697e-01
3.895335026082089036e-01
3.593442119304020022e-01
3.195273580543210867e-01
2.737583433444813474e-01
2.266064177787190936e-01
1.831586775889047503e-01
1.485510449891765949e-01
1.274533686354483719e-01
1.235653194674734695e-01
1.391824391632924263e-01
1.748867349049441633e-01
2.294038544797543655e-01
2.996504257516151015e-01
3.809728298508222033e-01
4.675553712108656002e-01
5.529546509832526935e-01
6.307009104344118988e-01
6.948985343605557086e-01
7.407581344398391776e-01
7.650017553684883564e-01
7.660995255324808406e-01
7.443180966909643814e-01
7.015852537533306954e-01
6.411975952617249286e-01
5.674159444827922005e-01
4.850037448737740120e-01
3.987659557239055519e-01
-1.543959936925162757e-01
-2.476252866132842012e-01
-3.537821690438175959e-01
-4.676208778683703660e-01
-5.822985677909011670e-01
-6.897999434349852965e-01
-7.815573680191515438e-01
-8.492180326586030725e-01
-8.854848131505742570e-01
-8.849398872011332573e-01
-8.447531425969885266e-01
-7.651826727676207529e-01
-6.497924120879686738e-01
-5.053406917488985073e-01
-3.413301184258965559e-01
-1.692493839487278495e-01
-1.576361219816080350e-03
1.493560400045164660e-01
2.725089191143384437e-01
3.591727959196250874e-01
4.037709394821520914e-01
4.043379726526375451e-01
3.626197556630750274e-01
2.837870876911825491e-01
1.758037849432492750e-01
4.853227340008268997e-02
-8.730933785685736359e-02
-2.212102434419555008e-01
-3.438253531474788072e-01
-4.477255995283355161e-01
-3.776881886966192148e-02
-1.198566804747236703e-01
-2.162503230605100080e-01
-3.221310660768906264e-01
-4.309992280708812573e-01
-5.350668252164068051e-01
-6.258547725498344594e-01
-6.949492897504032651e-01
-7.348459636161833730e-01
-7.397907571087586343e-01
-7.065185015723238759e-01
-6.347930977955524856e-01
-5.276701878307475946e-01
-3.914311016064284665e-01
-2.351734527125092233e-01
-7.008456018075470695e-02
9.153621564389001486e-02
2.374064451243844687e-01
3.564185054175790235e-01
4.396960514014566779e-01
4.814274406113519533e-01
4.793793317779833640e-01
4.350319665733082819e-01
3.533244404710736974e-01
2.420470984354133881e-01
1.109619841578281391e-01
-2.923548440620860056e-02
-1.679845481639874460e-01
-2.958304290142916848e-01
-4.051928233280828739e-01
8.307650901148604106e-02
1.508505566570293721e-02
-6.828353517610386003e-02
-1.628019614191553721e-01
-2.625166752014339577e-01
-3.600942383016415005e-01
-4.473763998150093735e-01
-5.161034389746422812e-01
-5.587383737400791750e-01
-5.693042034001248863e-01
-5.441358984238471308e-01
-4.824506195742754300e-01
-3.866542941986758075e-01
-2.623291062495636816e-01
-1.178819000937616074e-01
3.612619573373347659e-02
1.879085133766031368e-01
3.255450030352699531e-01
4.381188183122113888e-01
5.167686676633502785e-01
5.555350179496041374e-01
5.519012613866831618e-01
5.069677159622349993e-01
4.252420745786336664e-01
3.140782896722649209e-01
1.828398429638420919e-01
4.189634622097197780e-02
-9.842047495795216983e-02
-2.287765105643150831e-01
-3.416045369034529933e-01
1.991473797571854942e-01
1.472375932858353553e-01
7.927195427275919581e-02
-1.239158212802002335e-03
-8.905630351975285519e-02
-1.774993407939275958e-01
-2.589435554748488189e-01
-3.254893976905360309e-01
-3.697447009343174384e-01
-3.856369688435776766e-01
-3.691612707618238121e-01
-3.189688966925981473e-01
-2.367141029856104639e-01
-1.271002430636064551e-01
2.400136684712741997e-03
1.421379288839756949e-01
2.811402145426077914e-01
4.081358939641903105e-01
5.126419712956626906e-01
5.859868448619441894e-01
6.221513779707020797e-01
6.183289107109569693e-01
5.751394903613707976e-01
4.964770193341662696e-01
3.890146736793644311e-01
2.614370150269005322e-01
1.235002594243441859e-01
-1.495975927738700528e-02
-1.449517947599845702e-01
-2.590818887419437666e-01
3.016684708082881250e-01
2.666862691228983340e-01
2.154202990259763140e-01
1.505877253050378339e-01
7.659439640450739495e-02
-6.876450565830166672e-04
-7.434428104353657529e-02
-1.370182897278064138e-01
-1.816300459227537245e-01
-2.021451775875139356e-01
-1.943009767307743441e-01
-1.562007077258220911e-01
-8.869424487782834321e-02
4.515737610332845597e-03
1.170725761879530952e-01
2.404638254554560262e-01
3.647757072210670026e-01
4.796267193148142094e-01
5.751778630779661450e-01
6.431039176237086652e-01
6.774120178560814054e-01
6.750108902041810355e-01
6.359646204662519064e-01
5.634047903739229923e-01
4.631186000740661890e-01
3.428717632765967416e-01
2.115573406053468108e-01
7.828042135702072135e-02
-4.850893694921423749e-02
-1.617357262566561649e-01
3.831569942667694684e-01
3.647719776779233536e-01
3.303488408171588731e-01
2.817894140233870859e-01
2.226030084711487778e-01
1.577532954261647857e-01
9.331449766503575882e-02
3.595569944479344582e-02
-7.702831093120116046e-03
-3.179590253783508291e-02
-3.190232929601129197e-02
-5.631733819860568202e-03
4.696941749313258974e-02
1.232540673212113719e-01
2.180881778983527752e-01
3.242440074530191785e-01
4.330403978187317704e-01
5.351649245174266989e-01
6.215873585641568111e-01
6.844594805827421968e-01
7.178954192167864568e-01
7.185400541450892575e-01
6.858592231143928464e-01
6.221210629476969789e-01
5.320777517728932926e-01
4.223953067661467276e-01
3.009101490322743100e-01
1.758102262350685341e-01
5.484291811041351605e-02
-5.535844400482757555e-02
4.383175233278776006e-01
4.351207454365941252e-01
4.165890962942677134e-01
3.838399350839729607e-01
3.394813509676150587e-01
2.875274000825571163e-01
2.331376907272270649e-01
1.821920777933629942e-01
1.407345073783594636e-01
1.143409279402990281e-01
1.074814044787974071e-01
1.229534940687102423e-01
1.614609556546466318e-01
2.213986885529966031e-01
2.988825729662548669e-01
3.880341275915809018e-01
4.814981932875662118e-01
5.711414307958306846e-01
6.488545964284675449e-01
7.073660957131183702e-01
7.409708203257099335e-01
7.460877158458151248e-01
7.215809617771418161e-01
6.688102356619927136e-01
5.914109070670640067e-01
4.948399103847568870e-01
3.857522074646270172e-01
2.712918065273310364e-01
1.583875831525754507e-01
5.313716725546650810e-02
4.646089498247762406e-01
4.743261635619233085e-01
4.698163739607154610e-01
4.514894554702702512e-01
4.211013335348514075e-01
3.817324163184551700e-01
3.376085324135052468e-01
2.937675156740662263e-01
2.555956205630377509e-01
2.282777374923656843e-01
2.162208942983999682e-01
2.225191809199529303e-01
2.485282571262975582e-01
2.936083783186402285e-01
3.550770816753537340e-01
4.283882710871843025e-01
5.075264536668264714e-01
5.855770430088301781e-01
6.554098838299433627e-01
7.103970242380884814e-01
7.450798799502447167e-01
7.557065024203918346e-01
7.405761889572567425e-01
7.001539497698037184e-01
6.369477238874134972e-01
5.551721710265667964e-01
4.602496755706906861e-01
3.582178702701996897e-01
2.551209003830336441e-01
1.564580419982663506e-01
4.623995957118441358e-01
4.821835978236917453e-01
4.891695826903729727e-01
4.831717894854467565e-01
4.651870434821596123e-01
4.374278359052429788e-01
4.032180585472333045e-01
3.667477720742401415e-01
3.327019020441759345e-01
3.057960716931956147e-01
2.902681693631477544e-01
2.893842190517756374e-01
3.050198161668932206e-01
3.373729017181130163e-01
3.848502170160279512e-01
4.441498255290557418e-01
5.105380654629955162e-01
5.782943992305408232e-01
6.412753514332383276e-01
6.935323645589086539e-01
7.299105130254368579e-01
7.465569905740199186e-01
7.412800521139705223e-01
7.137190545460677660e-01
6.653114811022774466e-01
5.990695480326098110e-01
5.192031255051900995e-01
4.306436489115463284e-01
3.385329303312737959e-01
2.477403058197946706e-01
4.347057685694382667e-01
4.614618499565495413e-01
4.770661962217339069e-01
4.808703053729684318e-01
4.732357212517250278e-01
4.556108861082063810e-01
4.304916151266883761e-01
4.012559914409654094e-01
3.718803275205053160e-01
3.465593948166938998e-01
3.292689814082524480e-01
3.233196598973014924e-01
3.309555409457330954e-01
3.530496227640351203e-01
3.889379789445036040e-01
4.364193748248778593e-01
4.919268687392006068e-01
5.508561920399751566e-01
6.080152507578795440e-01
6.581429328728941597e-01
6.964359930599172133e-01
7.190216372848015070e-01
7.233208347832057461e-01
7.082623165777088836e-01
6.743274550962249370e-01
6.234286836274541832e-01
5.586453889357773095e-01
4.838581206448890337e-01
4.033321282332019142e-01
3.213034830898892080e-01
6.488559149086019218e-02
4.472050070269115163e-03
-7.016525384603011783e-02
-1.555090396613640347e-01
-2.465325707279050205e-01
-3.369919282325224419e-01
-4.198990532802880371e-01
-4.881407428922618918e-01
-5.351854706929345395e-01
-5.558022571130358802e-01
-5.467068352462811642e-01
-5.070519775819997133e-01
-4.386916086192447772e-01
-3.461712544287786075e-01
-2.364280499425106541e-01
-1.182183224116528097e-01
-1.325300076546284678e-03
1.043708806228668268e-01
1.898582529807003594e-01
2.478825955964471528e-01
2.736571710061623808e-01
2.653085882036606002e-01
2.240068262213479322e-01
1.537671468012615783e-01
6.095337897805754024e-02
-4.645023466928431544e-02
-1.597034480612627982e-01
-2.702014326861099103e-01
-3.702857934647899585e-01
-4.538847941902778294e-01
1.801783996709259150e-01
1.314979722470667745e-01
6.737447462729063974e-02
-9.120941750069735954e-03
-9.333696035527871970e-02
-1.793014197910849372e-01
-2.601691744805771367e-01
-3.288269378062310122e-01
-3.785990754965100624e-01
-4.039791658184793688e-01
-4.013015133568457182e-01
-3.692668551775465380e-01
-3.092479987890776050e-01
-2.253232891134199778e-01
-1.240163075993085673e-01
-1.375547126175136192e-02
9.589723750978786099e-02
1.951681046506771877e-01
2.750416714289345976e-01
3.281668568811486053e-01
3.495920680192613483e-01
3.372415035434164765e-01
2.920765485400172445e-01
2.179260507723637108e-01
1.210117523842655501e-01
9.233973618687205120e-03
-1.086880508558607794e-01
-2.241114221833003239e-01
-3.292913934528015618e-01
-4.180370257867911943e-01
2.938526364114416034e-01
2.590649816527810789e-01
2.079753898439006821e-01
1.430892890176130305e-01
6.852517033701448212e-02
-1.020091753140180135e-02
-8.658264734643612848e-02
-1.536955208752179558e-01
-2.048817954958849774e-01
-2.344759162576495748e-01
-2.384859298398112060e-01
-2.151446031723363017e-01
-1.652536777295821047e-01
-9.226530838672127033e-02
-2.074158033613868191e-03
9.747160380679252556e-02
1.972964211918424859e-01
2.879847496827337427e-01
3.607304849185322682e-01
4.082379270891700052e-01
4.254668901251434376e-01
4.101322458639308777e-01
3.628985101371344224e-01
2.872490504824780633e-01
1.890516071374491180e-01
7.588084001541599288e-02
-4.381136833033198730e-02
-1.615706553570968040e-01
-2.697521732586055654e-01
-3.621769646720357505e-01
3.973578542143198500e-01
3.776669487560380678e-01
3.412495511163741724e-01
2.899632259467956330e-01
2.272706447884214054e-01
1.580761132609703190e-01
8.837194160518759001e-02
2.471588417394120218e-02
-2.641408929371755199e-02
-5.932040070913367769e-02
-6.976093404866348657e-02
-5.551395583147961110e-02
-1.675574713163487106e-02
4.380781227041395665e-02
1.210870035541676965e-01
2.080293222092191585e-01
2.962787694582403319e-01
3.770043874080040158e-01
4.418047714824694938e-01
4.835824900504168133e-01
4.972833826843478522e-01
4.804110666524959439e-01
4.332549919690941720e-01
3.588073494787418216e-01
2.623847842082869808e-01
1.510091483729580353e-01
3.263161950213423756e-02
-8.469815856838446011e-02
-1.936141383078129330e-01
-2.880763334173795376e-01
4.827632264001374129e-01
4.783023577668955029e-01
4.571669704246461019e-01
4.205294042064867122e-01
3.711181939032656696e-01
3.131114477919946792e-01
2.518464961657168599e-01
1.933605648446193315e-01
1.438016132751912535e-01
1.087697471535629262e-01
9.266440052276632422e-02
9.811814521086532903e-02
1.255930511270582084e-01
1.731999467638868917e-01
2.367761851443684895e-01
3.102264656787807051e-01
3.860978284154026885e-01
4.563286433717874124e-01
5.130867660927894702e-01
5.495978464949881070e-01
5.608635829877092194e-01
5.441822335845238889e-01
4.994086050812827637e-01
4.289247274361540074e-01
3.373305989130414573e-01
2.309010400070507507e-01
1.168842191812349690e-01
2.735319419490345183e-03
-1.046174478659075147e-01
-1.993878290085090432e-01
5.437388319396340153e-01
5.535803304266206926e-01
5.472802841175272714e-01
5.253354463358623772e-01
4.897118139423836669e-01
4.437958867153793396e-01
3.921730416979516964e-01
3.402409759340931927e-01
2.936893171458994645e-01
2.578975176195205110e-01
2.373187605580656112e-01
2.349251287582569958e-01
2.517870356282069233e-01
2.868475361088408393e-01
3.369306967558381438e-01
3.969951542387511467e-01
4.606128757515545735e-01
5.206231631064942578e-01
5.698874206128851094e-01
6.020549043367067199e-01
6.122462056652865359e-01
5.975705688698840223e-01
5.574143533375757187e-01
4.934681812152818536e-01
4.094951753260323568e-01
3.108769316012931494e-01
2.040022294371732769e-01
9.558164025755670756e-02
-8.023444935950627133e-03
-1.013766674931730200e-01
5.763222495947515345e-01
5.986090245798834086e-01
6.057335944987294329e-01
5.975706665937061679e-01
5.753448511614943639e-01
5.416370699849717418e-01
5.002326382691013595e-01
4.558122829924874941e-01
4.135087628181360331e-01
3.783720344825885484e-01
3.548019686697350683e-01
3.460167690831080778e-01
3.536256527261634752e-01
3.773653379991118162e-01
4.150421263706028374e-01
4.626968363518994543e-01
5.149816470314824146e-01
5.657098500072067493e-01
6.085156176226905744e-01
6.375448091945626894e-01
6.480922171221996653e-01
6.371067002616340735e-01
6.035028078526591955e-01
5.482434375527581727e-01
4.741889913394574108e-01
3.857396927855684665e-01
2.883243985119530173e-01
1.878073052981332203e-01
8.989083353765754680e-02
-4.119780422695562550e-04
5.793427965492139453e-01
6.115193817251337594e-01
6.298894344705123771e-01
6.337952604661605260e-01
6.237851185855894931e-01
6.016687156711005846e-01
5.704317045590732160e-01
5.340042848425674560e-01
4.968982721577918649e-01
4.637461135955551206e-01
4.387914181375627831e-01
4.253910224330900713e-01
4.255914729646610994e-01
4.398371315037191143e-01
4.668531663528250886e-01
5.037259832878621113e-01
5.461787751832632987e-01
5.890141953543013287e-01
6.266733617689913549e-01
6.538439151082335865e-01
6.660423308564168421e-01
6.600985111474104716e-01
6.344836827989120964e-01
5.894440150460125150e-01
5.269289647157102685e-01
4.503310795232814967e-01
3.640785489373506989e-01
2.731394351739990789e-01
1.825047107990592221e-01
9.671511108075252217e-02
5.544405737349363816e-01
5.935466465896339638e-01
6.204809898707304150e-01
6.341680725259298823e-01
6.345788294635169580e-01
6.228266082138212978e-01
6.011411404414755966e-01
5.727103490380099915e-01
5.413966739475433165e-01
5.113521883204438234e-01
4.865724945458937412e-01
4.704407399593512618e-01
4.653180686623906159e-01
4.722342585164402418e-01
4.907220771428948969e-01
5.188220691138453189e-01
5.532631524484533658e-01
5.898014424159960800e-01
6.236784133007314823e-01
6.501430363571553128e-01
6.649734718163045066e-01
6.649337709144131914e-01
6.481100353505412359e-01
6.140873208286221629e-01
5.639507116577413548e-01
5.001180049610340905e-01
4.260335911850494095e-01
3.457700178327616225e-01
2.635929447715103513e-01
1.835456902308200688e-01
5.056941268990267080e-01
5.486761228799286183e-01
5.812873636110487130e-01
6.021611388340675219e-01
6.108115998738096186e-01
6.077599215074690475e-01
5.945580967169281639e-01
5.736960083731620363e-01
5.483917834294991245e-01
5.222812404785367457e-01
4.990372131053648075e-01
4.819613420491316025e-01
4.735975764260749732e-01
4.754167719397131564e-01
4.876150028054476171e-01
5.090551287496168920e-01
5.373633868417532211e-01
5.691727112610190931e-01
6.004849799758193996e-01
6.271083307808473783e-01
6.451155345194611312e-01
6.512667706078641983e-01
6.433454897389943028e-01
6.203685864890227109e-01
5.826498993407193128e-01
5.317163178348126573e-01
4.700953406316868421e-01
4.010088053189038715e-01
3.280174145810256237e-01
2.546634224115872369e-01
2.296214837225137306e-01
1.955160271433089569e-01
1.461933346514272536e-01
8.365112375113632759e-02
1.129400479382934586e-02
-6.623885844586759053e-02
-1.434094642596377978e-01
-2.142576973803348994e-01
-2.729755457824796228e-01
-3.145182059585101553e-01
-3.351812320740127360e-01
-3.330714398015643951e-01
-3.084074251761130814e-01
-2.636027934476108392e-01
-2.031097139677046637e-01
-1.330293219699855700e-01
-6.052510377574555483e-02
6.898263388421560505e-03
6.216887561777852123e-02
9.938345009199130164e-02
1.144168170772551091e-01
1.053315004453796860e-01
7.253887295251847112e-02
1.869546026983100184e-02
-5.164746257304150823e-02
-1.325909188287762164e-01
-2.175574377568576523e-01
-2.999947214758162950e-01
-3.740259182969705720e-01
-4.349712130819279321e-01
3.434876172873005395e-01
3.211717049801440238e-01
2.824840464826508524e-01
2.289763604375296691e-01
1.636720798627224749e-01
9.092650736181050186e-02
1.611645104259216976e-02
-5.482147449202361827e-02
-1.159624712664000523e-01
-1.620151923381452919e-01
-1.889216698407457096e-01
-1.943608773614859953e-01
-1.780881992921742041e-01
-1.420595511712761660e-01
-9.031321756940452472e-02
-2.861177388436937641e-02
3.612299464784012037e-02
9.652159584708840112e-02
1.455433614078162075e-01
1.772258991187568022e-01
1.873167316137840377e-01
1.737101610186826406e-01
1.366370436905602892e-01
7.858739338425045629e-02
3.980938352775534317e-03
-8.136631890635531716e-02
-1.709058759021464258e-01
-2.580627669274154212e-01
-3.368946300650935699e-01
-4.026264430572881747e-01
4.520475844886135408e-01
4.430538218105402604e-01
4.169199437038014211e-01
3.746714270315998907e-01
3.188350184091821582e-01
2.533389461833800982e-01
1.832395550946464557e-01
1.142893662198330301e-01
5.238435670609371819e-02
2.947826662474548054e-03
-2.967852536874210356e-02
-4.276111472062023300e-02
-3.554868550522319315e-02
-9.439444173899760870e-03
3.209029463177896779e-02
8.379845479879359516e-02
1.392023022753948180e-01
1.912596512361204315e-01
2.331275049844596103e-01
2.589072636978895781e-01
2.642854231856227032e-01
2.469909911273598380e-01
2.070143064307723435e-01
1.465634170428070093e-01
6.976911060821543165e-02
-1.781714891587464489e-02
-1.098618310910725315e-01
-1.999385309936013155e-01
-2.821794348660279228e-01
-3.518114324647269031e-01
5.472212930883901816e-01
5.521731153845543805e-01
5.396696150319538754e-01
5.101647458495711662e-01
4.656052678130892519e-01
4.093761393576891838e-01
3.460736467358050406e-01
2.811163228080980625e-01
2.202265063967555059e-01
1.688356219729322816e-01
1.314807608673624895e-01
1.112664201583083851e-01
1.094618624048425276e-01
1.252913694361479369e-01
1.559529377898337121e-01
1.968732447959135046e-01
2.421765399162200683e-01
2.853165782599506595e-01
3.197979107292070466e-01
3.398992837143620105e-01
3.413099237305139422e-01
3.215998202390153993e-01
2.804666569080331295e-01
2.197318646981035739e-01
1.430920390158188504e-01
5.566456957809699790e-02
-3.660724709279136735e-02
-1.276081505737288735e-01
-2.116788054999820257e-01
-2.841415729787541422e-01
6.217548773134118356e-01
6.402913660626167180e-01
6.415444894104230800e-01
6.253909852348640275e-01
5.931539007818220632e-01
5.475953291997035510e-01
4.927425427718439832e-01
4.335521633295011390e-01
3.754392497169175558e-01
3.237186059830751139e-01
2.830210816218041159e-01
2.567555513150302504e-01
2.466859905113609197e-01
2.526822125606891234e-01
2.726833698168798503e-01
3.028875016188496416e-01
3.381515317574368962e-01
3.725581006231877268e-01
4.000824846575761762e-01
4.152781385157855998e-01
4.138955617729047076e-01
3.933571878461065707e-01
3.530299839215649826e-01
2.942648423519928502e-01
2.202036107609856574e-01
1.353859093425830995e-01
4.521387500173142115e-02
-4.465033497770247439e-02
-1.288744486482119589e-01
-2.029606186335536355e-01
6.701145563285347828e-01
7.009294561986432193e-01
7.151160077975301510e-01
7.120077359923457916e-01
6.923027300776009030e-01
6.581027285566705132e-01
6.127952609039005738e-01
5.607779648819991580e-01
5.070453451318411853e-01
4.566783825156813248e-01
4.142934931905031815e-01
3.835167364001466628e-01
3.665500812316837553e-01
3.638883098890199341e-01
3.742283998144899648e-01
3.945899011111342891e-01
4.206378839035648798e-01
4.471731382027708812e-01
4.687313243307295596e-01
4.802171771060779748e-01
4.774942080882656481e-01
4.578557752275920767e-01
4.203193734054962438e-01
3.657103310161705090e-01
2.965301604559953397e-01
2.166341399341463192e-01
1.307677391151377821e-01
4.402839245328081519e-02
-3.867456146951477047e-02
-1.130937906886880229e-01
6.891577386416427586e-01
7.301468975586239418e-01
7.556032197723014932e-01
7.643863200673042257e-01
7.566086966532230562e-01
7.337171563267355090e-01
6.984303297762721741e-01
6.545261225170240227e-01
6.064925399346283719e-01
5.590747316388838817e-01
5.167674268817928906e-01
4.833125629681658819e-01
4.612649209196590383e-01
4.516830763309824248e-01
4.539892547172456605e-01
4.660212808812817520e-01
4.842753269369932112e-01
5.043129288262238052e-01
5.212833732674374554e-01
5.304964196521176900e-01
5.279729865101039366e-01
5.109042247052023589e-01
4.779621109992578387e-01
4.294255375745771874e-01
3.671117055166139287e-01
2.941294496706904904e-01
2.144947375131310841e-01
1.326653587645654775e-01
5.305933247328510627e-02
-2.038096928138327657e-02
6.784694852485164684e-01
7.269637216830355797e-01
7.613846584053066691e-01
7.802144278034334191e-01
7.830536990222000115e-01
7.707388942395597686e-01
7.453310574462740368e-01
7.099655245378080348e-01
6.685692215005304417e-01
6.254706791758303241e-01
5.849440186606785774e-01
5.507396912002467948e-01
5.256596559576235395e-01
5.112318349985146559e-01
5.075280802628648891e-01
5.131526610331613725e-01
5.254066158697082711e-01
5.406101634419097079e-01
5.545440462087370959e-01
5.629543717553433524e-01
5.620567624035192056e-01
5.489758894695858649e-01
5.220658489184860640e-01
4.810739777726315558e-01
4.271329892018853047e-01
3.625902313350968242e-01
2.907046930137305862e-01
2.152587248776310913e-01
1.401399501932171776e-01
6.894855628905670331e-02
6.403144949394473651e-01
6.933622432225050591e-01
7.340586750103383906e-01
7.606213217632094015e-01
7.722376870399021431e-01
7.692098826160141956e-01
7.529880391614429680e-01
7.260777829205475875e-01
6.918225921908259801e-01
6.540786305583831117e-01
6.168152755103466500e-01
5.836866105991909137e-01
5.576256126212756348e-01
5.405123624166269236e-01
5.329600300850807493e-01
5.342483912129332158e-01
5.424159820101818186e-01
5.545012409088182492e-01
5.669030798677466843e-01
5.758152292187573851e-01
5.776788678634527940e-01
5.695960456093037694e-01
5.496525927265366596e-01
5.171126639074027365e-01
4.724656737631640069e-01
4.173272020682970429e-01
3.542151934067916397e-01
2.862384011856599075e-01
2.167432645837884531e-01
1.489671672939206770e-01
5.792262000817044454e-01
6.338845757835800399e-01
6.780610050260775790e-01
7.098261769613590788e-01
7.280667181209167227e-01
7.326479165408475991e-01
7.244829065226882081e-01
7.054907618975413408e-01
6.784391988084957914e-01
6.466826520398841760e-01
6.138212250744364828e-01
5.833181860100247196e-01
5.581213089130069305e-01
5.403350511713687077e-01
5.309857583967459993e-01
5.299112106570331715e-01
5.357902219842377578e-01
5.463098058220056119e-01
5.584492193068882893e-01
5.688446754218421386e-01
5.741879975054172691e-01
5.716085892577582594e-01
5.589913971133264603e-01
5.351935079878988866e-01
5.001370467586880864e-01
4.547737037066053589e-01
4.009337310419805456e-01
3.410868982121074144e-01
2.780525614397911238e-01
2.146994946980003149e-01
3.135691585529449821e-01
2.976892215844752498e-01
2.666304319480487517e-01
2.212609802162759931e-01
1.637141459954994938e-01
9.730822599348494528e-02
2.632414392325561903e-02
-4.434676929102206178e-02
-1.096539326033247191e-01
-1.648910357494426937e-01
-2.061948550149853565e-01
-2.309788189681273862e-01
-2.382452378855327568e-01
-2.287323387976686051e-01
-2.048709849116256421e-01
-1.705489752222198452e-01
-1.307051800389268381e-01
-9.079818877540789257e-02
-5.621143599463109680e-02
-3.166628958571995889e-02
-2.071466811952656084e-02
-2.537304316509245150e-02
-4.594127528147033679e-02
-8.102511711888926715e-02
-1.277539541098801912e-01
-1.821595386005330774e-01
-2.396610575304069513e-01
-2.955899605734264579e-01
-3.456862439370085305e-01
-3.865062666477844799e-01
4.226561583663712152e-01
4.179695879424570326e-01
3.969952962353892612e-01
3.601814486080647804e-01
3.093031790559839234e-01
2.474127095114150854e-01
1.786403982132401813e-01
1.078563056868913489e-01
4.022127609465998843e-02
-1.932648408573844900e-02
-6.659142372436621660e-02
-9.858451984137464597e-02
-1.138716236020483191e-01
-1.127584404233152593e-01
-9.728286672717367800e-02
-7.100878122179950236e-02
-3.864058774396468554e-02
-5.501427023945862360e-03
2.306334575509118301e-02
4.228491759479753587e-02
4.849823491770184625e-02
3.953278087451235490e-02
1.492003464215328756e-02
-2.410455023352719994e-02
-7.479940673170240584e-02
-1.332822217713869328e-01
-1.950090029036939954e-01
-2.553000531495100422e-01
-3.098434082414014412e-01
-3.551140199658062713e-01
5.250372147751727336e-01
5.326317721393045712e-01
5.232048557309532111e-01
4.967346302541678082e-01
4.545570909697840833e-01
3.993512477514557513e-01
3.349719615091089620e-01
2.661364330049352245e-01
1.979903239108867785e-01
1.355974660077273741e-01
8.341033245020949838e-02
4.478470829646973017e-02
2.160001217428726694e-02
1.403631477722920573e-02
2.054128826850824818e-02
3.799721348373026608e-02
6.207273021694727222e-02
8.771968214641324979e-02
1.097556445917818729e-01
1.234605116315002499e-01
1.251128825220571006e-01
1.123996144218232102e-01
8.464895212488472709e-02
4.286175933787618464e-02
-1.045698629723806894e-02
-7.163731619899245395e-02
-1.363027812786733739e-01
-1.998832309378327787e-01
-2.581130528137875468e-01
-3.074527770087433498e-01
6.132700393263835759e-01
6.334061877803406349e-01
6.362241348533881347e-01
6.212132437744302127e-01
5.892178912051738715e-01
5.424604427405758100e-01
4.844123607571633738e-01
4.195153672053238414e-01
3.527746549854384739e-01
2.892647329016960756e-01
2.336027879430346843e-01
1.894521297188488940e-01
1.591178728691008404e-01
1.432881399975770575e-01
1.409575494779604643e-01
1.495475357218531420e-01
1.652129849975901843e-01
1.833001550845856364e-01
1.989003684934118610e-01
2.074305963159391308e-01
2.051679473694816846e-01
1.896711106444233796e-01
1.600373134555076460e-01
1.169661917138718060e-01
6.262873117220700558e-02
3.660282849722029663e-04
-6.573508740594877220e-02
-1.313279466878487789e-01
-1.922870407521457548e-01
-2.451230908570650735e-01
6.807551135276107557e-01
7.128159340074847750e-01
7.277294263989314560e-01
7.245111702783466612e-01
7.034949930169560606e-01
6.663939852309207490e-01
6.162138998137297596e-01
5.570165436892994260e-01
4.935504428110166208e-01
4.307848489082692356e-01
3.733982545226632865e-01
3.252815842796269452e-01
2.891175054333384176e-01
2.660902659525414826e-01
2.557657115209093224e-01
2.561603774562861147e-01
2.639944626575785325e-01
2.750993405901793198e-01
2.849294796133678975e-01
2.891143268933807908e-01
2.839801247737829271e-01
2.669758134980027564e-01
2.369506982541858542e-01
1.942525096957625763e-01
1.406397185991142829e-01
7.902758120635709760e-02
1.310940150899182755e-02
-5.309047888188703213e-02
-1.156695658453452541e-01
-1.712473612351098351e-01
7.225373707385484012e-01
7.650794790446121540e-01
7.911074947753602427e-01
7.992108384668584753e-01
7.892286630105532774e-01
7.623466168489593242e-01
7.210537554483203992e-01
6.689529408748082773e-01
6.104368737074853390e-01
5.502604532077010058e-01
4.930557253391165129e-01
4.428458175638526062e-01
4.026172186135691944e-01
3.740047534156336617e-01
3.571309631962532039e-01
3.506227841824241520e-01
3.518058405463168614e-01
3.570533973477015843e-01
3.622463613994059695e-01
3.632857289886279872e-01
3.565918872599194156e-01
3.395273753492655811e-01
3.106909110965082599e-01
2.700490754816464167e-01
2.188951912380829867e-01
1.596490310598656093e-01
9.553227359615563963e-02
3.016981949080622949e-02
-3.282599760004217826e-02
-9.023332171886544462e-02
7.359016447565519536e-01
7.868005436912289818e-01
8.222397977896136467e-01
8.404579865563043262e-01
8.408476089979902701e-01
8.240829793394246483e-01
7.921190445926019619e-01
7.480505160755166472e-01
6.958382334195001295e-01
6.399275774438457631e-01
5.847994136747395322e-01
5.345050692004800208e-01
4.922413796458415258e-01
4.600189183268202364e-01
4.384662141014365466e-01
4.267962379913767257e-01
4.229408093026970072e-01
4.238366464702001957e-01
4.258266758111141637e-01
4.251248695101051411e-01
4.182846529087442256e-01
4.026111263398309270e-01
3.764660391694722441e-01
3.394303468094291842e-01
2.923098179302792143e-01
2.369912967028646733e-01
1.761773846078539818e-01
1.130423851133119800e-01
5.086018133775811745e-02
-7.345565384853189328e-03
7.206633704570805099e-01
7.773317256699406874e-01
8.199434404472503157e-01
8.464813862673247202e-01
8.559654732090840046e-01
8.486052063452890204e-01
8.258362491061002064e-01
7.902270045538616339e-01
7.452571460985044638e-01
6.949868989164099675e-01
6.436512714752917752e-01
5.952250276639889925e-01
5.530100901017036552e-01
5.192961483522829935e-01
4.951373447923742011e-01
4.802738810893710242e-01
4.732090217480942607e-01
4.714317679983545673e-01
4.717562966091158327e-01
4.707339052200111840e-01
4.650839827127004056e-01
4.520888528951689245e-01
4.299035008363632504e-01
3.977442326261301786e-01
3.559381846516611603e-01
3.058354522232681894e-01
2.496043162070230026e-01
1.899447290344903894e-01
1.297637604704447445e-01
7.185811150582969986e-02
6.791114782063379929e-01
7.387580051598574560e-01
7.860035471362395443e-01
8.186805478910329503e-01
8.355278788911664201e-01
8.363603747095769148e-01
8.221369564055608370e-01
7.949107268259348880e-01
7.576585095397503355e-01
7.140028369942050812e-01
6.678541758647879023e-01
6.230129969331420492e-01
5.827782749046486188e-01
5.496099007123789182e-01
5.248869195488579109e-01
5.087920324944850137e-01
5.003368755451567118e-01
4.975243844305717311e-01
4.976266405853390640e-01
4.975415723821332015e-01
4.941819776249109508e-01
4.848470181001671153e-01
4.675300928798509781e-01
4.411271968991207770e-01
4.055248649689875973e-01
3.615641816615691173e-01
3.108943501997154524e-01
2.557433388180854195e-01
1.986421358443247742e-01
1.421420595891141336e-01
6.156239793988101949e-01
6.755160022981513412e-01
7.248069969993941042e-01
7.612843393664374680e-01
7.835051783381814516e-01
7.909747937606573798e-01
7.842387690556364976e-01
7.648706032244539932e-01
7.353485229965012193e-01
6.988292288098842953e-01
6.588401699685919599e-01
6.189236466471744746e-01
5.822737531692875335e-01
5.514096007049460457e-01
5.279248231324009666e-01
5.123443686267017405e-01
5.041061438803658978e-01
5.016690349677184191e-01
5.027324419854543036e-01
5.045380963731557200e-01
5.042146768492092868e-01
4.991210957330386999e-01
4.871459312515661888e-01
4.669280004832406239e-01
4.379752416307605700e-01
4.006739227152062433e-01
3.561953543480045892e-01
3.063204240563844882e-01
2.532114900517817291e-01
1.991653276018705010e-01
3.165723225910736516e-01
3.114648533325040103e-01
2.925122488206111648e-01
2.598847734605359006e-01
2.148288389458746228e-01
1.596465612560543090e-01
9.755754840780479775e-02
3.244859586759106518e-02
-3.146785890783165840e-02
-9.005220170327812856e-02
-1.396489923728850557e-01
-1.774628094076073359e-01
-2.018520920646053596e-01
-2.125026815677709124e-01
-2.104564291287994438e-01
-1.979877419789167203e-01
-1.783400412852985117e-01
-1.553522427433855768e-01
-1.330199903334473577e-01
-1.150453034623364346e-01
-1.044300868665056503e-01
-1.031631407830543579e-01
-1.120375642463792010e-01
-1.306175297017503345e-01
-1.573529541544974875e-01
-1.898207017910582273e-01
-2.250546798500048795e-01
-2.599170018511970381e-01
-2.914597190559539142e-01
-3.172315861424354067e-01
4.154649813608932152e-01
4.203131424407197669e-01
4.102932343356588407e-01
3.852069321217793108e-01
3.459898732975131286e-01
2.947173804618962722e-01
2.344861790367780419e-01
1.691753320342728184e-01
1.031056959541652579e-01
4.063181949590986830e-02
-1.428884246610902242e-02
-5.849900931346665306e-02
-8.996753073030674952e-02
-1.079964356337225900e-01
-1.132808343208448476e-01
-1.078112676626460514e-01
-9.462793509779782175e-02
-7.745540699993169742e-02
-6.026224145510186703e-02
-4.680004461161448026e-02
-4.017932782910825507e-02
-4.253443135531508046e-02
-5.481738533582505152e-02
-7.674259913248779319e-02
-1.068833734275187186e-01
-1.429006039830626462e-01
-1.818668708489530050e-01
-2.206379930024185976e-01
-2.562206405992560887e-01
-2.860889666249897267e-01
5.080469815755600527e-01
5.236397269750988626e-01
5.236717102397149270e-01
5.075466833074425699e-01
4.758346856348267262e-01
4.303068528970641071e-01
3.738427613289814211e-01
3.102106293641782586e-01
2.437373416007539983e-01
1.789007648687047647e-01
1.198888818171613274e-01
7.017696599956034509e-02
3.217415286837803368e-02
6.984004013710395919e-03
-5.689338568221860570e-03
-7.475506129357836760e-03
-1.118978584988439273e-03
9.867077596037596154e-03
2.163141476199563484e-02
3.044573757726783125e-02
3.313821167879506258e-02
2.744557143814781164e-02
1.224158023719022770e-02
-1.238287021707712432e-02
-4.519192140769047461e-02
-8.401217148184295103e-02
-1.260406119269990022e-01
-1.682064306005616183e-01
-2.075356687395065181e-01
-2.414712405102550918e-01
5.877732119535944433e-01
6.141866041627688233e-01
6.247324012157567941e-01
6.184133696256823853e-01
5.954028507597836084e-01
5.571097899689420041e-01
5.061158877398388434e-01
4.459820113923861906e-01
3.809378228727356430e-01
3.154846518563415025e-01
2.539546048969882341e-01
2.000767345527112995e-01
1.566024442752751988e-01
1.250367011128470929e-01
1.055095670923416468e-01
9.680547331260648536e-02
9.654774669134404130e-02
1.015158443775494995e-01
1.080553679781661031e-01
1.125287546561247326e-01
1.117494397191965277e-01
1.033451266096049176e-01
8.600627117595836812e-02
5.959247849823952337e-02
2.508971297052443872e-02
-1.556808686617106030e-02
-5.978143171802731415e-02
-1.046276854411839347e-01
-1.472141268871628994e-01
-1.849948037410972246e-01
6.488212324581100754e-01
6.853825709221217366e-01
7.061839003431117368e-01
7.098515873430447654e-01
6.961582221003981275e-01
6.661170208879111376e-01
6.219510415446962703e-01
5.669310820341130208e-01
5.050927201513185638e-01
4.408592385788399626e-01
3.786107906606032136e-01
3.222490145688468588e-01
2.748089229762460395e-01
2.381656511689997924e-01
2.128728668256482104e-01
1.981536000586281432e-01
1.920450088440868175e-01
1.916787510467943267e-01
1.936609690804325656e-01
1.945029673590052965e-01
1.910474228071111225e-01
1.808364173820170007e-01
1.623765727540146808e-01
1.352717774044584487e-01
1.002130961237986256e-01
5.883546750237057810e-02
1.346860678543794487e-02
-3.317757926448157424e-02
-7.834662257612637348e-02
-1.195429621188017766e-01
6.867854138023528066e-01
7.321227330650171838e-01
7.622195678405239150e-01
7.753763522778203132e-01
7.709881982460942140e-01
7.496658622184042553e-01
7.132371589237990195e-01
6.646195505277228133e-01
6.075706092671034897e-01
5.463391788255425041e-01
4.852540220351240774e-01
4.282964329396152237e-01
3.787071434722885099e-01
3.386750899229850620e-01
3.091463664701407654e-01
2.897770581854818284e-01
2.790354984840555663e-01
2.744402877176236322e-01
2.729028259303495352e-01
2.711296861489303489e-01
2.660328758227753498e-01
2.550960212456784837e-01
2.366517941898502730e-01
2.100393779846094766e-01
1.756283474309664472e-01
1.347142552214933287e-01
8.930851843604846463e-02
4.185824036568909501e-02
-5.061470339876542046e-03
-4.904005607852261750e-02
6.991987025292408786e-01
7.513697413186324336e-01
7.891979979849063076e-01
8.107296219243390611e-01
8.150300495183481209e-01
8.023270000507999322e-01
7.740421290429521095e-01
7.326992574929621638e-01
6.817120965056578941e-01
6.250699944535147434e-01
5.669542259010706964e-01
5.113276346866526545e-01
4.615454136424747555e-01
4.200335408733383846e-01
3.880738565748745317e-01
3.657218152047022053e-01
3.518662506163399706e-01
3.444223024603053074e-01
3.406315084608091959e-01
3.374294223394100345e-01
3.318329656233964808e-01
3.212982734306278898e-01
3.040052558256804427e-01
2.790366039560057132e-01
2.464347038605019247e-01
2.071373909426075244e-01
1.628099441964845906e-01
1.156036672969278228e-01
6.787898853631758878e-02
2.193237378219849154e-02
6.857967573354224466e-01
7.424789866589929233e-01
7.860328880537049701e-01
8.143361849238225370e-01
8.261915485790235492e-01
8.214857822365592144e-01
8.012479184952365774e-01
7.675918438203388483e-01
7.235428099580315520e-01
6.727619535509203885e-01
6.191966448700584325e-01
5.666951093619503332e-01
5.186296680699727935e-01
4.775731111058350575e-01
4.450669366232890556e-01
4.215090935572943232e-01
4.061738821917948994e-01
3.973598158534448754e-01
3.926448750062479509e-01
3.892150195649259348e-01
3.842230233840043807e-01
3.751319291418376833e-01
3.600010600221053014e-01
3.376819478997070689e-01
3.079052226390012748e-01
2.712552681003844168e-01
2.290448083882278829e-01
1.831141995555552460e-01
1.355882684897210533e-01
8.862611166085031245e-02
6.484853330366624480e-01
7.071995873547151090e-01
7.542345623004212962e-01
7.873913919979129705e-01
8.052887898011937828e-01
8.075318202729887540e-01
7.947912461186611432e-01
7.687773905283066256e-01
7.321047396638898919e-01
6.880571530795432933e-01
6.402766558229870952e-01
5.924094482927672045e-01
5.477493650706450889e-01
5.089204564446081491e-01
4.776362867622692687e-01
4.545643632215336516e-01
4.393109981442686052e-01
4.305266354783376381e-01
4.261163579719859373e-01
4.235270987101931728e-01
4.200738901670387215e-01
4.132635970733474218e-01
4.010765021903210381e-01
3.821734623824998289e-01
3.560079035360507738e-01
3.228358131601155590e-01
2.836309288702266174e-01
2.399243702408992429e-01
1.935963011084406160e-01
1.466508259363769051e-01
5.910252784618540423e-01
6.493616603696076295e-01
6.976086853644688501e-01
7.335803671050123986e-01
7.557942282612234441e-01
7.636428980876420747e-01
7.574886692052222870e-01
7.386639805601206143e-01
7.093714950136271735e-01
6.724897618196915561e-01
6.313027057278832732e-01
5.891816012912951539e-01
5.492552073735208484e-01
5.141062319450794282e-01
4.855297771815085262e-01
4.643821029547076651e-01
4.505368676581645304e-01
4.429524636258930781e-01
4.398400338020976297e-01
4.389092064447616681e-01
4.376592852405424838e-01
4.336788787345401963e-01
4.249173587685390330e-01
4.098969304026464644e-01
3.878435417559584208e-01
3.587268195836755824e-01
3.232117962989889404e-01
2.825364836316543449e-01
2.383377358213278341e-01
1.924522862629676756e-01
