-9.224612145341583025e-01
-1.139121506370921244e+00
-1.366523825439259543e+00
-1.596417863569988382e+00
-1.819133736919500866e+00
-2.024168344339397851e+00
-2.200934178448862077e+00
-2.339609362645691526e+00
-2.432008432606650228e+00
-2.472382494345034321e+00
-2.458057025923671368e+00
-2.389826593182159620e+00
-2.272047501020580285e+00
-2.112399845084543148e+00
-1.921326281264333913e+00
-1.711191937494589865e+00
-1.495243692629859567e+00
-1.286473109657097602e+00
-1.096501899591289630e+00
-9.346094085263561002e-01
-8.070074490480670937e-01
-7.164399877388266669e-01
-6.621468940723357344e-01
-6.401870056306244727e-01
-6.440721330321450555e-01
-6.656265175290656533e-01
-6.959610949009309433e-01
-7.264424001434792721e-01
-7.495432982596644811e-01
-7.594854268475389469e-01
-7.452122259170069762e-01
-9.504498174791626841e-01
-1.169495116141671121e+00
-1.394543791411520628e+00
-1.616167922039162264e+00
-1.823868478883586164e+00
-2.006809878319719687e+00
-2.154677964906424048e+00
-2.258581197727183021e+00
-2.311901527746341500e+00
-2.310998910360971603e+00
-2.255682696122573105e+00
-2.149383842831182889e+00
-1.998992031315355522e+00
-1.814358068072235985e+00
-1.607500193799781041e+00
-1.391588393011472746e+00
-1.179808909227349378e+00
-9.842279763975848583e-01
-8.147765718245932876e-01
-6.784657621722640641e-01
-5.789159195430300109e-01
-5.162457229993091534e-01
-4.873231867390794281e-01
-4.863368956617602490e-01
-5.056074202884260904e-01
-5.365320676008252798e-01
-5.705445733945198050e-01
-5.999765201361588751e-01
-6.187279121478501676e-01
-5.270764024483297616e-01
-7.148242914734189712e-01
-9.195659018173922838e-01
-1.134205410744529408e+00
-1.349832048198254864e+00
-1.556218647944651368e+00
-1.742519729642032722e+00
-1.898115104104856954e+00
-2.013521350349029682e+00
-2.081277842450507620e+00
-2.096709020264836631e+00
-2.058471657532032317e+00
-1.968814765438230641e+00
-1.833508683845922471e+00
-1.661435683073009928e+00
-1.463872840591037505e+00
-1.253534356956363283e+00
-1.043470155409737865e+00
-8.459365132992020531e-01
-6.713597262314066061e-01
-5.275041831631642752e-01
-4.189324589123307185e-01
-3.468098451318993858e-01
-3.090636443237757547e-01
-3.008642577600683099e-01
-3.153567083476953581e-01
-3.445432668327529924e-01
-3.802042665064973570e-01
-4.147466943718506882e-01
-4.418878143383069834e-01
-2.819664474342546967e-01
-4.473642262263259894e-01
-6.328919410429429959e-01
-8.323826712009900763e-01
-1.037686382061485668e+00
-1.239097450067198070e+00
-1.425996011323974466e+00
-1.587655568172019027e+00
-1.714143977652786033e+00
-1.797227045062672612e+00
-1.831176392753501192e+00
-1.813387677742398951e+00
-1.744731626033453553e+00
-1.629587174445477293e+00
-1.475540287698294595e+00
-1.292769717741571789e+00
-1.093177482457384109e+00
-8.893525230599876874e-01
-6.934767649129039979e-01
-5.162906665231915548e-01
-3.662288695268303140e-01
-2.488161970213057517e-01
-1.663823666398190904e-01
-1.181144978000153167e-01
-1.004251344276995694e-01
-1.075758722364084374e-01
-1.324681182124842760e-01
-1.674970054332426961e-01
-2.053639508258752744e-01
-2.397572550410187464e-01
-2.641866749488584049e-02
-1.661883435174217050e-01
-3.289888609005502396e-01
-5.097420115275397290e-01
-7.012514773252869205e-01
-8.945466810101029287e-01
-1.079450709753598581e+00
-1.245332602931342958e+00
-1.381977814555920059e+00
-1.480490821014925018e+00
-1.534133751187019001e+00
-1.539006407149671407e+00
-1.494486422586143615e+00
-1.403372295737143283e+00
-1.271703941520339498e+00
-1.108271459531877667e+00
-9.238586137322846170e-01
-7.302985746268515488e-01
-5.394417545682769211e-01
-3.621460277360997737e-01
-2.073966570615333460e-01
-8.164697143701042659e-02
1.155680886090434609e-02
7.163861410565898480e-02
1.007538194909853163e-01
1.032951583321139039e-01
8.521816706562565513e-02
5.327827480798816295e-02
1.427540479846662463e-02
-2.560764962157821567e-02
2.222505395545372464e-01
1.096129305218521144e-01
-2.853820195867230389e-02
-1.883006841647580920e-01
-3.635608669517857994e-01
-5.462466242706744968e-01
-7.268099783493864319e-01
-8.949084050045792438e-01
-1.040226794413658951e+00
-1.153360679241356879e+00
-1.226668899831587334e+00
-1.255002385929491426e+00
-1.236225766257668113e+00
-1.171469114029944469e+00
-1.065075952212125365e+00
-9.242472490657387407e-01
-7.584154482636332739e-01
-5.784133541527559652e-01
-3.955260442610986638e-01
-2.205268711929268821e-01
-6.279927767136654626e-02
7.036562543373460488e-02
1.742285190948968665e-01
2.467819007159083589e-01
2.886487209739614368e-01
3.027312253428355304e-01
2.936695234365602758e-01
2.671879709899010469e-01
2.294143980288124718e-01
1.862521939225307288e-01
4.478817253814303956e-01
3.621170051100340292e-01
2.489356364520708687e-01
1.110528599886320689e-01
-4.655894058004073077e-02
-2.168311107035636454e-01
-3.909897211217529533e-01
-5.591548398272346843e-01
-7.110991673673205948e-01
-8.370947509225179495e-01
-9.287620462831354118e-01
-9.798312498302801377e-01
-9.867323933658763702e-01
-9.489475590808635896e-01
-8.690837736868674002e-01
-7.526556627839477986e-01
-6.075990972006218849e-01
-4.435669271832329841e-01
-2.710818111770771921e-01
-1.006361354891578963e-01
5.816679407004840541e-02
1.973432506542170117e-01
3.110617523639723214e-01
3.959339009951716171e-01
4.510494617070662793e-01
4.777722326955855525e-01
4.793400078255736219e-01
4.603314368511247645e-01
4.260724983174489222e-01
3.820548363650317913e-01
6.372025106309038289e-01
5.764880160472048987e-01
4.871557859115781541e-01
3.707954041183346705e-01
2.312485426309167091e-01
7.453578400807178705e-02
-9.144208983936737145e-02
-2.574153603776557220e-01
-4.134297628294361648e-01
-5.496417769368260320e-01
-6.571466104525804930e-01
-7.287537682131376426e-01
-7.596283132472113619e-01
-7.477289544562284451e-01
-6.939953889649412844e-01
-6.022643194394934341e-01
-4.789230122153762537e-01
-3.323376372156626735e-01
-1.721175521193202274e-01
-8.293319225444906184e-03
1.495063792143000725e-01
2.927964405321659691e-01
4.148254382521489592e-01
5.109640454222136308e-01
5.788669894958451412e-01
6.184107254379008767e-01
6.314341028831763625e-01
6.213292628069567725e-01
5.925424516035225908e-01
5.500482250831232323e-01
7.810945197012393315e-01
7.423908442622253467e-01
6.746410071431576672e-01
5.784309572343180328e-01
4.565433020834872013e-01
3.139624669276838698e-01
1.576636948598745258e-01
-3.809252733383918649e-03
-1.609475841636933691e-01
-3.040094046785497550e-01
-4.238103749061694625e-01
-5.124943918106762419e-01
-5.642057399243648463e-01
-5.755934739713342019e-01
-5.460961161531960872e-01
-4.779779778234574117e-01
-3.761147745949793841e-01
-2.475526024653617041e-01
-1.008877267195060906e-01
5.446766032374013300e-02
2.090585042242076586e-01
3.541222108140213987e-01
4.822169801131603872e-01
5.876888059997031899e-01
6.669432350129743670e-01
7.185112311919559236e-01
7.429215291567096147e-01
7.424117677205785970e-01
7.205251234297472829e-01
6.816466382995344242e-01
8.752332567337699487e-01
8.547177445441013210e-01
8.055122496235885832e-01
7.273652211697583247e-01
6.221196473279563266e-01
4.937834912424390321e-01
3.483975249462988311e-01
1.936984428770004152e-01
3.859871151718927140e-02
-1.074734884038356653e-01
-2.353135268420927795e-01
-3.366875462397538321e-01
-4.050139445277899375e-01
-4.359113382401286207e-01
-4.275587239698060427e-01
-3.808329852956033323e-01
-2.992119547197161222e-01
-1.884552876944244337e-01
-5.609774252816601692e-02
8.919236316903854378e-02
2.383246713775606929e-01
3.824986713743007138e-01
5.138492720361095278e-01
6.259694347056409258e-01
7.142690527675226164e-01
7.761487601205545594e-01
8.109880578417683061e-01
8.199665128844982886e-01
8.057525233394764452e-01
7.721045675148862086e-01
-9.624940799220019771e-01
-1.187407777144686261e+00
-1.422098877852496113e+00
-1.657361096640210807e+00
-1.882481888832332695e+00
-2.085915348681687931e+00
-2.256136710863232420e+00
-2.382608138737796644e+00
-2.456763283690184263e+00
-2.472905437815644980e+00
-2.428913549609607703e+00
-2.326663019595041959e+00
-2.172093434717156324e+00
-1.974890940111717619e+00
-1.747795008971546604e+00
-1.505583094547918055e+00
-1.263826623027158647e+00
-1.037542691876090162e+00
-8.398831328183096190e-01
-6.810031890876792060e-01
-5.672348691253304986e-01
-5.006563830867261089e-01
-4.791026949231679266e-01
-4.966089965693815667e-01
-5.442260834257900415e-01
-6.111017542804139113e-01
-6.856921210507502806e-01
-7.569556179802142681e-01
-8.153920544688977312e-01
-8.538173879839459079e-01
-7.778653885216730846e-01
-9.896381840353408732e-01
-1.214065707690910934e+00
-1.442406315445050824e+00
-1.664213023829899551e+00
-1.867971086535199055e+00
-2.041936910543071804e+00
-2.175110865187887654e+00
-2.258251933070364093e+00
-2.284826959858800244e+00
-2.251784367907132545e+00
-2.160052978636388676e+00
-2.014690648920475446e+00
-1.824642593847664251e+00
-1.602111792415257252e+00
-1.361588826180734513e+00
-1.118630329173219140e+00
-8.885084074370935836e-01
-6.848731375298611201e-01
-5.185732311235787817e-01
-3.967648421429535444e-01
-3.224063927234973592e-01
-2.941917954212695530e-01
-3.069213248102135028e-01
-3.522558820839863936e-01
-4.197541492556456366e-01
-4.980599506937830601e-01
-5.760937806388508609e-01
-6.441096958556240537e-01
-6.945050208420342486e-01
-5.536289026440698313e-01
-7.461456500995184982e-01
-9.543133721515509871e-01
-1.170138421558152508e+00
-1.383738830273296694e+00
-1.583924213859027930e+00
-1.758993990402029306e+00
-1.897691667182393793e+00
-1.990226294704185772e+00
-2.029254527049922707e+00
-2.010711224947851150e+00
-1.934384851475107192e+00
-1.804155907989463126e+00
-1.627850374905258635e+00
-1.416701950405376831e+00
-1.184461960746901799e+00
-9.462385887405053708e-01
-7.171819338916680664e-01
-5.111534578046537103e-01
-3.395240404211919971e-01
-2.102326159705494579e-01
-1.272079928592635967e-01
-9.021328953695918751e-02
-9.512093878497837607e-02
-1.345734455727392864e-01
-1.989385454615988091e-01
-2.774338976023273395e-01
-3.592808396988123043e-01
-4.347510765757223172e-01
-4.959932486985403344e-01
-3.047029174825746645e-01
-4.732317384848077069e-01
-6.603662393183079571e-01
-8.590983370101604732e-01
-1.060374915494996184e+00
-1.253600919115977597e+00
-1.427373969608719317e+00
-1.570395519392802530e+00
-1.672475332228074762e+00
-1.725526157462036414e+00
-1.724437225191466805e+00
-1.667720568144689608e+00
-1.557843332682375292e+00
-1.401190495428295213e+00
-1.207642398272985806e+00
-9.897955957254213066e-01
-7.618982519350252502e-01
-5.386071900095129594e-01
-3.336977304148398549e-01
-1.588659847243021062e-01
-2.275449962868836967e-02
6.969343757051656152e-02
1.174850232118620219e-01
1.234172452524656821e-01
9.353745254863150838e-02
3.630406284230938696e-02
-3.843955395980701295e-02
-1.205472659610936914e-01
-2.005787096585526785e-01
-2.706234000879271795e-01
-4.834626380609713392e-02
-1.898964249303004004e-01
-3.527902492999996364e-01
-5.311774908382019822e-01
-7.170417634731317547e-01
-9.006125331085140795e-01
-1.071017255381482292e+00
-1.217127545775051889e+00
-1.328524059891160292e+00
-1.396482918356845682e+00
-1.414875577667648043e+00
-1.380876201095881939e+00
-1.295386291365727471e+00
-1.163114271658638676e+00
-9.922848368664153318e-01
-7.939949103527457197e-01
-5.812747812170682149e-01
-3.679491115923748668e-01
-1.674181169738470365e-01
8.509397851730663570e-03
1.506043274992700520e-01
2.529210425935335960e-01
3.131455265343986438e-01
3.325607049332182097e-01
3.156490070155394956e-01
2.693959805716152345e-01
2.023928608828476916e-01
1.238555506027084890e-01
4.268000611929714111e-02
-3.336016285944528453e-02
1.978137089181231656e-01
8.434079478826389531e-02
-5.282416550792489590e-02
-2.090833942054601269e-01
-3.775950628490639671e-01
-5.495858701646900712e-01
-7.149072486353924560e-01
-8.627989986062768457e-01
-9.827945987371227154e-01
-1.065679149728562258e+00
-1.104397496609488938e+00
-1.094808918924138119e+00
-1.036196650392572138e+00
-9.314644328245026417e-01
-7.869857390294032751e-01
-6.121103099981559659e-01
-4.183724794806144565e-01
-2.184813593872720616e-01
-2.519963788447285302e-02
1.497682170707001215e-01
2.967583368622426776e-01
4.088962599310236867e-01
4.825371139457892422e-01
5.173606743718276446e-01
5.161275394661847260e-01
4.841435724486399250e-01
4.285130406201457798e-01
3.572818967617342190e-01
2.785787460524760673e-01
1.998520120660665644e-01
4.177806117202365055e-01
3.316589679462036977e-01
2.200391022196646895e-01
8.625308261859017389e-02
-6.409332052633956445e-02
-2.233319461336485123e-01
-3.821852997732955171e-01
-5.304354624317910716e-01
-6.577537327753657515e-01
-7.546117086701875643e-01
-8.131790004665151450e-01
-8.281084357349786096e-01
-7.971175149521059211e-01
-7.212944455223657680e-01
-6.050862023734600026e-01
-4.559613312934510665e-01
-2.837773431158219228e-01
-9.991690287605048404e-02
8.371582205358460427e-02
2.557309503943098195e-01
4.062098982915247070e-01
5.274832408559348984e-01
6.146520911793076358e-01
6.658081654292328233e-01
6.819452105256473828e-01
6.665917426388046074e-01
6.252268564342274848e-01
5.645628618777216445e-01
4.917879341757804279e-01
4.138581316922738118e-01
5.989016775898050593e-01
5.378436941715780684e-01
4.501395158518288753e-01
3.379186844520629673e-01
2.055638435087989990e-01
5.959629454408483379e-02
-9.167306832030303054e-02
-2.387116082295664687e-01
-3.715074914070380374e-01
-4.804183975145733809e-01
-5.570407563020288721e-01
-5.950066940168999841e-01
-5.906199135080770768e-01
-5.432568067149542435e-01
-4.554835779258420980e-01
-3.328711774755077624e-01
-1.835236669603900750e-01
-1.736809629348773365e-02
1.547190007062567429e-01
3.218552531977026954e-01
4.740661485703848155e-01
6.030740499547347921e-01
7.028847205310952972e-01
7.701197160915068674e-01
8.040748520066457461e-01
8.065180441324307781e-01
7.812695913161726846e-01
7.336304049816444461e-01
6.697360120551371088e-01
5.959152379246276388e-01
7.330399275334326115e-01
6.936024685672501633e-01
6.270961417436207164e-01
5.345750657545259577e-01
4.192769067806083050e-01
2.865954957137150649e-01
1.438307280318497361e-01
-2.776474934807135475e-04
-1.361990461059888469e-01
-2.543864822288679495e-01
-3.461009296216174258e-01
-4.042005847666757523e-01
-4.238105310896048694e-01
-4.027990297442500811e-01
-3.420064435624237120e-01
-2.451993232773192477e-01
-1.187522784595588105e-01
2.890972064542107756e-02
1.880496765222074151e-01
3.484592865340275791e-01
5.003138634867354551e-01
6.349539061098314896e-01
7.455168423498770292e-01
8.273624222245979931e-01
8.782613181025651361e-01
8.983451119127515705e-01
8.898431184017510098e-01
8.566538079145242790e-01
8.038131986396892525e-01
7.369280060802145815e-01
8.170604828021389432e-01
7.951245176801030601e-01
7.464340772300039895e-01
6.711410271858371246e-01
5.714667292639360463e-01
4.517478333797952939e-01
3.182752876573332612e-01
1.789252244626747812e-01
4.260504681455737352e-02
-8.143882643312730374e-02
-1.843866281190959799e-01
-2.586081217942908794e-01
-2.983440062454967290e-01
-3.002339148875771691e-01
-2.636343542728029621e-01
-1.906919411722606816e-01
-8.616345088281102127e-02
4.299862226641303770e-02
1.882512976754830425e-01
3.401936102301673093e-01
4.893505348456462789e-01
6.269290915663139341e-01
7.454732136984043578e-01
8.393581193117657380e-01
9.050854484310774106e-01
9.413645249831050776e-01
9.489895581933485147e-01
9.305442414412724572e-01
8.899813835565887343e-01
8.321341718030147439e-01
-8.974640972877702128e-01
-1.113655315342909624e+00
-1.338648579103860481e+00
-1.562988135158753122e+00
-1.775686961339438596e+00
-1.964936723678607056e+00
-2.119011148726986704e+00
-2.227288360653028931e+00
-2.281293341118865392e+00
-2.275647351513984340e+00
-2.208809850473147041e+00
-2.083511516251711715e+00
-1.906803975282573838e+00
-1.689690397853490511e+00
-1.446347215489133031e+00
-1.192995524687501918e+00
-9.465252463944370254e-01
-7.230097971484551467e-01
-5.362686812355664800e-01
-3.966364028133473330e-01
-3.100770564153239595e-01
-2.777462312877870820e-01
-2.960496171029898260e-01
-3.571875412160513963e-01
-4.501148507042452285e-01
-5.617947384037893510e-01
-6.785909367299596262e-01
-7.876303851979198356e-01
-8.779797785831029433e-01
-9.415121929694860725e-01
-7.158066758859770173e-01
-9.176848566145056063e-01
-1.130855974486028481e+00
-1.346326837414927979e+00
-1.553392471722140122e+00
-1.740310966790052483e+00
-1.895190339072777119e+00
-2.007016015338038528e+00
-2.066720798866779951e+00
-2.068182335680102568e+00
-2.009029401470252552e+00
-1.891149457369847076e+00
-1.720815647595427489e+00
-1.508389539755931485e+00
-1.267602453950674724e+00
-1.014467815541804985e+00
-7.659234263642997753e-01
-5.383396430646436581e-01
-3.460516930147280457e-01
-2.000778288717348918e-01
-1.071680815008093507e-01
-6.929213421357569014e-02
-8.362330427328369675e-02
-1.430153218081169908e-01
-2.369078163434493178e-01
-3.525439427972211770e-01
-4.763472467618553585e-01
-5.952901724633321567e-01
-6.980956140942281563e-01
-7.761437556505367263e-01
-4.998993295249591351e-01
-6.818147077034689696e-01
-8.776036435658458590e-01
-1.079017522106074267e+00
-1.275935119407804130e+00
-1.456979302462456438e+00
-1.610361027987596394e+00
-1.724884747390699857e+00
-1.791020682439562473e+00
-1.801930180339095466e+00
-1.754324022503986891e+00
-1.649042121786850945e+00
-1.491266559932164837e+00
-1.290316439924052982e+00
-1.059018747420518380e+00
-8.126990513312601916e-01
-5.678832598416169164e-01
-3.408404684039478272e-01
-1.461215465141443293e-01
4.745632634117821248e-03
1.042574264234615022e-01
1.495186934298975978e-01
1.423459027882572892e-01
8.888361180035997400e-02
-1.211001371406916684e-03
-1.159079538712350504e-01
-2.421232304668860802e-01
-3.670540822318281715e-01
-4.793744884999368017e-01
-5.701621236173507468e-01
-2.648625146258378749e-01
-4.226645434849563010e-01
-5.968714518437949756e-01
-7.802140264933437042e-01
-9.634183746607073440e-01
-1.135744743345243446e+00
-1.285764660493036171e+00
-1.402318180605997000e+00
-1.475563026971490332e+00
-1.498006019529091182e+00
-1.465398105103645987e+00
-1.377379819262789518e+00
-1.237784487242013620e+00
-1.054540288205247034e+00
-8.391559497062267559e-01
-6.058232693386004231e-01
-3.702168779518103525e-01
-1.481114192270845953e-01
4.603705397393820231e-02
2.003894654673133990e-01
3.067562818488129839e-01
3.612482018421748764e-01
3.644743451665082290e-01
3.212728332534032227e-01
2.400166179599838578e-01
1.315894821171588736e-01
8.165615872251216767e-03
-1.180546171128127597e-01
-2.360027730319917694e-01
-3.366678601521593817e-01
-2.756959906856317269e-02
-1.589102120786475281e-01
-3.089871557724201412e-01
-4.716793308339242152e-01
-6.387655583216558242e-01
-8.003707460987887767e-01
-9.456564430192756499e-01
-1.063706934329146314e+00
-1.144531340596890212e+00
-1.180079029488199982e+00
-1.165153908822805118e+00
-1.098115338395168283e+00
-9.812701890649949688e-01
-8.208907480536524748e-01
-6.268336061138146675e-01
-4.117807035212527333e-01
-1.901696731625819314e-01
2.307952416418335845e-02
2.139065106839072583e-01
3.703736628926293517e-01
4.837095790227644021e-01
5.490165879506720970e-01
5.655664188861277974e-01
5.366590063332150606e-01
4.690737357603114166e-01
3.721924397698371245e-01
2.569117958490454434e-01
1.344838615087778078e-01
1.542449002743996600e-02
-9.138920146675448553e-02
1.953390255901425177e-01
9.092130763030349672e-02
-3.421689176528617399e-02
-1.751936441169645586e-01
-3.249741908637492904e-01
-4.747157903508883448e-01
-6.143576671454666904e-01
-7.334176746058859164e-01
-8.219265839065214019e-01
-8.714065215370523365e-01
-8.757859097484080868e-01
-8.321420098215641659e-01
-7.411748605971932857e-01
-6.073422226966698201e-01
-4.386214469645743352e-01
-2.459068091330686989e-01
-4.209455265502330679e-02
1.590530134072280777e-01
3.441438789761216976e-01
5.013578352312207942e-01
6.214798298278336741e-01
6.986511594531711333e-01
7.307588623841722031e-01
7.194287191048882590e-01
6.696367633517055218e-01
5.890010600571663479e-01
4.868528978486535985e-01
3.732090857411461404e-01
2.577717544525693349e-01
1.490689144792232690e-01
3.893779293052837542e-01
3.105950359172687802e-01
2.095837482559705922e-01
8.997629294323003513e-02
-4.243560038832733250e-02
-1.799421442170755225e-01
-3.133973573732899975e-01
-4.329138238303036901e-01
-5.287128117563851815e-01
-5.920471812809532386e-01
-6.160983148252071606e-01
-5.967437679379120619e-01
-5.331007877078827173e-01
-4.277718881745133372e-01
-2.867501971537290140e-01
-1.189806876876416120e-01
6.438601246728951899e-02
2.509729863289475449e-01
4.282858511139270297e-01
5.848301446467645270e-01
7.111142118536130097e-01
8.004281063305158650e-01
8.493168573559795043e-01
8.577049170455142146e-01
8.286723705512920590e-01
7.679263138662824062e-01
6.830464953383030835e-01
5.826078041751640013e-01
4.752903952146388944e-01
3.690806265392213015e-01
5.437675334254007398e-01
4.879061985197901685e-01
4.088814348264273590e-01
3.091400112300242697e-01
1.932482852142548557e-01
6.774988462050400562e-02
-5.920725524815487195e-02
-1.784575685888113994e-01
-2.805726461493153190e-01
-3.567134753074341358e-01
-3.994917799445284468e-01
-4.037446377353067217e-01
-3.671308803249452857e-01
-2.904739264805407117e-01
-1.778020874139518148e-01
-3.607101701211582606e-02
1.254102219056109080e-01
2.957927044038823894e-01
4.636548845798061924e-01
6.180186293612396353e-01
7.493031068486236679e-01
8.501135854760999422e-01
9.157833574972337187e-01
9.446185258836864440e-01
9.378329057480604414e-01
8.991984510169626077e-01
8.344699653088057945e-01
7.506667159794983002e-01
6.553048429724792623e-01
5.556721410932884408e-01
6.523841890386388176e-01
6.157560479685970645e-01
5.556564506975407713e-01
4.734726825369431902e-01
3.726275874184720727e-01
2.585266118541094671e-01
1.382884435686164426e-01
2.026645804305312812e-02
-8.660503725910725925e-02
-1.735813247109347923e-01
-2.329175370626633823e-01
-2.586317428795944506e-01
-2.471345120015138730e-01
-1.976500290757433054e-01
-1.123750274210721378e-01
3.649573943959297587e-03
1.429468675117047671e-01
2.962520473156587952e-01
4.533322601277599562e-01
6.038899328860727334e-01
7.384519518131835714e-01
8.491499140476184149e-01
9.303114077399896598e-01
9.788069126701169909e-01
9.941280065741967542e-01
9.782057048138099731e-01
9.350082613897537920e-01
8.699814002355559239e-01
7.894076793903058720e-01
6.997641332343920162e-01
7.140004137453537236e-01
6.924418169006614221e-01
6.477372317307037441e-01
5.803841228917575590e-01
4.927925705817288171e-01
3.893077782256789132e-01
2.760339989732162880e-01
1.604587318354742664e-01
5.090047728080432377e-02
-4.417338833084939048e-02
-1.168932104103580227e-01
-1.607210430972983994e-01
-1.710923056103535456e-01
-1.458924827969372284e-01
-8.571249138055714312e-02
6.150064778476386010e-03
1.239483704529620173e-01
2.599779750474240925e-01
4.052511784584676979e-01
5.502822978599115622e-01
6.858999731340038597e-01
8.040010630087812693e-01
8.981695863734222574e-01
9.641023203773124717e-01
9.998075185344529325e-01
1.005571252095764923e+00
9.837131848245665999e-01
9.381764440707777153e-01
8.740117227103134656e-01
7.968221618815970464e-01
-7.432800663888450288e-01
-9.375158527278040221e-01
-1.140242038196260355e+00
-1.342511628931988943e+00
-1.533860916183002132e+00
-1.702997599026469411e+00
-1.838686792904676182e+00
-1.930762340666607679e+00
-1.971165163154431799e+00
-1.954894558137046046e+00
-1.880755601042115366e+00
-1.751797793710652584e+00
-1.575366646340413235e+00
-1.362728787284241516e+00
-1.128278473886280553e+00
-8.883835779188747894e-01
-6.599759346668394588e-01
-4.590279592450290935e-01
-2.990789757849461328e-01
-1.899767172786181180e-01
-1.369802604489327447e-01
-1.403314918760745766e-01
-1.953473366240239262e-01
-2.930213933271681448e-01
-4.210601094550253110e-01
-5.652245060315805869e-01
-7.108119783626359878e-01
-8.440995438294760511e-01
-9.535820502538211452e-01
-1.030874067737515443e+00
-5.690536940145043410e-01
-7.482180957948614264e-01
-9.379461322469637707e-01
-1.129747182889585755e+00
-1.313456777252827390e+00
-1.477890334893764646e+00
-1.611711721284467602e+00
-1.704447203959324586e+00
-1.747547494638695298e+00
-1.735382277829353503e+00
-1.666046496858996750e+00
-1.541867684037959485e+00
-1.369528844378281152e+00
-1.159759834044819859e+00
-9.265978833077308519e-01
-6.862694060775795801e-01
-4.557940536651195473e-01
-2.514514522317222722e-01
-8.727524217565736653e-02
2.625646188884360119e-02
8.318222465651173292e-02
8.255590967885667597e-02
2.842298046168399359e-02
-7.072131874984870226e-02
-2.029229665330395671e-01
-3.540844038848777742e-01
-5.094402867083857034e-01
-6.550144811542181200e-01
-7.788889939744317870e-01
-8.721490414099249966e-01
-3.683495153508825615e-01
-5.275996275631409382e-01
-6.995240639681775674e-01
-8.763489565674702497e-01
-1.048492220020839305e+00
-1.205160873197914873e+00
-1.335176368876230590e+00
-1.427964090085518389e+00
-1.474613555002878051e+00
-1.468895310236431495e+00
-1.408112790337959330e+00
-1.293674873607755682e+00
-1.131297837639445136e+00
-9.307821823390856064e-01
-7.053566105393186403e-01
-4.706329539300218578e-01
-2.432655558701878884e-01
-3.944982931060636577e-02
1.265787463380452504e-01
2.438766619279066072e-01
3.058012081426054740e-01
3.105770203796520690e-01
2.613534820174823747e-01
1.657487385364255217e-01
3.494038623813348898e-02
-1.175804981631877744e-01
-2.774349946327210326e-01
-4.307867756339954224e-01
-5.656096242669106378e-01
-6.726549066625265860e-01
-1.560007653831086971e-01
-2.920537028481550168e-01
-4.428142371469902527e-01
-6.014385087486552317e-01
-7.591705675730434644e-01
-9.058645070591040405e-01
-1.030743226257028189e+00
-1.123337663632747896e+00
-1.174519625323088290e+00
-1.177518809718653969e+00
-1.128804304203153697e+00
-1.028715269915583042e+00
-8.817454340604480301e-01
-6.964199913292060673e-01
-4.847481647370153190e-01
-2.612848722806326296e-01
-4.188441938715577184e-02
1.577287800041440868e-01
3.234189427608529233e-01
4.439634520124298156e-01
5.120902666674543857e-01
5.251066147807270657e-01
4.850459156583917242e-01
3.983193970629845815e-01
2.749211078458126956e-01
1.272908730537935795e-01
-3.101921945117864371e-02
-1.867092002822019203e-01
-3.279647261259500679e-01
-4.454245600688073736e-01
5.213917055647053489e-02
-5.922156494133429261e-02
-1.871242860723686952e-01
-3.258043479403334719e-01
-4.675179122773587825e-01
-6.029749662034168400e-01
-7.220124516516434054e-01
-8.144606702420592592e-01
-8.711249918409500470e-01
-8.847808589136408886e-01
-8.510672403276808851e-01
-7.691648512841389174e-01
-6.421616542874152289e-01
-4.770384064489348042e-01
-2.842483337791461007e-01
-7.691267604723039941e-02
1.302980769933203553e-01
3.224853809916081171e-01
4.859044391103814475e-01
6.092517899288206751e-01
6.847105916817106674e-01
7.086320672628458883e-01
6.817751019176347960e-01
6.090808898082237244e-01
4.990181564536877445e-01
3.625882744758717191e-01
2.121204691972759793e-01
6.000913667039355776e-02
-8.245498662241841636e-02
-2.060298151671276501e-01
2.411215149111187728e-01
1.541546842428301867e-01
4.912651898902170577e-02
-6.935305989940421245e-02
-1.946688092182166652e-01
-3.185360385792407323e-01
-4.315747075276133438e-01
-5.240852600312907450e-01
-5.869588777663714563e-01
-6.126298254853983494e-01
-5.959624856127707648e-01
-5.349635117627457026e-01
-4.312216262641410669e-01
-2.900033958015297841e-01
-1.199703557595544895e-01
6.747308481507328926e-02
2.591459001323227485e-01
4.412746789935191316e-01
6.007688690327768199e-01
7.264444616466214644e-01
8.100560567996859529e-01
8.470183832293781689e-01
8.367358702072367205e-01
7.825079234245254645e-01
6.910312934605563617e-01
5.715714936808818925e-01
4.349150745978018207e-01
2.922377654504043631e-01
1.540268396291480102e-01
2.917966873530695310e-02
3.986654932914205363e-01
3.342090638094608046e-01
2.505857235727962373e-01
1.512501985254304515e-01
4.164599385402565496e-02
-7.103162176784638682e-02
-1.783037168347660073e-01
-2.710811052611527550e-01
-3.404874522432715378e-01
-3.787510940278787652e-01
-3.800676941721934377e-01
-3.413305239357457554e-01
-2.626330161892759807e-01
-1.474691888020605024e-01
-2.589623620888489158e-03
1.624896874902973243e-01
3.362860400963519347e-01
5.063773043850531286e-01
6.605479154032671829e-01
7.879258522449021918e-01
8.799812483156344012e-01
9.312727060683942959e-01
9.398582944657233318e-01
9.073305653679786253e-01
8.384827923177378128e-01
7.406600251724280159e-01
6.228865761001296519e-01
4.948856075417378264e-01
3.661132855496961325e-01
2.449191060892338956e-01
5.164731817861409890e-01
4.714362821290754013e-01
4.066114073059147738e-01
3.243659628263078631e-01
2.289979079836514664e-01
1.265932648441152886e-01
2.466446167221158364e-02
-6.841510934687665413e-02
-1.441367406261651607e-01
-1.946735714336497725e-01
-2.137023924241205630e-01
-1.971350798186773945e-01
-1.436684103134198143e-01
-5.507697746809783745e-02
6.379928118108181556e-02
2.053868022574433794e-01
3.600049706935941618e-01
5.167262907814206274e-01
6.643784812080428814e-01
7.925773155690842842e-01
8.926735580349773880e-01
9.585071418865378501e-01
9.868858348764453225e-01
9.777408649166482446e-01
9.339533726223215870e-01
8.608870740579686043e-01
7.656980257097858455e-01
6.565167096267771063e-01
5.416074972178731572e-01
4.286050583858372343e-01
5.909010523482906008e-01
5.614640009505599272e-01
5.121377028266442810e-01
4.443251982619866869e-01
3.612637539960957822e-01
2.679673814696300060e-01
1.709661313478739730e-01
7.784804934187933290e-02
-3.364280582963886240e-03
-6.494642822314804220e-02
-1.002390027157075009e-01
-1.043632636644105938e-01
-7.480002968900198446e-02
-1.175762739776206947e-02
8.172393097301446085e-02
1.999559669399871564e-01
3.350610101715552069e-01
4.776653893703673437e-01
6.177511513307248903e-01
7.455733708954060956e-01
8.525401649188885100e-01
9.319572893961136639e-01
9.795566924037396594e-01
9.937564846016373465e-01
9.756344822895433033e-01
9.286337138040136052e-01
8.580507394024270429e-01
7.703816378037567913e-01
6.726128260806349957e-01
5.715432684397564467e-01
6.229225271879370585e-01
6.050366330008455362e-01
5.676765703472036462e-01
5.114415329047704573e-01
4.386363217333422715e-01
3.532854995951211774e-01
2.609633127697523203e-01
1.684371369120764295e-01
8.314569525446696696e-02
1.255615258391364064e-02
-3.653687936497547473e-02
-5.869530540186782691e-02
-5.042623797223393101e-02
-1.060397631981626829e-02
5.932982044586716797e-02
1.554186970463133644e-01
2.714985411650511216e-01
3.997308183200192766e-01
5.313059080812432278e-01
6.572396329884084842e-01
7.691747569525837491e-01
8.600992331984903538e-01
9.249044216175249522e-01
9.607278070652250923e-01
9.670528736673774661e-01
9.455696216786250163e-01
8.998282577532988880e-01
8.347417046769475268e-01
7.560066706499729561e-01
6.695165589038772902e-01
-5.405874773562046043e-01
-7.057032972293242334e-01
-8.798580782327363181e-01
-1.055244081588520677e+00
-1.222577975275624507e+00
-1.371712639825816815e+00
-1.492444008411335732e+00
-1.575447974761927883e+00
-1.613256479560925438e+00
-1.601164853282484479e+00
-1.537957735254572134e+00
-1.426350370770578024e+00
-1.273065975543022255e+00
-1.088506353833504248e+00
-8.860183892932171901e-01
-6.808081711720550544e-01
-4.886011514194672500e-01
-3.241843757840032203e-01
-1.999896403767160991e-01
-1.248800712261070867e-01
-1.032851367790048325e-01
-1.347914426642888852e-01
-2.142429042432891229e-01
-3.323409241202149866e-01
-4.766718315339082412e-01
-6.330344839618516906e-01
-7.869040101082833694e-01
-9.248540534631330967e-01
-1.035771677940496183e+00
-1.111734178021692943e+00
-3.712281162220708031e-01
-5.206348907437925444e-01
-6.808628141451491533e-01
-8.445672871445333296e-01
-1.002790024208377595e+00
-1.145536561199171466e+00
-1.262564282821426742e+00
-1.344319271671364557e+00
-1.382932251134159518e+00
-1.373164476561555158e+00
-1.313187325552834128e+00
-1.205086836367356362e+00
-1.055006987183663814e+00
-8.728814970942391227e-01
-6.717497722501338808e-01
-4.667030537523733646e-01
-2.735554695114639778e-01
-1.073748224979620275e-01
1.896660803872384296e-02
9.605487886921952601e-02
1.188599710582735058e-01
8.720977291103465534e-02
5.751519984943279790e-03
-1.165966676726302720e-01
-2.676367124227645444e-01
-4.332001400077142295e-01
-5.986131741609671542e-01
-7.501383088852051628e-01
-8.762230967242409241e-01
-9.684205438969251123e-01
-1.831306651900133919e-01
-3.128833351704302101e-01
-4.552185510173899496e-01
-6.034801472314754722e-01
-7.492845708271399507e-01
-8.830444053119514969e-01
-9.947140135776137981e-01
-1.074701064078992241e+00
-1.114858096723142067e+00
-1.109446710997272989e+00
-1.055957376589004015e+00
-9.556728681661181835e-01
-8.138836661800393779e-01
-6.396980201644426600e-01
-4.454343564975496439e-01
-2.456341774646515486e-01
-5.578317058471865542e-02
1.091299000278405512e-01
2.360591764503679746e-01
3.151864509270841386e-01
3.408913799749335172e-01
3.122878889665969826e-01
2.332590407982592373e-01
1.119851097056375477e-01
-3.997579341203296582e-02
-2.089380553831257925e-01
-3.805124926665784946e-01
-5.410283129866058083e-01
-6.787847308906990174e-01
-7.849949045887858468e-01
9.223593880018214966e-03
-9.851520215184601803e-02
-2.204800679931779583e-01
-3.508819261371660669e-01
-4.821216618035160661e-01
-6.052431687557574547e-01
-7.106154707420225813e-01
-7.887950465885726903e-01
-8.314889350472040030e-01
-8.325158273740010939e-01
-7.886503044802142259e-01
-7.002375026780814915e-01
-5.714828804247525929e-01
-4.103534286632860018e-01
-2.280695566858255696e-01
-3.821610265354158376e-02
1.444497376856917203e-01
3.053730617066890418e-01
4.316083286752626647e-01
5.130971670300381593e-01
5.436647257069078254e-01
5.216128202187328977e-01
4.498362914075654251e-01
3.354486726537924679e-01
1.889660433529271322e-01
2.315449927475582426e-02
-1.483116970086808262e-01
-3.122139784833112275e-01
-4.570121751377071995e-01
-5.737902653733182312e-01
1.909958214792292774e-01
1.058923307370242956e-01
5.135724769392500597e-03
-1.064699036978401375e-01
-2.222638663619986854e-01
-3.340995330824774179e-01
-4.329459051176034468e-01
-5.096800436961347325e-01
-5.559994945949435774e-01
-5.653591651801931350e-01
-5.338227546579107363e-01
-4.607178897097417569e-01
-3.489979836892924681e-01
-2.052419320131486924e-01
-3.926243333577161126e-02
1.366595119897816846e-01
3.088484012599705952e-01
4.635081566158048560e-01
5.880570192881130476e-01
6.723700712617882713e-01
7.097817703614150986e-01
6.977268562974099364e-01
6.379414741440690984e-01
5.362017385977184691e-01
4.016364009846650207e-01
2.457049392396170040e-01
8.097389304407440203e-02
-8.015378637956994956e-02
-2.266024063207964234e-01
-3.495491555123535488e-01
3.488356315955674081e-01
2.853174446033206468e-01
2.050259909647488832e-01
1.117303466010268059e-01
1.106373441809202149e-02
-8.975830058235434450e-02
-1.824472342229746247e-01
-2.583480381250047309e-01
-3.092820819578493419e-01
-3.284403233358285101e-01
-3.112242996962993336e-01
-2.559284092179627823e-01
-1.641669674151828573e-01
-4.097338304036238915e-02
1.054656483484760210e-01
2.644347776873477995e-01
4.236217589411808704e-01
5.702629582241162121e-01
6.923775612303265659e-01
7.799488431559499224e-01
8.259126497274631440e-01
8.268341161483712121e-01
7.831914711831083897e-01
6.992356167176865256e-01
5.824489658424221172e-01
4.426786057631432181e-01
2.910593440398714926e-01
1.388654039835864606e-01
-3.567882629743027341e-03
-1.277289118873030371e-01
4.724860073403553962e-01
4.281004293788265858e-01
3.662011189433585501e-01
2.895393623615828971e-01
2.026986467398408931e-01
1.119023282671378211e-01
2.460220825619560334e-02
-5.113151674213407827e-02
-1.073693106209707426e-01
-1.371551678157286458e-01
-1.353202136618637808e-01
-9.917704198705043495e-02
-2.900083728012572276e-02
7.177743804689376561e-02
1.967097202729577166e-01
3.368063832703939164e-01
4.813114118169158351e-01
6.187001431641129257e-01
7.377908183654078300e-01
8.288426146966026975e-01
8.845107480933629418e-01
9.005447306773384231e-01
8.761473984331998865e-01
8.139557603016185361e-01
7.196538661412302806e-01
6.012754186712222504e-01
4.682925233681824451e-01
3.306109124423671219e-01
1.975977845039009195e-01
7.725576249734390777e-02
5.558814736405004453e-01
5.271920365656868057e-01
4.806754610417466322e-01
4.181419235747831364e-01
3.431643441430108354e-01
2.609707623527074971e-01
1.781305204825581190e-01
1.020451753949662421e-01
4.028243889511067682e-02
-1.834654852291566114e-04
-1.374274024156321369e-02
3.159456053431265211e-03
5.150235118953442465e-02
1.294137243915493563e-01
2.321881591116655985e-01
3.526145933821797640e-01
4.815901605047835377e-01
6.089600392610086121e-01
7.244920171123659935e-01
8.188744511322705311e-01
8.846206804683667269e-01
9.167731083208383591e-01
9.133251844272244346e-01
8.753160772382676535e-01
8.065956779073639726e-01
7.133003234108467039e-01
6.031157717310071664e-01
4.844280670983902581e-01
3.654715962328876078e-01
2.535761159695227862e-01
5.975768667760371633e-01
5.806585298485745783e-01
5.460436665465393524e-01
4.947240464243980451e-01
4.293514750758268828e-01
3.542055090905849024e-01
2.749715290770293197e-01
1.983314652038972170e-01
1.313945754062683935e-01
8.101970153512549899e-02
5.309974876344836225e-02
5.189053214187110824e-02
7.946732222522219502e-02
1.353824426393646363e-01
2.165767317675209302e-01
3.175687596796752388e-01
4.309119316785443021e-01
5.478754827379397341e-01
6.592756706775277920e-01
7.563626313878134555e-01
8.316597047050334757e-01
8.796572333625615192e-01
8.972814883000517217e-01
8.840889857358036341e-01
8.421727437198340827e-01
7.758045433275435609e-01
6.908703321237781303e-01
5.941795969690986112e-01
4.927405238809861032e-01
3.930899469951257275e-01
6.004776241853995167e-01
5.914075876738996707e-01
5.652007236327014628e-01
5.221823647570846827e-01
4.642080280802904912e-01
3.946937760717539878e-01
3.184761335334640453e-01
2.414965606268177079e-01
1.703279614956709764e-01
1.115831671757480104e-01
7.126447824505841022e-02
5.412612739404853296e-02
6.312558599905812584e-02
9.903377546319515334e-02
1.602586120617418286e-01
2.429125075352781271e-01
3.411253474926415064e-01
4.475738925987171601e-01
5.541707308023229306e-01
6.528348929813079238e-01
7.362552400008860465e-01
7.985585687365852614e-01
8.358071591602839190e-01
8.462734479736478965e-01
8.304692979906672656e-01
7.909394591582501466e-01
7.318584383275288374e-01
6.584927239252227338e-01
5.766029899917339829e-01
4.918621430169763942e-01
-3.391268874411055290e-01
-4.737142116322710095e-01
-6.183048870475038594e-01
-7.666023519249870466e-01
-9.109085535678386192e-01
-1.042621795647313609e+00
-1.152918965960820330e+00
-1.233569058411538411e+00
-1.277799925548570581e+00
-1.281122565727361717e+00
-1.242010351424751136e+00
-1.162336631903806206e+00
-1.047493666611172047e+00
-9.061475982657961614e-01
-7.496250568883489063e-01
-5.909723158807674848e-01
-4.437719208882732191e-01
-3.208382026524575492e-01
-2.329363311664185698e-01
-1.876751813317523720e-01
-1.887100500572131412e-01
-2.353577689032519960e-01
-3.226775901028721139e-01
-4.420127331871965271e-01
-5.819279587049603908e-01
-7.294269596765712294e-01
-8.712978480704104411e-01
-9.954213045630920798e-01
-1.091886253057370526e+00
-1.153790341315158230e+00
-1.676784476940930968e-01
-2.857824864422189859e-01
-4.155803056936070439e-01
-5.512658187703882717e-01
-6.855030074104383475e-01
-8.098883840586947880e-01
-9.156125524075287014e-01
-9.942711501903108706e-01
-1.038748428784646682e+00
-1.044076741154310373e+00
-1.008165980389474026e+00
-9.323010508307270072e-01
-8.213236199636505530e-01
-6.834456269081211621e-01
-5.296833018788789094e-01
-3.729470609824219185e-01
-2.268686448126060184e-01
-1.044858281715040083e-01
-1.693088064224026329e-02
2.772303192539873895e-02
2.531567571292592939e-02
-2.395562207005196356e-02
-1.155609911401578871e-01
-2.411339069093743626e-01
-3.893781257768200166e-01
-5.472721810597163117e-01
-7.014201073052751534e-01
-8.393811081893117754e-01
-9.508193314068267288e-01
-1.028346120281365295e+00
1.700451100464825741e-02
-8.143963627487345314e-02
-1.932062859027983137e-01
-3.131655080779192080e-01
-4.345526403031305662e-01
-5.493788058834355725e-01
-6.490515590088946629e-01
-7.251611773786770243e-01
-7.703595507306907342e-01
-7.792365310992218630e-01
-7.490869799561825637e-01
-6.804633863063447308e-01
-5.774250031304146713e-01
-4.474241619228540023e-01
-3.008109621568709202e-01
-1.499842732504247655e-01
-8.263983582121530586e-03
1.113998703638173771e-01
1.977373276838669258e-01
2.423337477215768143e-01
2.405255782282474941e-01
1.919023492326465408e-01
1.003479611631187124e-01
-2.638728029501572966e-02
-1.775313508775885063e-01
-3.404448333470339039e-01
-5.019383279553522037e-01
-6.495882988952521586e-01
-7.728927835695129644e-01
-8.641373106723940767e-01
2.005586694338973852e-01
1.233564879376044393e-01
3.135527794076616026e-02
-7.113042302281943896e-02
-1.780763598267074421e-01
-2.820936943560946042e-01
-3.749908822684515641e-01
-4.485146315278712437e-01
-4.952027795028296486e-01
-5.092581246482191792e-01
-4.873382867349416170e-01
-4.291556253726718784e-01
-3.377945980505792090e-01
-2.196812147585099628e-01
-8.417792719432264092e-02
5.717701280553875304e-02
1.917197833558754172e-01
3.068932665130141291e-01
3.915238615267359057e-01
4.369921953778530543e-01
4.381538706415058493e-01
3.938933926075193215e-01
3.072388103350664479e-01
1.850206051235181171e-01
3.711795471541435437e-02
-1.246103178619422935e-01
-2.875725117661535046e-01
-4.397109178557588316e-01
-5.706344783185939296e-01
-6.724885987631505913e-01
3.686718883513274148e-01
3.126021559380086079e-01
2.404977966023920943e-01
1.557763696247848606e-01
6.360572865904898232e-02
-2.936656466741387195e-02
-1.155023213140645849e-01
-1.868506152007114451e-01
-2.359550444412215620e-01
-2.567058985649647296e-01
-2.451366897083754326e-01
-2.000606606096128615e-01
-1.234530469442335493e-01
-2.050893435267874682e-02
1.006576307470701676e-01
2.296640802511943913e-01
3.548043783421675479e-01
4.641921410437525042e-01
5.469740520458685751e-01
5.944702322982238218e-01
6.011016078425532871e-01
5.649873192337369066e-01
4.881354555116173000e-01
3.762026079394173439e-01
2.378544234818870118e-01
8.381191135815353743e-02
-7.429149098323915845e-02
-2.250954887538127447e-01
-3.585948304056535973e-01
-4.669928996748478611e-01
5.088772586921582741e-01
4.722570750185307031e-01
4.186858137025666338e-01
3.506646207181127739e-01
2.724485601898593568e-01
1.898547705373159200e-01
1.098553657942977491e-01
3.997615305673637293e-02
-1.244845456191946698e-02
-4.108827360165763498e-02
-4.140404053015593611e-02
-1.130747956823119175e-02
4.839901111047247018e-02
1.338765345034299004e-01
2.384390766872414857e-01
3.530790394214258776e-01
4.672863010929249605e-01
5.700774487416644387e-01
6.511199893185009024e-01
7.018186311302684333e-01
7.162305931542585213e-01
6.916953481446634910e-01
6.290993806938637301e-01
5.327438113742388737e-01
4.098352769544400531e-01
2.696702919420657096e-01
1.226226812993995857e-01
-2.093358519497897502e-02
-1.516310782098325427e-01
-2.619271970399177363e-01
6.120637149374369423e-01
5.919462757708721101e-01
5.543400103140256885e-01
5.008697681204301588e-01
4.348807521816278054e-01
3.613244949719784382e-01
2.864375998407889812e-01
2.172256276811513065e-01
1.607927020899272419e-01
1.235831164269213106e-01
1.106203568379632157e-01
1.248380352449915826e-01
1.665939913291820673e-01
2.334426508415021473e-01
3.202128607143326366e-01
4.194019280545512873e-01
5.218560586451577166e-01
6.176683691817905775e-01
6.971938836678418516e-01
7.520614943549683851e-01
7.760593176604085874e-01
7.657835211803658559e-01
7.209702266528982273e-01
6.444715868229365929e-01
5.418845607442774881e-01
4.208870562648509561e-01
2.903737910643109932e-01
1.595075943156084863e-01
3.680750523660273471e-02
-7.061742158308856321e-02
6.734515159442250321e-01
6.660709134245095253e-01
6.410769505893765263e-01
5.993088744448673566e-01
5.432576313593203698e-01
4.770240242233624306e-01
4.060819097218243412e-01
3.368505865128127996e-01
2.761070086732734241e-01
2.302935872926032690e-01
2.047972188896614032e-01
2.032863592720478285e-01
2.271930263250596382e-01
2.754146165805643753e-01
3.442871343268809614e-01
4.278493726013398724e-01
5.183807599115366482e-01
6.071590052416739880e-01
6.853526624820325264e-01
7.449431322768895747e-01
7.795639717354305720e-01
7.851542758755223339e-01
7.603465494159464821e-01
7.065447314718668048e-01
6.276897037408348812e-01
5.297513437369176792e-01
4.200214964854817601e-01
3.063056856801099626e-01
1.961195654563130664e-01
9.598829638024485023e-02
6.928881060110537726e-01
6.941634540107337603e-01
6.781199385601278662e-01
6.449387930309031791e-01
5.963534247618775819e-01
5.356702666347001873e-01
4.676104131205578440e-01
3.979688886389421976e-01
3.331126869147771341e-01
2.793626961632057482e-01
2.423246631166536824e-01
2.262471140134422742e-01
2.334871407637284513e-01
2.641569545955964049e-01
3.160054460557271683e-01
3.845616266705980668e-01
4.635341577365268417e-01
5.454276103229758199e-01
6.223064759813360380e-01
6.866167776077991558e-01
7.319658837642750715e-01
7.537655986048630297e-01
7.496614963861241154e-01
7.197003580355357810e-01
6.662231683559548534e-01
5.935079878275809628e-01
5.072194063241327600e-01
4.137442558135600024e-01
3.195034995666248268e-01
2.303266721421521890e-01
6.744542555336605627e-01
6.804727854121201958e-01
6.698627030936996629e-01
6.422955798399223593e-01
5.988706750773108434e-01
5.421863394555985760e-01
4.762504554541650004e-01
4.062207332973351570e-01
3.379874318226036567e-01
2.776334093436516604e-01
2.308260378900736098e-01
2.022092803887703405e-01
1.948696251958335346e-01
2.099451705166840432e-01
2.464329052087337324e-01
3.012265711651375688e-01
3.693891980372176476e-01
4.446342677656714426e-01
5.199617773750926375e-01
5.883743560018960261e-01
6.435873736298424186e-01
6.806475770789672808e-01
6.963873434093280634e-01
6.896644023918591104e-01
6.613664287263778530e-01
6.141916860695685321e-01
5.522459956852195928e-01
4.805182764816566809e-01
4.043086216114025744e-01
3.286830386728127884e-01
-1.789885830519609422e-01
-2.852998144375679668e-01
-4.021649074288481396e-01
-5.248732849885793250e-01
-6.474387124564595641e-01
-7.629689147700338125e-01
-8.642006513204569806e-01
-9.441610493008664173e-01
-9.968932210584611209e-01
-1.018166887518263009e+00
-1.006086110318005433e+00
-9.615085909293145106e-01
-8.882052670404461114e-01
-7.927144446807824485e-01
-6.838790780948743597e-01
-5.720951462547960720e-01
-4.683383359480738917e-01
-3.830698584492294168e-01
-3.251448744009928227e-01
-3.008544446204383660e-01
-3.132218191208548941e-01
-3.616463754037622658e-01
-4.419465309560122179e-01
-5.468019559297516707e-01
-6.665427362451238347e-01
-7.901868501997795224e-01
-9.065948205324370068e-01
-1.005597024427177910e+00
-1.078957073001817202e+00
-1.121062433770815936e+00
8.102910244842803644e-04
-8.808939320955522234e-02
-1.893016966663964296e-01
-2.986474129463422278e-01
-4.105444899569863360e-01
-5.183404385952351534e-01
-6.148247613387625155e-01
-6.928856472245583653e-01
-7.462503597103031794e-01
-7.702290987298012759e-01
-7.623711775074573094e-01
-7.229427335193636672e-01
-6.551481148209356009e-01
-5.650420660497305070e-01
-4.611145974073379561e-01
-3.535710127580750650e-01
-2.533707997027674352e-01
-1.711251172431133560e-01
-1.159778068855135125e-01
-9.460462398765770442e-02
-1.104570817324055793e-01
-1.633508354211074542e-01
-2.494566927151593561e-01
-3.617005890622854158e-01
-4.905246828990578178e-01
-6.249134063505771275e-01
-7.535535605991260377e-01
-8.659820360475882772e-01
-9.535809493699780592e-01
-1.010306663843821839e+00
1.916315066542808032e-01
1.227888592969103992e-01
3.994184640047167278e-02
-5.341079202849949303e-02
-1.522603949392753453e-01
-2.503703139609649853e-01
-3.407492865163515017e-01
-4.162854250625636632e-01
-4.704835769912289467e-01
-4.982270619161673353e-01
-4.964715092262154683e-01
-4.647766119270537732e-01
-4.055925997766141600e-01
-3.242418822077541285e-01
-2.285705050255037174e-01
-1.282849347615289959e-01
-3.403199783223766900e-02
4.368240188409974051e-02
9.561274581051966426e-02
1.147963081524213114e-01
9.734924659832136506e-02
4.293161828700924054e-02
-4.518295712749899329e-02
-1.604461271908033115e-01
-2.937408772546707958e-01
-4.343642908916922618e-01
-5.711600898526052461e-01
-6.936565113779790126e-01
-7.930691328466841217e-01
-8.630529173303415069e-01
3.789887741806918786e-01
3.312554813878426097e-01
2.679868496447146420e-01
1.918985401065307350e-01
1.072968563470815262e-01
1.985750002712951059e-02
-6.379465627897032420e-02
-1.366800989881966077e-01
-1.921813496482614736e-01
-2.248061488395810548e-01
-2.309059971221913143e-01
-2.092545271428378761e-01
-1.613987485303962910e-01
-9.171777025019495211e-02
-7.156298117710340780e-03
8.335965781087317783e-02
1.697749843698156957e-01
2.419368923376013780e-01
2.906876845215276006e-01
3.088863990953736316e-01
2.922300987244503823e-01
2.397672906011572291e-01
1.540339224650195682e-01
4.079159219470646081e-02
-9.159912062953182166e-02
-2.330881308597725077e-01
-3.730088189957027622e-01
-5.011758508198060902e-01
-6.088707644200724856e-01
-6.896000759422964421e-01
5.485241554146804699e-01
5.212913438579246383e-01
4.772447978895316134e-01
4.182697060601844319e-01
3.478913433609492345e-01
2.711207566890675991e-01
1.940983028895705564e-01
1.235527463957925426e-01
6.612153366172782154e-02
2.760259709271839501e-02
1.222552741169437643e-02
2.203682810745801954e-02
5.648815631755895600e-02
1.122976010182297202e-01
1.836237042732143943e-01
2.625534959259351320e-01
3.398641949664569784e-01
4.059792463848734267e-01
4.520089260374782758e-01
4.707489591052365085e-01
4.575108531294328484e-01
4.106759120776797278e-01
3.318993322734202223e-01
2.259368077198741220e-01
1.001169622827140782e-01
-3.646915795870341731e-02
-1.739529562282043640e-01
-3.027181383299986095e-01
-4.143450691450797363e-01
-5.023575069419350392e-01
6.877853360520044257e-01
6.789245638230841928e-01
6.523050522993256717e-01
6.089916744384241687e-01
5.517044443739550497e-01
4.847329077392954488e-01
4.136498160493587428e-01
3.448344438537536139e-01
2.848436000066572049e-01
2.396938097722239591e-01
2.141372218447508413e-01
2.110230385664154662e-01
2.308333781137803242e-01
2.714667848648749104e-01
3.283153037339796021e-01
3.946451596996271016e-01
4.622512054697858197e-01
5.223169638647702229e-01
5.663810495712081616e-01
5.872920827294517698e-01
5.800314290568434616e-01
5.422974792977959257e-01
4.747753117515437493e-01
3.810574281417042908e-01
2.672286579465010803e-01
1.411739699814881510e-01
1.170458592560218516e-02
-1.123803549069718882e-01
-2.231755675690023644e-01
-3.143882691819092079e-01
7.877226075262304672e-01
7.939115493896957698e-01
7.817915475792003299e-01
7.516706236239134586e-01
7.054916273654250336e-01
6.468126425038229765e-01
5.805926107248708945e-01
5.127852871106463040e-01
4.497714774446046615e-01
3.976850147472115182e-01
3.617081146154029203e-01
3.454230786108086759e-01
3.503073170373725009e-01
3.754463767603752888e-01
4.175159029209578598e-01
4.710508423902838304e-01
5.289828535390620479e-01
5.833899879570166869e-01
6.263717298949160739e-01
6.509423650938533923e-01
6.518299845887856048e-01
6.260787341392652916e-01
5.733772492832641676e-01
4.960731396136741633e-01
3.988764279256455936e-01
2.882973429542151633e-01
1.718990910676293227e-01
5.746864359672414907e-02
-4.778516367798039954e-02
-1.379073016236525007e-01
8.436577786258188105e-01
8.608337349929142679e-01
8.595807761498187594e-01
8.395568925453993359e-01
8.020004825306434881e-01
7.497700974565464360e-01
6.871994496364700611e-01
6.197641013650424524e-01
5.535816568674457594e-01
4.947922568090223905e-01
4.488869085765271327e-01
4.200641864609352405e-01
4.106985194254426652e-01
4.209944362072142732e-01
4.488811993923807475e-01
4.901733800015678488e-01
5.389887523224541344e-01
5.883801264829218169e-01
6.311074829934351094e-01
6.604557523195170310e-01
6.709953552709453373e-01
6.591889226759894971e-01
6.237679438131993326e-01
5.658346595774994547e-01
4.886825908492524739e-01
3.973677533299910802e-01
2.980957538789194561e-01
1.975124042715916128e-01
1.019939195909116969e-01
1.702637527012976909e-02
8.555815026737939588e-01
8.794475600832938333e-01
8.852006527226383703e-01
8.719849718484644630e-01
8.404399588722492043e-01
7.927896002325569569e-01
7.327604886510988846e-01
6.653193011059201911e-01
5.962438286090316897e-01
5.315655723520280596e-01
4.769426277243021262e-01
4.370357426053789740e-01
4.149654358326940184e-01
4.119224800727925295e-01
4.269879823679154640e-01
4.571944207668463545e-01
4.978284417463603728e-01
5.429441680789984792e-01
5.860268591989399312e-01
6.207254237239090422e-01
6.415619709437628826e-01
6.445291924304366038e-01
6.275017930250232912e-01
5.904142792948204876e-01
5.351902071341443357e-01
4.654423626849936158e-01
3.859938820721302566e-01
3.022922598802213479e-01
2.197983494752203115e-01
1.434297354717067319e-01
8.277667666130413826e-01
8.542717930884352606e-01
8.633912715020405360e-01
8.539055037930860514e-01
8.259792841281911047e-01
7.812889669962510553e-01
7.229944262245252551e-01
6.555419812150817815e-01
5.843055694070955486e-01
5.150957345911106877e-01
4.535861228206308216e-01
4.047219517225700836e-01
3.721817548747911042e-01
3.579610458333051248e-01
3.621341837636141703e-01
3.828298984828646945e-01
4.164292424240930712e-01
4.579658049329897729e-01
5.016809983452665822e-01
5.416661532833758619e-01
5.725113384932083438e-01
5.898802188970587723e-01
5.909411411141554105e-01
5.746054150140575967e-01
5.415512410654329534e-01
4.940415942708401564e-01
4.355719118879390894e-01
3.704043912405145522e-01
3.030570498407214042e-01
2.378161483388166741e-01
-7.793990975906016361e-02
-1.595780463146459494e-01
-2.512027694618210738e-01
-3.495211510554545598e-01
-4.501542606664363788e-01
-5.478865224685067759e-01
-6.370540417669406930e-01
-7.120462404459299011e-01
-7.678756947108525965e-01
-8.007551879999671440e-01
-8.086115332271607281e-01
-7.914649166705458594e-01
-7.516115712331714604e-01
-6.935663652745313046e-01
-6.237487922691862252e-01
-5.499278647906996609e-01
-4.804744418837528785e-01
-4.234988268505723852e-01
-3.859723889666101249e-01
-3.729406175952671987e-01
-3.869290736080845394e-01
-4.276229276301544147e-01
-4.918673137975233534e-01
-5.739939835635545773e-01
-6.664358099687945902e-01
-7.605513984952320117e-01
-8.475537765597541684e-01
-9.194245628461051867e-01
-9.697002382913618712e-01
-9.940391322183600442e-01
1.110177067755656471e-01
4.757858419052855836e-02
-2.771802425388115651e-02
-1.121462103697298124e-01
-2.017653137501125571e-01
-2.916306831435099833e-01
-3.761579549483106688e-01
-4.496186203226134603e-01
-5.067231755615587696e-01
-5.432299628637776712e-01
-5.565060782443745913e-01
-5.459639979628995166e-01
-5.133053226477338749e-01
-4.625213094713356288e-01
-3.996271298783610204e-01
-3.321400078778061760e-01
-2.683462928317019158e-01
-2.164341277207541547e-01
-1.835917093750983053e-01
-1.751820096623566969e-01
-1.941006066348604786e-01
-2.404035065349108546e-01
-3.112585477171274095e-01
-4.012315681559875391e-01
-5.028732026054592019e-01
-6.075310045399578973e-01
-7.062812189734888335e-01
-7.908599744542406107e-01
-8.544772707395892342e-01
-8.924180956493534822e-01
3.116656553676588337e-01
2.687561946971133153e-01
2.121515167149561343e-01
1.438910453387008404e-01
6.734343415474332295e-02
-1.295533489938893376e-02
-9.162958044876703956e-02
-1.629395880806680241e-01
-2.213644571064736499e-01
-2.622309717113148753e-01
-2.823133419365987384e-01
-2.803237966290376693e-01
-2.572200204513356847e-01
-2.162725768845644991e-01
-1.628623577870526584e-01
-1.040117431433097289e-01
-4.768921706360423896e-02
-1.960550551707255541e-03
2.591486434922022145e-02
3.033080723464713982e-02
8.014523220284047039e-03
-4.155107501265630637e-02
-1.160227488677989527e-01
-2.104272977643179277e-01
-3.176987950391065851e-01
-4.294523692225876710e-01
-5.368922826134583381e-01
-6.317356156209978923e-01
-7.070345083686180310e-01
-7.577990809351928814e-01
5.094343240403834683e-01
4.878171632142269121e-01
4.508010925884246567e-01
3.996655727375604261e-01
3.371129604430451732e-01
2.671627814004236545e-01
1.948711592924013969e-01
1.258876994738530319e-01
6.588653426529789137e-02
1.993032343759800623e-02
-8.157864808828234338e-03
-1.633277012364564920e-02
-4.697164154809019970e-03
2.435853985285729023e-02
6.628411260681402184e-02
1.147683312395571531e-01
1.623759197744345240e-01
2.013552535041543412e-01
2.245222628227253048e-01
2.261106471998878820e-01
2.024781940163849214e-01
1.525746525564899425e-01
7.810668017276986563e-02
-1.662417502882667167e-02
-1.251896458548425184e-01
-2.397460178320539592e-01
-3.518925975914858895e-01
-4.535633526184948972e-01
-5.378371282770406658e-01
-5.995685704054647402e-01
6.896794717018804866e-01
6.884865901759541496e-01
6.704269381002629924e-01
6.359994640325726811e-01
5.871931966255485857e-01
5.274413397271472403e-01
4.613950924089292305e-01
3.945235830779816877e-01
3.325714264330063563e-01
2.809288484176491463e-01
2.439873209142652821e-01
2.245629373309486754e-01
2.234681185244531965e-01
2.392989161085225247e-01
2.684811398381127256e-01
3.055864503041451075e-01
3.438935491008982548e-01
3.761347274493297421e-01
3.953395946948163875e-01
3.956705040406178764e-01
3.731413212230998422e-01
3.261239618136342333e-01
2.555743143558855679e-01
1.649470905513187313e-01
5.981215492452308241e-02
-5.277373983437777527e-02
-1.650527887416159134e-01
-2.694030277802635931e-01
-3.591168777148356916e-01
-4.290256953228340220e-01
8.394484006277996846e-01
8.563202664820301901e-01
8.551860695879880403e-01
8.357975014381980872e-01
7.994327940370309360e-01
7.489103009998669958e-01
6.884204165621747862e-01
6.231761804632676149e-01
5.589081680447059997e-01
5.012535244414892954e-01
4.551084739126333711e-01
4.240249348153148912e-01
4.097325871985544321e-01
4.118568865151638336e-01
4.278817897386166802e-01
4.533757615260448626e-01
4.824648319057396884e-01
5.085019484548918278e-01
5.248527816368327992e-01
5.256991929114687156e-01
5.067561677610601389e-01
4.658076064264383698e-01
4.029900665903952128e-01
3.207881196217320929e-01
2.237452304597856156e-01
1.179336919856333599e-01
1.025979487261471576e-02
-9.229912240555059044e-02
-1.834239188597061865e-01
-2.580578521476363796e-01
9.490085697547712140e-01
9.804117367135691818e-01
9.930721527142123417e-01
9.860760666740866487e-01
9.600396356349638616e-01
9.171777898455902855e-01
8.611941832895118054e-01
7.969867969107340411e-01
7.301885572878874520e-01
6.665868360400939441e-01
6.114861578142706255e-01
5.690914411708314358e-01
5.419920851307223897e-01
5.308189934828886347e-01
5.341276162553917350e-01
5.485323667502114420e-01
5.690848917451327704e-01
5.898552030471584384e-01
6.046455759049924605e-01
6.077469668393719049e-01
5.946399448173070867e-01
5.625484245508201031e-01
5.107743139712042080e-01
4.407717835071724433e-01
3.559566008522870306e-01
2.612830749061245683e-01
1.626526906677596973e-01
6.623949418339150630e-02
-2.217543249050687656e-02
-9.777516609844338902e-02
1.012889614103545499e+00
1.054560004289406328e+00
1.077200966714761288e+00
1.079353238612001942e+00
1.061057495974641052e+00
1.023970968002851256e+00
9.713118298806083795e-01
9.076207789034709261e-01
8.383529829430687030e-01
7.693377430857190058e-01
7.061641195776513502e-01
6.535650446441580996e-01
6.148774768880173047e-01
5.916505616979845783e-01
5.834576937076880743e-01
5.879435683961804493e-01
6.011069263847097499e-01
6.177879339039685780e-01
6.323006501546520886e-01
6.391301931497066491e-01
6.336044390137036686e-01
6.124531897470701924e-01
5.741835449425988225e-01
5.192264703565923067e-01
4.498422498157053639e-01
3.698064756188223501e-01
2.839280622992942926e-01
1.974717675463834587e-01
1.155667682376518013e-01
4.267902001423074659e-02
1.030284427476603426e+00
1.077724919265148795e+00
1.106315063518967579e+00
1.114194179226168924e+00
1.100940127989857409e+00
1.067723671770391292e+00
1.017300800129468108e+00
9.538281752548298797e-01
8.825091286799984225e-01
8.091008835305074642e-01
7.393344634438745455e-01
6.783138121737202209e-01
6.299673743604449205e-01
5.966222707368280531e-01
5.787581317544399084e-01
5.749760171611421056e-01
5.821903948570452680e-01
5.960226485594557477e-01
6.113472910007201611e-01
6.229210900432397002e-01
6.260139704993427090e-01
6.169607467829185676e-01
5.935646095835717118e-01
5.553050965022406915e-01
5.033316346894451954e-01
4.402541547309574144e-01
3.697699018594211573e-01
2.961861003540374737e-01
2.239085553145210572e-01
1.569654424991566155e-01
1.004778689348923226e+00
1.053735317120981563e+00
1.084469118234887786e+00
1.094870904865203221e+00
1.084181073321747402e+00
1.053170286942927802e+00
1.004171162232620595e+00
9.409429456211908516e-01
8.683715667334691579e-01
7.920292852831859465e-01
7.176382747655342120e-01
6.504978191274399801e-01
5.949427910950081388e-01
5.539001508011027752e-01
5.286000266406563064e-01
5.184795622828896056e-01
5.212934566452271934e-01
5.334182928935922163e-01
5.503121751116359928e-01
5.670706442047901419e-01
5.790074560920480673e-01
5.821865241572737881e-01
5.738395580513525607e-01
5.526214091533484529e-01
5.186790944637358347e-01
4.735370921082333040e-01
4.198265559168767869e-01
3.609057012416576615e-01
3.004299258821035434e-01
2.419319399038558915e-01
-3.014539705217596927e-02
-9.069153640375489378e-02
-1.593799035805366082e-01
-2.340323490726958222e-01
-3.116276847945293471e-01
-3.884538094589258250e-01
-4.603673983683784776e-01
-5.231468512222989808e-01
-5.729088163044819826e-01
-6.065451254684491866e-01
-6.221277471004048598e-01
-6.192264158952748287e-01
-5.990882354052148306e-01
-5.646410606856716585e-01
-5.203019484387984006e-01
-4.715963034940005572e-01
-4.246194298345030704e-01
-3.853962496960522399e-01
-3.592131220065303832e-01
-3.500046370725947709e-01
-3.598758098222151758e-01
-3.888257248815079059e-01
-4.347138233021203835e-01
-4.934779585213332487e-01
-5.595788344400181025e-01
-6.266139145796466581e-01
-6.880205351529030677e-01
-7.377766902866920162e-01
-7.710106584274574182e-01
-7.844467144877380615e-01
1.614836547506506570e-01
1.193015051127930826e-01
6.707388494498342513e-02
6.402804265224092475e-03
-6.014011009032067812e-02
-1.291274772128672144e-01
-1.965116937564946598e-01
-2.579710962986463962e-01
-3.093383923380859657e-01
-3.470673243394339358e-01
-3.686821668261309748e-01
-3.731499117724815795e-01
-3.611184208227994907e-01
-3.349758648028449692e-01
-2.987065870634783571e-01
-2.575439636988589576e-01
-2.174486212064336565e-01
-1.844665235786202284e-01
-1.640418185660685868e-01
-1.603703158839034637e-01
-1.758786196003560010e-01
-2.109005390774093547e-01
-2.635977667937622893e-01
-3.301392263362571966e-01
-4.051178045707248820e-01
-4.821500199011617416e-01
-5.545789690557759721e-01
-6.161878311853054013e-01
-6.618324119886356272e-01
-6.879162794370303757e-01
3.668682663419267076e-01
3.451788474159174225e-01
3.115141765525877293e-01
2.668032359980012647e-01
2.130638254259675790e-01
1.533347335773919129e-01
9.147357171472571269e-02
3.182726507591140258e-02
-2.119875378502261015e-02
-6.362887634147508520e-02
-9.240590695673107924e-02
-1.058159610721753630e-01
-1.037876418014002378e-01
-8.801460849108555529e-02
-6.187027749003269628e-02
-3.010936279495557769e-02
1.620069605788581864e-03
2.740252790240575720e-02
4.174513525081985366e-02
4.024488281862469152e-02
2.014515398262128540e-02
-1.929453535615654330e-02
-7.666796641341128149e-02
-1.485509390560791620e-01
-2.298733697366221740e-01
-3.144847304866721371e-01
-3.958361521781303960e-01
-4.676877396662442177e-01
-5.247490857065174596e-01
-5.631744504672017149e-01
5.717941365456570280e-01
5.712306802930671168e-01
5.568403616072745699e-01
5.288262076261155409e-01
4.885852155688549248e-01
4.386915693477534406e-01
3.827350436991466265e-01
3.250170029610925937e-01
2.701268420782768631e-01
2.224412471746662068e-01
1.856041455280409980e-01
1.620538642163993071e-01
1.526638178377755506e-01
1.565531839479094856e-01
1.711051113526864398e-01
1.922041108110869867e-01
2.146747357913978693e-01
2.328746627108689016e-01
2.413712775193119775e-01
2.356158822350326032e-01
2.125265220468258720e-01
1.709003438554607679e-01
1.115984040148770423e-01
3.747695077135240055e-02
-4.692526218600058530e-02
-1.358997377759873226e-01
-2.232096116966622579e-01
-3.027718769223926576e-01
-3.692901931273811500e-01
-4.187594090393583213e-01
7.616327236232641740e-01
7.812628163935617653e-01
7.854029098886384785e-01
7.735268594495324779e-01
7.463872663814606900e-01
7.060514411969209814e-01
6.557849379216331709e-01
5.997802163758595428e-01
5.427494014839724379e-01
4.894210690602185942e-01
4.439982240709063888e-01
4.096451669645664317e-01
3.880725720625598507e-01
3.792818322423215927e-01
3.815120065377201053e-01
3.914074838704098003e-01
4.043949973741116644e-01
4.152290445036689315e-01
4.186395618796328599e-01
4.099989678104996593e-01
3.859204376188329899e-01
3.447068660186512479e-01
2.865897208140301133e-01
2.137261781883227074e-01
1.299571308028731609e-01
4.036246067378539831e-02
-4.932209707298274709e-02
-1.333446160633167676e-01
-2.065467935482659667e-01
-2.648664761545576618e-01
9.230542116286538645e-01
9.604986428118701403e-01
9.810835314416148645e-01
9.836001879948396143e-01
9.681777062290468638e-01
9.363698729634359896e-01
8.910853869210709766e-01
8.363541479134032341e-01
7.769442760783431545e-01
7.178664489816956040e-01
6.638207574941008549e-01
6.186534819548552555e-01
5.848946376127139857e-01
5.634406680106780474e-01
5.534305493732392112e-01
5.523395746619125246e-01
5.562863043576703470e-01
5.605186318576307336e-01
5.600190160091310654e-01
5.501507791260478175e-01
5.272600618868000799e-01
4.891530982033830410e-01
4.353855173092283093e-01
3.673270042690714998e-01
2.879967851386795452e-01
2.016979510193785130e-01
1.135063527215997431e-01
2.868825307809988109e-02
-4.787266874916299569e-02
-1.121646227213260461e-01
1.045568832945872106e+00
1.097290750080931909e+00
1.131166172955088367e+00
1.145394848413351152e+00
1.139543768867237405e+00
1.114679917825322386e+00
1.073345693898459796e+00
1.019365345151221014e+00
9.574926133920135252e-01
8.929321579802778075e-01
8.307868614191511458e-01
7.754966728735668280e-01
7.303397859082311205e-01
6.970623663602150133e-01
6.756888346469900331e-01
6.645424184176343951e-01
6.604781956725608305e-01
6.593019679556207935e-01
6.563222780651326582e-01
6.469637311270403091e-01
6.273606213003372067e-01
5.948523879426254046e-01
5.483164901954906689e-01
4.882978770460495999e-01
4.169236973133819690e-01
3.376225540920623769e-01
2.546945404703084836e-01
1.727972330697512271e-01
9.642094751552642007e-02
2.942301787312306266e-02
1.122649960555450743e+00
1.184367967947802303e+00
1.227698468430299839e+00
1.250374742610221412e+00
1.251495303537328629e+00
1.231694602018747808e+00
1.193159438890351698e+00
1.139475627097151778e+00
1.075310770963934903e+00
1.005961290405988029e+00
9.368117566256144446e-01
8.727691105931398852e-01
8.177409353303716211e-01
7.742242335691053023e-01
7.430590362987969932e-01
7.233809546011149560e-01
7.127810850742445359e-01
7.076540349278876985e-01
7.036892462195448728e-01
6.964411223157033204e-01
6.819027799882851903e-01
6.570083499182766129e-01
6.199997483782945240e-01
5.706141114112419643e-01
5.100744475133861533e-01
4.408943193340729705e-01
3.665329919336093867e-01
2.909564648394777908e-01
2.181693469652918327e-01
1.517815750494256599e-01
1.152272618747277377e+00
1.219433098263184245e+00
1.268141987453220709e+00
1.295811904160149908e+00
1.301187448193677376e+00
1.284544043344884923e+00
1.247738950769276434e+00
1.194096056798513716e+00
1.128126346959392956e+00
1.055107591150510560e+00
9.805665784599439938e-01
9.097222413388594831e-01
8.469557508859961725e-01
7.953726678266207495e-01
7.565122506053191254e-01
7.302411290999439863e-01
7.148450439424768321e-01
7.073064461335898390e-01
7.037311441184175287e-01
6.998674978757293275e-01
6.916498713738884474e-01
6.756960008748721380e-01
6.496959642837747406e-01
6.126472962145149692e-01
5.649138022778690260e-01
5.081110990525937732e-01
4.448457858180335789e-01
3.783537291345033249e-01
3.120935111668141082e-01
2.493524388294296457e-01
1.136812586907034461e+00
1.205050940232255119e+00
1.255246280634310319e+00
1.284642463010865931e+00
1.291753176973545081e+00
1.276578127267657514e+00
1.240680838653895224e+00
1.187107722785474051e+00
1.120146935362882568e+00
1.044946031576669876e+00
9.670266065242836273e-01
8.917491357836806465e-01
8.237897447892508218e-01
7.666911328903380785e-01
7.225419791667132552e-01
6.918237005275384988e-01
6.734423930905045763e-01
6.649400224066124299e-01
6.628557785025858129e-01
6.631893137573174890e-01
6.619051502429891265e-01
6.554137130251171950e-01
6.409697479820412047e-01
6.169424232538411879e-01
5.829309930196711065e-01
5.397223698961686189e-01
4.891087420666598296e-01
4.336011271577942527e-01
3.760859212786587524e-01
3.194747598535752076e-01
-1.503968657634637517e-02
-5.778402259846077138e-02
-1.059953909196082456e-01
-1.582845491230259471e-01
-2.126816246366410867e-01
-2.667196227816239773e-01
-3.175933884911292249e-01
-3.623879291641463607e-01
-3.983588718163044717e-01
-4.232373209034366313e-01
-4.355233161637004913e-01
-4.347281534217207755e-01
-4.215272826942096929e-01
-3.977928814297134186e-01
-3.664881550633660168e-01
-3.314226143010900461e-01
-2.968868228285413413e-01
-2.672036009225428610e-01
-2.462474131087726836e-01
-2.369919645709859801e-01
-2.411459922905861974e-01
-2.589282059639516076e-01
-2.890151310945779373e-01
-3.286725209614983489e-01
-3.740554960499805626e-01
-4.206387144357078278e-01
-4.637196362417344009e-01
-4.989284087374773469e-01
-5.226786576645892080e-01
-5.325042769813445043e-01
1.674110950750004601e-01
1.421634721391311362e-01
1.096630446512632945e-01
7.075362632456705381e-02
2.697630179413841589e-02
-1.947860531363874298e-02
-6.590789892835766106e-02
-1.093170478960668601e-01
-1.467108338140405421e-01
-1.754245823013898531e-01
-1.934574862887166735e-01
-1.997640094717835491e-01
-1.944597445611375708e-01
-1.789050725346811310e-01
-1.556432108104295053e-01
-1.281873775584256581e-01
-1.006725133093568647e-01
-7.740729846641813960e-02
-6.237885892514773156e-02
-5.877262443672615078e-02
-6.857118712820860218e-02
-9.228787370871481543e-02
-1.288738161900776502e-01
-1.758138570267027967e-01
-2.294001881507735374e-01
-2.851474223523112750e-01
-3.382929921441805710e-01
-3.843156779037151249e-01
-4.194044869112114604e-01
-4.408199577319711904e-01
3.653569172920377306e-01
3.595334260432719864e-01
3.445823602515212802e-01
3.207229549049749329e-01
2.889873511244350213e-01
2.512138420602065825e-01
2.099395195041971196e-01
1.681920471131848616e-01
1.291948273086791776e-01
9.601418626659453948e-02
7.118906370579472509e-02
5.639088595501169643e-02
5.216216122457143639e-02
5.777604836066779770e-02
7.124596327456149403e-02
8.949558229014506483e-02
1.086777804095004352e-01
1.246092318507483615e-01
1.332690034634269327e-01
1.312976225430107502e-01
1.164301038492986384e-01
8.780327881473889984e-02
4.609389725977099117e-02
-6.532824885937871251e-03
-6.665777578944068194e-02
-1.299931528544160664e-01
-1.918647664315848711e-01
-2.477253236885928467e-01
-2.936304608629802249e-01
-3.266177634137492625e-01
5.656657266883455826e-01
5.798359893735406390e-01
5.830155373134154884e-01
5.747596721785629414e-01
5.555448703549924483e-01
5.268066551036233447e-01
4.908659365807929165e-01
4.507397921519664119e-01
4.098486292398522135e-01
3.716477411080090776e-01
3.392249182431357757e-01
3.149146353662476416e-01
2.999815568408131239e-01
2.944207383181900450e-01
2.969091149617261172e-01
3.049240099821332040e-01
3.150218977656627506e-01
3.232477120489361533e-01
3.256251155120548080e-01
3.186646180767758185e-01
2.998217142026623483e-01
2.678424787625034997e-01
2.229488975827577379e-01
1.668385639754449146e-01
1.024998346687914230e-01
3.386987937099074364e-02
-3.461502364697797984e-02
-9.851367415161421670e-02
-1.538515895508150988e-01
-1.975098028006350148e-01
7.544776076437185175e-01
7.877749681163506157e-01
8.083408823296192036e-01
8.150720551831069915e-01
8.078807784892008126e-01
7.877779073852726466e-01
7.568353849294777724e-01
7.180204517307805512e-01
6.749107692754602317e-01
6.313171777432333709e-01
5.908560328256029504e-01
5.565234816704047738e-01
5.303276564477665822e-01
5.130305060295968778e-01
5.040389206689552815e-01
5.014662207549736017e-01
5.023623739016512824e-01
5.030876761823419585e-01
4.997836364641626283e-01
4.888797909911190009e-01
4.675687347822298223e-01
4.341851189606440453e-01
3.884374971213770955e-01
3.314628604157154879e-01
2.656992547200511257e-01
1.945979388923191611e-01
1.222188890262189687e-01
5.276847839648525496e-02
-9.856424608804904841e-03
-6.245844623495291209e-02
9.187849482219936359e-01
9.689970803643568331e-01
1.004969573372394009e+00
1.024990488187502713e+00
1.028438048632999813e+00
1.015906217906471731e+00
9.892034938897233953e-01
9.512133917089871105e-01
9.056229157644793970e-01
8.565438603159742925e-01
8.080682530438851874e-01
7.638110225176247825e-01
7.264979286087365207e-01
6.976537573425967143e-01
6.774347140851540994e-01
6.646310446051989507e-01
6.568434827305076329e-01
6.508133015629469220e-01
6.428640508386156416e-01
6.293968597020532796e-01
6.073731265012918268e-01
5.747199709881561924e-01
5.306049539585263597e-01
4.755456675436701697e-01
4.113438967065436436e-01
3.408592932292267563e-01
2.676598140934552950e-01
1.956020042284682403e-01
1.284011765144772721e-01
6.924890209028011778e-02
1.047910447392445432e+00
1.111725840422605138e+00
1.160123948055195697e+00
1.190873692030410380e+00
1.202884050487879941e+00
1.196366962055238403e+00
1.172870121005470612e+00
1.135164869048545633e+00
1.086992536840482915e+00
1.032691722771499121e+00
9.767463223631273062e-01
9.233069438869099255e-01
8.757445006981273705e-01
8.362929879180547310e-01
8.058285927706019258e-01
7.838154254810068000e-01
7.684264682433981086e-01
7.568248285781264961e-01
7.455684620806989349e-01
7.310845033732646936e-01
7.101498809204896956e-01
6.803145583827895360e-01
6.402126989098941845e-01
5.897239496017908644e-01
5.299692310428676389e-01
4.631493365380541238e-01
3.922564602511012244e-01
3.207050505237600269e-01
2.519367215755125566e-01
1.890534096781215645e-01
1.134650285655868007e+00
1.208022414195697225e+00
1.265205550407817459e+00
1.303569234561463785e+00
1.321645080650672099e+00
1.319319477525691342e+00
1.297896056401599107e+00
1.260010474963869642e+00
1.209398083416003411e+00
1.150534286658895233e+00
1.088185139190955830e+00
1.026919226058266243e+00
9.706390163208175048e-01
9.221893020898799254e-01
8.830918218210923598e-01
8.534396428321822103e-01
8.319643489905027556e-01
8.162663638007289224e-01
8.031770765514819610e-01
7.892040113920755218e-01
7.709997112636209904e-01
7.457929298446854816e-01
7.117274675984509580e-01
6.680684901172472268e-01
6.152561108549395863e-01
5.548082050355760408e-01
4.890953096620552221e-01
4.210268076273077642e-01
3.536970127343670445e-01
2.900411714505621297e-01
1.175913133807009459e+00
1.254486689240733366e+00
1.316550302955940444e+00
1.359211992866683483e+00
1.380734787655725881e+00
1.380750169879243261e+00
1.360344335438929519e+00
1.321997916841597398e+00
1.269377268370115663e+00
1.206994290477134912e+00
1.139769417370451343e+00
1.072546203890699879e+00
1.009613784452638274e+00
9.542939963029819506e-01
9.086428433143705075e-01
8.733020076581178293e-01
8.475170967906523467e-01
8.293178292422072051e-01
8.158344277813833756e-01
8.037071027189331973e-01
7.895341998626645985e-01
7.703010056671826256e-01
7.437358283760294730e-01
7.085520162408408540e-01
6.645520714185307876e-01
6.125901560013889968e-01
5.544088733303049743e-01
4.923822315984675013e-01
4.292068539594880439e-01
3.675865859714522177e-01
1.172780877340901418e+00
1.252317831689378602e+00
1.315484634590730728e+00
1.359270482748005549e+00
1.381784332125966186e+00
1.382479356978435936e+00
1.362256198570114707e+00
1.323424576178415135e+00
1.269519331194317147e+00
1.204985034599390215e+00
1.134760403366689374e+00
1.063807473748680898e+00
9.966387133103152829e-01
9.368966930897674183e-01
8.870352017850143822e-01
8.481383985856324470e-01
8.198973522292916094e-01
8.007434246153986024e-01
7.881181720782818312e-01
7.788425271126415694e-01
7.695363717802549131e-01
7.570348459474333103e-01
7.387504462475776856e-01
7.129396225445050472e-01
6.788475584760972348e-01
6.367227143131347633e-01
5.877106956107303048e-01
5.336523548663922867e-01
4.768215542804103424e-01
4.196424512726766864e-01
