-9.766117861917725795e-01
-1.202606911507427601e+00
-1.435510193155533187e+00
-1.667331226584075843e+00
-1.888842174268124730e+00
-2.090084744840297493e+00
-2.261034838474624831e+00
-2.392381126413882342e+00
-2.476352447777828036e+00
-2.507512330075150064e+00
-2.483430312234156112e+00
-2.405141561035380349e+00
-2.277319874758081841e+00
-2.108114383910786316e+00
-1.908635168882766742e+00
-1.692113985765931083e+00
-1.472808285926713090e+00
-1.264753874147385382e+00
-1.080498015840795745e+00
-9.299556693241072258e-01
-8.195237680265839986e-01
-7.515617301814042639e-01
-7.243032631628100182e-01
-7.322105696583706136e-01
-7.667249520139535202e-01
-8.173162376967154641e-01
-8.726955821975431737e-01
-9.220381626632442318e-01
-9.560668936840753807e-01
-9.678745087288725957e-01
-7.961628722144510339e-01
-1.009876659864592074e+00
-1.233786392682183042e+00
-1.460458199924861145e+00
-1.680999300945662522e+00
-1.885516635525967821e+00
-2.063755080605791381e+00
-2.205876265398754033e+00
-2.303314820937970797e+00
-2.349629115481740360e+00
-2.341251682890269858e+00
-2.278043557090472682e+00
-2.163568304854945890e+00
-2.005025796234807256e+00
-1.812820885540779692e+00
-1.599784549024049873e+00
-1.380109436829009883e+00
-1.168102098565954261e+00
-9.768840962497203906e-01
-8.171884979031694973e-01
-6.963934238906847041e-01
-6.179096696493564522e-01
-5.809973461622556234e-01
-5.810323745609778934e-01
-6.101852911443527150e-01
-6.584210450601183373e-01
-7.146877821658802477e-01
-7.681415049787875260e-01
-8.092552186769567113e-01
-8.306850106643782761e-01
-5.667742465163382315e-01
-7.618412858969968449e-01
-9.706596242554871301e-01
-1.186621637028139276e+00
-1.401444101647128182e+00
-1.605558672889574101e+00
-1.788702171309485944e+00
-1.940674292082133601e+00
-2.052203641191543859e+00
-2.115840079968122289e+00
-2.126776125613327739e+00
-2.083495928133166419e+00
-1.988159230407568590e+00
-1.846650130916820398e+00
-1.668254842037510066e+00
-1.464975416110075646e+00
-1.250532357394710914e+00
-1.039151842815582150e+00
-8.442664370043900801e-01
-6.772760409866050990e-01
-5.465145517669875996e-01
-4.565462203344493597e-01
-4.078760218378634228e-01
-3.971056305231349670e-01
-4.175084062598952706e-01
-4.599420016924479215e-01
-5.139743879527165493e-01
-5.690750332466630868e-01
-6.157212655964604542e-01
-6.462902426568241099e-01
-3.029821061121691361e-01
-4.743195891038325396e-01
-6.630441407408852461e-01
-8.635955471448842902e-01
-1.068537863434988022e+00
-1.268865657435594319e+00
-1.454527446697716719e+00
-1.615142036102468204e+00
-1.740854652433929228e+00
-1.823253949086631742e+00
-1.856252345478898391e+00
-1.836824450588642854e+00
-1.765503982664534899e+00
-1.646559397885622555e+00
-1.487801097333359746e+00
-1.300015234801003672e+00
-1.096065650100266797e+00
-8.897499763112152182e-01
-6.945318821443274837e-01
-5.222928073114930791e-01
-3.822492902168900253e-01
-2.801645578028244543e-01
-2.179470487580453808e-01
-1.936786758559758681e-01
-2.020591120807341268e-01
-2.351978100248166559e-01
-2.836413540581671500e-01
-3.374969842205693960e-01
-3.875076603633016425e-01
-4.259500850617459200e-01
-2.252242481008304154e-02
-1.667248584588033600e-01
-3.318161715695726599e-01
-5.134370099289312650e-01
-7.051805634895736974e-01
-8.988037272452630289e-01
-1.084668931222523725e+00
-1.252401460155912805e+00
-1.391716706552178273e+00
-1.493343501110401927e+00
-1.549947898488720721e+00
-1.556950547850593836e+00
-1.513132877900877027e+00
-1.420943891832793238e+00
-1.286449451869104532e+00
-1.118906464223044406e+00
-9.299904217025386499e-01
-7.327501176049556753e-01
-5.404013859632693650e-01
-3.650964210771568963e-01
-2.168121805624136922e-01
-1.024886667439226517e-01
-2.551660489927609632e-02
1.437167203239603230e-02
2.080780919493779857e-02
1.422834852931043059e-04
-3.945416872203111325e-02
-8.901621003429988077e-02
-1.398009500668067617e-01
-1.841717591448942537e-01
2.556402282123997338e-01
1.401012885168103628e-01
5.265248367062880241e-04
-1.599993825454244512e-01
-3.362117711303930223e-01
-5.207774088971477422e-01
-7.046452904656229643e-01
-8.776311772091730523e-01
-1.029198943961719070e+00
-1.149371597876508666e+00
-1.229680331047979802e+00
-1.264045366524406688e+00
-1.249480783982773069e+00
-1.186528426054529906e+00
-1.079352808019887089e+00
-9.354669722488050398e-01
-7.651038391017811469e-01
-5.802928584197609707e-01
-3.937411812620913443e-01
-2.176461201503993026e-01
-6.257676583491089684e-02
6.344500273249326083e-02
1.555596887604329404e-01
2.123176218276740801e-01
2.355440489833689754e-01
2.298577763580633704e-01
2.019232496782965569e-01
1.595467017332856674e-01
1.107401094080744941e-01
6.287092416499573400e-02
5.134298110001616067e-01
4.262201496090605168e-01
3.123870861442046287e-01
1.737496457357707857e-01
1.439155160849769910e-02
-1.593522560928336551e-01
-3.391518715543745399e-01
-5.151851516944468967e-01
-6.768591148308712446e-01
-8.136908107552504044e-01
-9.162618187777263890e-01
-9.771429727903985230e-01
-9.916807928599632449e-01
-9.585461878543560799e-01
-8.799690746110161443e-01
-7.616173381405336729e-01
-6.121208446259518432e-01
-4.422854375004741101e-01
-2.640817926619767331e-01
-8.952377253861121265e-02
7.043416407169933446e-02
2.068534647056652076e-01
3.135148223593939854e-01
3.872959107788543909e-01
4.281952491508438929e-01
4.390209029794189810e-01
4.248053003095856317e-01
3.920392102116728728e-01
3.478344298083426156e-01
2.991242140868943244e-01
7.355941293794563407e-01
6.747306851313967790e-01
5.853818250777220733e-01
4.681871007887027369e-01
3.260821555252170767e-01
1.643752737538922148e-01
-9.416683352306998156e-03
-1.859852300105876433e-01
-3.548813566641826345e-01
-5.053502313100335375e-01
-6.272709004234398034e-01
-7.121024604974638406e-01
-7.537298574252341288e-01
-7.491077896528540725e-01
-6.986202891143532545e-01
-6.061045697124108900e-01
-4.785269553201250137e-01
-3.253410170952137914e-01
-1.575976461736533496e-01
1.309201114656649567e-02
1.756216674616789541e-01
3.203616832760364241e-01
4.399302380045228555e-01
5.296850164196442723e-01
5.878950324131726468e-01
6.155948833638997808e-01
6.161640866560350593e-01
5.947062011828033734e-01
5.573217334474791507e-01
5.103732229207659232e-01
9.111716977747532642e-01
8.733915719268062761e-01
8.060998698780345029e-01
7.089066411490749786e-01
5.836942788609756905e-01
4.347711337645910890e-01
2.687920540556435478e-01
9.442628394415925053e-02
-7.821701725904911529e-02
-2.383639434144455560e-01
-3.754813553627617262e-01
-4.802208214598362446e-01
-5.452980967402839552e-01
-5.662070902922778926e-01
-5.416823788774438597e-01
-4.738512767254087210e-01
-3.680520684413891574e-01
-2.323346753538628739e-01
-7.669841421362255662e-02
8.784671581840836074e-02
2.502881403651850967e-01
4.005746133551909005e-01
5.304308510147121014e-01
6.339400863448712009e-01
7.078442920385690229e-01
7.515496968140187306e-01
7.668626933262983059e-01
7.575128108206610200e-01
7.285407700915685902e-01
6.856382947643373527e-01
1.034298488486309786e+00
1.015519227242336786e+00
9.670817279949590617e-01
8.877614454213561546e-01
7.785293349138469043e-01
6.427659790256008421e-01
4.862550493481547775e-01
3.169308694013825423e-01
1.443828868378517760e-01
-2.084984358490177270e-02
-1.681326437125363338e-01
-2.876537091069999441e-01
-3.713102115648906354e-01
-4.134639211153487981e-01
-4.114795858359016067e-01
-3.659821158527200025e-01
-2.808002305476238192e-01
-1.626006353371816093e-01
-2.025319391586394291e-02
1.360009640202881065e-01
2.954842203740049578e-01
4.480159889676524898e-01
5.847444305673256126e-01
6.987922624941683702e-01
7.856592600441210106e-01
8.433568967130857796e-01
8.722846495564802183e-01
8.748878723244216671e-01
8.551596863487544997e-01
8.180613987480769289e-01
-1.015692446686565109e+00
-1.249476689917650152e+00
-1.489362492877026156e+00
-1.726492926073308620e+00
-1.950682585832805849e+00
-2.151001568641771389e+00
-2.316536912472801024e+00
-2.437279995434705970e+00
-2.505063853961443598e+00
-2.514455623248673444e+00
-2.463499932174671336e+00
-2.354211931185837159e+00
-2.192735169883540447e+00
-1.989109456244837926e+00
-1.756634786857111052e+00
-1.510865133130257387e+00
-1.268314399418946969e+00
-1.044999423889607204e+00
-8.549747053716653111e-01
-7.090249905469586666e-01
-6.136715561379965100e-01
-5.706156650139823094e-01
-5.766914644889252761e-01
-6.243370671438243091e-01
-7.025257595820729728e-01
-7.980393818703860331e-01
-8.969224140610708718e-01
-9.859352576505776566e-01
-1.053831804757765056e+00
-1.092318259895392885e+00
-8.308140252324417441e-01
-1.050605600773892867e+00
-1.279519720263637250e+00
-1.509272828185015403e+00
-1.730040157192435757e+00
-1.930989495336040029e+00
-2.101014152747291863e+00
-2.229618772526937853e+00
-2.307884260779320407e+00
-2.329416011281661092e+00
-2.291166821643919160e+00
-2.194025723684369211e+00
-2.043078271898955744e+00
-1.847472650189823096e+00
-1.619867103197168312e+00
-1.375483370557019303e+00
-1.130841927658448931e+00
-9.023007864769821973e-01
-7.045531959667280519e-01
-5.492547124490397836e-01
-4.439429375319274840e-01
-3.913830533083600960e-01
-3.894220624708188971e-01
-4.313708018637663066e-01
-5.068644655034305613e-01
-6.030899422463135151e-01
-7.062216115947618222e-01
-8.028838474229996747e-01
-8.814619954547812108e-01
-9.331130187486710303e-01
-5.988730888798181606e-01
-7.982952917991809061e-01
-1.010112593785632562e+00
-1.226902233490373639e+00
-1.439496369835481460e+00
-1.637443766186413630e+00
-1.809690045746210618e+00
-1.945437430214531638e+00
-2.035115024473491019e+00
-2.071365392892220214e+00
-2.049936817262242084e+00
-1.970366950700447983e+00
-1.836354907736679642e+00
-1.655745528768601815e+00
-1.440089726579212748e+00
-1.203794288213107411e+00
-9.629271749333453423e-01
-7.337929446831580327e-01
-5.314299404900681978e-01
-3.681998766615032226e-01
-2.526371361250027148e-01
-1.886983437544366149e-01
-1.755051530568033646e-01
-2.076108127516985702e-01
-2.757529138972762972e-01
-3.679911306516318037e-01
-4.710797683657289570e-01
-5.718983160067746541e-01
-6.587630230681172927e-01
-7.224682672433700992e-01
-3.352575951479069838e-01
-5.093953865340554721e-01
-6.992799420659966403e-01
-8.985846883488192161e-01
-1.099054144220861229e+00
-1.290875639715917789e+00
-1.463285488727155137e+00
-1.605379524175362782e+00
-1.707066086186215692e+00
-1.760071325486904037e+00
-1.758886780971564701e+00
-1.701541719337068326e+00
-1.590090430675785260e+00
-1.430728335090518666e+00
-1.233488818914604046e+00
-1.011521262282839118e+00
-7.800037842724188986e-01
-5.547945281774196991e-01
-3.509652301104688732e-01
-1.813836304084991413e-01
-5.551235072158500206e-02
2.143040879649615871e-02
4.884654607397032056e-02
3.062748314235241853e-02
-2.545899868469819749e-02
-1.087775610722657715e-01
-2.070924126943296528e-01
-3.079258395289854455e-01
-3.998370073730493912e-01
-4.734708951144136480e-01
-5.821200992569164345e-02
-2.039846902264181860e-01
-3.687370826804591273e-01
-5.474021972937669345e-01
-7.328312667973965189e-01
-9.160632434447976147e-01
-1.086840163799859926e+00
-1.234348469162541484e+00
-1.348133216221722108e+00
-1.419101458852508379e+00
-1.440507875795524750e+00
-1.408804387026515226e+00
-1.324239179153167356e+00
-1.191110446115843935e+00
-1.017615103593229708e+00
-8.152791936180444621e-01
-5.980089817314455658e-01
-3.808527404012113093e-01
-1.786053304793182583e-01
-4.414079386559521812e-03
1.314498333173466094e-01
2.225072670832931587e-01
2.665653007872134106e-01
2.657351781789885625e-01
2.259822947569011808e-01
1.562780703536546523e-01
6.747428014604017754e-02
-2.894759471101010506e-02
-1.220908924142731222e-01
-2.026765794275000587e-01
2.132442353709962934e-01
9.692821157899245144e-02
-4.127768204843151878e-02
-1.976452928757427285e-01
-3.662523847712190195e-01
-5.391443309117796012e-01
-7.067478907871712623e-01
-8.585278635677197068e-01
-9.838436429065958722e-01
-1.072930260731480345e+00
-1.117902454640661958e+00
-1.113665281912298965e+00
-1.058614301035091909e+00
-9.550239554764198280e-01
-8.090538295538481917e-01
-6.303457917778024777e-01
-4.312354268667502044e-01
-2.256517831150527398e-01
-2.782293559477916345e-02
1.490656599446990860e-01
2.941027164347858047e-01
3.996265270289473537e-01
4.618302077627425284e-01
4.809312604543395375e-01
4.608978873555794609e-01
4.087830137759677629e-01
3.337669940834757099e-01
2.460437846908400394e-01
1.556980662286201467e-01
7.171119967485573010e-02
4.614709060606003721e-01
3.737888812940754479e-01
2.618187321864453576e-01
1.279575226794771037e-01
-2.313915492969081944e-02
-1.846124924770033982e-01
-3.477084767952461908e-01
-5.023399256884047981e-01
-6.378702552484143418e-01
-7.440532208414188942e-01
-8.120346155423482370e-01
-8.353036388365856491e-01
-8.104770871131675714e-01
-7.378106398754243900e-01
-6.213580827294004072e-01
-4.687387158340338145e-01
-2.905206844699450563e-01
-9.927719075318874875e-02
9.158355469899231993e-02
2.690819042842771958e-01
4.218765103884786205e-01
5.412783215141714344e-01
6.219522283661467199e-01
6.622314895625895925e-01
6.640220917101529174e-01
6.323285604712662877e-01
5.744810398752914216e-01
4.991783378556158279e-01
4.154781106487528963e-01
3.318617055602122168e-01
6.720956248290032020e-01
6.105906350212297884e-01
5.230650745280064351e-01
4.106732160378127605e-01
2.768402340706541676e-01
1.273052632972812848e-01
-3.008321889420351170e-02
-1.858307165945675132e-01
-3.294970531211445230e-01
-4.505783599099524306e-01
-5.394856699233553377e-01
-5.885141648777788559e-01
-5.926888822900783227e-01
-5.503793840182036323e-01
-4.635977180583129575e-01
-3.379288976349712481e-01
-1.820868952213664516e-01
-7.136017586947374092e-03
1.745391053386085300e-01
3.503982409283725730e-01
5.089099979660220985e-01
6.405809301121447863e-01
7.387327469771991506e-01
7.999456263560118519e-01
8.241310406198307792e-01
8.142468495275285711e-01
7.757130903993489923e-01
7.156220332760043767e-01
6.418557011870276163e-01
5.622260019269269549e-01
8.353572842461337578e-01
7.963677230195842505e-01
7.303933607775467962e-01
6.375001031079600144e-01
5.199843917922215564e-01
3.825011277144469979e-01
2.319542398423720675e-01
7.713055228071119540e-02
-7.191125991330582501e-02
-2.046517869526549571e-01
-3.110469816195803316e-01
-3.824913870584760733e-01
-4.126993114872570256e-01
-3.983973606197941386e-01
-3.397388427737746408e-01
-2.403806287736617309e-01
-1.072025120627420613e-01
5.030718152603758098e-02
2.209340775218850694e-01
3.927885917324551723e-01
5.544042066203533903e-01
6.957572663221013309e-01
8.090944254996175200e-01
8.894812485559987492e-01
9.350239688896851975e-01
9.467601699584939912e-01
9.282564583454200324e-01
8.849857619592770286e-01
8.235788757723794262e-01
7.510517523075976865e-01
9.467354596525473509e-01
9.259010592109916393e-01
8.779268111175353440e-01
8.019908408576943426e-01
6.994116390265751049e-01
5.738434301290544770e-01
4.312491358044427958e-01
2.796250563922252352e-01
1.284803619052114765e-01
-1.189386114563850683e-02
-1.313013101880973199e-01
-2.205744622999423754e-01
-2.724637358367337781e-01
-2.823787194584849169e-01
-2.488910106577781889e-01
-1.739333996611386324e-01
-6.266493002415196578e-02
7.698872317262556164e-02
2.350705031394171862e-01
4.005200235753976212e-01
5.621885038407792301e-01
7.098256012666699366e-01
8.349294107599604109e-01
9.313714660322545136e-01
9.957402502714861603e-01
1.027384626772122278e+00
1.028176979082181308e+00
1.002049053968651293e+00
9.543769359101208494e-01
8.913024679326192468e-01
-9.252686080615378783e-01
-1.149510432751626343e+00
-1.379397503896743871e+00
-1.605868668999314686e+00
-1.818490728347881280e+00
-2.006079591916452021e+00
-2.157511063317774092e+00
-2.262664899544313268e+00
-2.313419240539199784e+00
-2.304592444806971230e+00
-2.234719722901788330e+00
-2.106555728923949822e+00
-1.927212937443761209e+00
-1.707878719913058951e+00
-1.463098873498981156e+00
-1.209667172474554242e+00
-9.652128493683010957e-01
-7.466233857695380172e-01
-5.684713251790515232e-01
-4.416250312598706262e-01
-3.722108737570752890e-01
-3.610580581483822105e-01
-4.037008445564993497e-01
-4.909434374565394554e-01
-6.099202621390794610e-01
-7.455197169647845845e-01
-8.819930737127382736e-01
-1.004549559746589882e+00
-1.100747126880628368e+00
-1.161524328714635068e+00
-7.473444685374491803e-01
-9.565514014377670682e-01
-1.173920850735886034e+00
-1.390948122291414180e+00
-1.597569140285508116e+00
-1.782732836557073153e+00
-1.935183082261214160e+00
-2.044399032104243119e+00
-2.101613508407869979e+00
-2.100805758253014854e+00
-2.039551911179649402e+00
-1.919617208240383732e+00
-1.747190483499583724e+00
-1.532693312983698597e+00
-1.290141226492304671e+00
-1.036087644866778845e+00
-7.882361352332866167e-01
-5.638554614014160693e-01
-3.781670322473723589e-01
-2.428892441868657492e-01
-1.651138660777128342e-01
-1.466554552876631057e-01
-1.839591814795404900e-01
-2.685824922362820555e-01
-3.881917703716762924e-01
-5.279478131325832102e-01
-6.721042751028881712e-01
-8.056191905286832489e-01
-9.155851186210320902e-01
-9.923170604620236146e-01
-5.291474750616217415e-01
-7.174701354442901691e-01
-9.166642718144334401e-01
-1.119064055900365062e+00
-1.315270887348269468e+00
-1.494654637802407038e+00
-1.646081319964516343e+00
-1.758823516854478797e+00
-1.823578428358501924e+00
-1.833492046705530676e+00
-1.785071459531837323e+00
-1.678864494823251619e+00
-1.519799232785174148e+00
-1.317105572340516062e+00
-1.083784875771743650e+00
-8.356471234573387141e-01
-5.899913694452405544e-01
-3.640567361559180481e-01
-1.734097201972992774e-01
-3.045233843203309920e-02
5.676982935785018780e-02
8.531136793228821791e-02
5.752720755236873096e-02
-1.929756281613759228e-02
-1.338409128619414412e-01
-2.720442546711242526e-01
-4.186520562048354765e-01
-5.587954713974478960e-01
-6.794265118934613712e-01
-7.704392474167852667e-01
-2.860206681658304939e-01
-4.491815519793904699e-01
-6.259712645318679103e-01
-8.097927181742768932e-01
-9.921662465945327858e-01
-1.163141333194893878e+00
-1.311947599030751643e+00
-1.427850697958007675e+00
-1.501145644889308350e+00
-1.524191069073430604e+00
-1.492367914523925698e+00
-1.404839484508131342e+00
-1.264999254557921837e+00
-1.080519259245400931e+00
-8.629533062772526408e-01
-6.269014851071685879e-01
-3.887989659799266917e-01
-1.654450949132264537e-01
2.756984425481656675e-02
1.773602351424052592e-01
2.749841531310988074e-01
3.162729877760384056e-01
3.021476467651756925e-01
2.383825037255756785e-01
1.348504254185996509e-01
4.350379417283278816e-03
-1.388274486869123803e-01
-2.804138898854411366e-01
-4.075628370106405551e-01
-5.099807322926571684e-01
-3.545189859872593940e-02
-1.710573414072011911e-01
-3.229343765639235420e-01
-4.857129358965021071e-01
-6.520230893687343210e-01
-8.128045392622166299e-01
-9.578633527497514288e-01
-1.076652171592439533e+00
-1.159216069917489378e+00
-1.197215038861568548e+00
-1.184910911996271743e+00
-1.119995998082053745e+00
-1.004145974505578742e+00
-8.432018776337891763e-01
-6.469239845673709910e-01
-4.283101327555122184e-01
-2.025264518908761469e-01
1.444804070494082326e-02
2.073180776226746513e-01
3.629389316985029423e-01
4.715785259815135078e-01
5.278206771214404291e-01
5.309985134734852563e-01
4.851073012694417375e-01
3.982143607705543320e-01
2.814500123359364725e-01
1.477171666369240799e-01
1.028982302414455097e-02
-1.185225148170614418e-01
-2.284870226899820000e-01
2.049878473299066584e-01
9.736503085602593588e-02
-2.889066344172686041e-02
-1.697117402602614789e-01
-3.189534474663869856e-01
-4.685950238469273055e-01
-6.091907922613993831e-01
-7.305585223645122417e-01
-8.226582333239539357e-01
-8.765819264771593788e-01
-8.855488448198775009e-01
-8.457865564761929411e-01
-7.571790190499348983e-01
-6.235804129597769530e-01
-4.527271214736925398e-01
-2.557264176292370905e-01
-4.615354754840661489e-02
1.611582781825259547e-01
3.515058100567315380e-01
5.117231506413632003e-01
6.314416254780730320e-01
7.040497813240662595e-01
7.272378042452991576e-01
7.030645076852888309e-01
6.375482677017583200e-01
5.398462133149063424e-01
4.211387791203943798e-01
2.933711701121641258e-01
1.680143007166979563e-01
5.499438575509518756e-02
4.196739022254423745e-01
3.386424824626082519e-01
2.370518226311669752e-01
1.176759377934244732e-01
-1.460142283856763479e-02
-1.528807992410772254e-01
-2.885879550969799867e-01
-4.120602005768309040e-01
-5.133429129017773596e-01
-5.831276620088889917e-01
-6.137353715907175600e-01
-6.000303072903427903e-01
-5.401472178948958369e-01
-4.359266834079952302e-01
-2.929823501737465197e-01
-1.203654703057062680e-01
7.015805514231837625e-02
2.651518415827709974e-01
4.507631873635138953e-01
6.140443410183402673e-01
7.441849538761144967e-01
8.335082788897802963e-01
8.781131613694365123e-01
8.780904544691571223e-01
8.372993403413970803e-01
7.627474378417042900e-01
6.636694372251363827e-01
5.504344744210086793e-01
4.334273834639684742e-01
3.220418186126404736e-01
5.966007805122897079e-01
5.392938665524120712e-01
4.600598460360427189e-01
3.604658503255244728e-01
2.441741491120875129e-01
1.169477203439788782e-01
-1.358281095029917340e-02
-1.383995708102461752e-01
-2.478015284887052916e-01
-3.322753258514020702e-01
-3.834466008495434064e-01
-3.950052087578069804e-01
-3.634903279707776269e-01
-2.888293204734844188e-01
-1.745475987929021588e-01
-2.760344709471279634e-02
1.421526594159937540e-01
3.228463100827299592e-01
5.016828591759029399e-01
6.661611698086755684e-01
8.052550878737571027e-01
9.104228979384118015e-01
9.763272104728615286e-01
1.001186567063251598e+00
9.867297614535479600e-01
9.377768228529788086e-01
8.615185832236195163e-01
7.666024216964878457e-01
6.621500190540361430e-01
5.568317485333025285e-01
7.284506670165533659e-01
6.909982985087537166e-01
6.308900792955443038e-01
5.486356413997764969e-01
4.467790410925369660e-01
3.299907753372077757e-01
2.049342543400403671e-01
7.988920486766221130e-02
-3.585513655887029305e-02
-1.327917523868544225e-01
-2.020974553782841632e-01
-2.365470549179709003e-01
-2.313319880734494571e-01
-1.846787075891483942e-01
-9.818028514874893586e-02
2.321395385805707923e-02
1.715651266993661328e-01
3.366373168169438101e-01
5.068428620647976723e-01
6.703334250312527054e-01
8.161098649673106387e-01
9.350211773372515411e-01
1.020537976871190633e+00
1.069217062263837503e+00
1.080815835912543266e+00
1.058062249295224078e+00
1.006130261786901903e+00
9.319058321544496648e-01
8.431492241085298822e-01
7.476634988562457229e-01
8.129329451491145164e-01
7.909848151634897295e-01
7.463210909504598423e-01
6.785862864404168526e-01
5.893564711489048813e-01
4.823006549264737819e-01
3.631336988950391587e-01
2.393362414105031089e-01
1.196450269872768313e-01
1.334784332979316313e-02
-7.055336126866773583e-02
-1.242242493115769952e-01
-1.418244863508126841e-01
-1.201779446507384441e-01
-5.919916567670702179e-02
3.798545888530729941e-02
1.652476082334924379e-01
3.139831361286042899e-01
4.738993506957759339e-01
6.339748428827052251e-01
7.834811137418209448e-01
9.129480403976003577e-01
1.014964104963822056e+00
1.084725981350494362e+00
1.120286892909545973e+00
1.122493727113180739e+00
1.094642983959679405e+00
1.041919235555709866e+00
9.707021498984629293e-01
8.878366143460695303e-01
-7.317187421997702890e-01
-9.335567444450477703e-01
-1.141423716668749755e+00
-1.346732231022185200e+00
-1.539514260032794901e+00
-1.709032717415060354e+00
-1.844586251691414880e+00
-1.936449906285718559e+00
-1.976867057558081786e+00
-1.960987715480196680e+00
-1.887638803880970162e+00
-1.759816405918710025e+00
-1.584809547467124879e+00
-1.373899251505260377e+00
-1.141622469417352459e+00
-9.046431190486560192e-01
-6.803252260731637024e-01
-4.851486003643167289e-01
-3.331382879342130732e-01
-2.344892934006532759e-01
-1.945543539381048292e-01
-2.133248546936120649e-01
-2.854771200582810753e-01
-4.009857001317359559e-01
-5.462319601509120215e-01
-7.054714354687473543e-01
-8.624773607045738144e-01
-1.002158057977241334e+00
-1.111955695048242543e+00
-1.182871453255811112e+00
-5.654326739396864365e-01
-7.517227131390714634e-01
-9.460112672419548341e-01
-1.140236049272670193e+00
-1.324798944613441165e+00
-1.489132256746169780e+00
-1.622475473114209699e+00
-1.714810148430451431e+00
-1.757870888934927933e+00
-1.746127129745966844e+00
-1.677617804806422086e+00
-1.554522531474009650e+00
-1.383370369398992050e+00
-1.174820252972306189e+00
-9.429931705736857017e-01
-7.043901335254744156e-01
-4.764851806121548350e-01
-2.761313149775116438e-01
-1.179516498895396559e-01
-1.290174194914295303e-02
3.282176224227428829e-02
1.838683695468162904e-02
-5.163601039939469395e-02
-1.678145675472046960e-01
-3.169103478808760199e-01
-4.833169784830989579e-01
-6.507006909067746259e-01
-8.036391408587558738e-01
-9.290618154460149603e-01
-1.017330783237528458e+00
-3.684785025249618373e-01
-5.342407108814695160e-01
-7.100725218169247066e-01
-8.886947889566442216e-01
-1.061156232732206384e+00
-1.217333056627394772e+00
-1.346652789115854620e+00
-1.438997157759969614e+00
-1.485707295828007979e+00
-1.480588564784127037e+00
-1.420796447689556263e+00
-1.307483154708689810e+00
-1.146099018417011450e+00
-9.462735305458510604e-01
-7.212456235898793144e-01
-4.868667666381052417e-01
-2.602568822141143601e-01
-5.824407858377461666e-02
1.042432621786249236e-01
2.156461772255077736e-01
2.689279420571540347e-01
2.622639249991922106e-01
1.991771258252596766e-01
8.809792001017918706e-02
-5.859847985897043143e-02
-2.259546634930937881e-01
-3.980201108214929118e-01
-5.594671029024632647e-01
-6.970374233844679468e-01
-8.006559481984097948e-01
-1.556299083976843134e-01
-2.975042049239297048e-01
-4.515102527350404182e-01
-6.113590007375696578e-01
-7.689796287950815268e-01
-9.149350301342605851e-01
-1.039070802268931448e+00
-1.131361602349290507e+00
-1.182885966135330147e+00
-1.186832348987821195e+00
-1.139420155808408719e+00
-1.040614066731625709e+00
-8.945207030161920203e-01
-7.093841482002413157e-01
-4.971390925291079288e-01
-2.725329608472284448e-01
-5.188476864541907707e-02
1.483992443781345649e-01
3.133930254116308878e-01
4.311200655045925867e-01
4.937465735893061258e-01
4.983484916455345193e-01
4.471530425674435927e-01
3.472221432296719867e-01
2.096180392380988522e-01
4.815977378513641716e-02
-1.220681970438051711e-01
-2.862652143857457032e-01
-4.313311144635589844e-01
-5.469876772748623051e-01
5.708010160078230699e-02
-5.939641897465813836e-02
-1.899357720003924666e-01
-3.293781181764854349e-01
-4.707054762052363950e-01
-6.053609399496112653e-01
-7.238056593119327475e-01
-8.162877751633031975e-01
-8.737642170592018198e-01
-8.888861567516442852e-01
-8.569370233598813114e-01
-7.766027907655398410e-01
-6.504608103162808908e-01
-4.850967874698211002e-01
-2.907981251492463004e-01
-8.082178436384113152e-02
1.297101421872888238e-01
3.251814258778331634e-01
4.909715768436481165e-01
6.148926257968958531e-01
6.883992323759887677e-01
7.074213662943560355e-01
6.727140083882088284e-01
5.896800319278823199e-01
4.676917254546333336e-01
3.190027068321819592e-01
1.573948036670416162e-01
-3.264542938544001682e-03
-1.503743544192177595e-01
-2.737038558463210647e-01
2.543192108013785369e-01
1.629006354432957493e-01
5.574113909997641114e-02
-6.319081003463755675e-02
-1.880302803000779566e-01
-3.112330448867525190e-01
-4.240294577218787220e-01
-5.171001774634160775e-01
-5.814258357461793425e-01
-6.092315198954217914e-01
-5.949226116708214995e-01
-5.358957439028260161e-01
-4.331108153123922611e-01
-2.913286078830911174e-01
-1.189526492655595402e-01
7.253989282908129832e-02
2.695409901735131841e-01
4.575392853750323563e-01
6.225004896605670357e-01
7.522415707881859870e-01
8.376334190493024412e-01
8.734836070724258938e-01
8.589895510679276258e-01
7.977077898989720639e-01
6.970491617575398369e-01
5.673725562994347271e-01
4.208017621539543174e-01
2.699225575570971536e-01
1.265257251734168420e-01
5.454488254926226354e-04
4.232700895792994578e-01
3.549412703898164323e-01
2.695554827340428949e-01
1.699050841052387739e-01
6.067667517460550997e-02
-5.166486760429794822e-02
-1.592227680865455630e-01
-2.532411301712541585e-01
-3.248680556073122450e-01
-3.660414350232173986e-01
-3.704035900193382025e-01
-3.341349637452423194e-01
-2.565949276564885029e-01
-1.406713851716944741e-01
7.230178071505610760e-03
1.775860595466304814e-01
3.585210476474300356e-01
5.368717177416169051e-01
6.994325267672709678e-01
8.342414560840525350e-01
9.317513420828396065e-01
9.857438730184445719e-01
9.938747942398273860e-01
9.577870010649599530e-01
8.827858503780460220e-01
7.771293272214598868e-01
6.510355162776519933e-01
5.155433750224763800e-01
3.813751290683826123e-01
2.579384986907569122e-01
5.550026892220526475e-01
5.065627563810086720e-01
4.401963450788077270e-01
3.576045557679394249e-01
2.623400447039747063e-01
1.597852043481509110e-01
5.691106302173809528e-02
-3.818917196228094335e-02
-1.169676079308210048e-01
-1.712346624659389915e-01
-1.940347666913794233e-01
-1.804833857500330874e-01
-1.284578760193229030e-01
-3.904336644379224897e-02
8.334158788450668487e-02
2.311785794215543977e-01
3.944365944735410134e-01
5.614605749251088129e-01
7.200667550429380448e-01
8.587192874206730497e-01
9.676482167381137423e-01
1.039773804451882722e+00
1.071326472090247339e+00
1.062091985518878179e+00
1.015261970390960444e+00
9.369226457264334673e-01
8.352615285239737286e-01
7.196055422647189559e-01
5.994195345355002313e-01
4.833899782944959256e-01
6.452012700241578358e-01
6.127143947564583915e-01
5.619290648339001493e-01
4.935950504264436933e-01
4.102331626922844920e-01
3.161953736255085912e-01
2.175208983375064575e-01
1.215734311572520543e-01
3.647288485006999759e-02
-2.963491206562901548e-02
-6.939952657494730115e-02
-7.708672949557188181e-02
-4.929781787237430546e-02
1.450947184002265855e-02
1.117771894456748571e-01
2.369285170477869462e-01
3.817825923030341850e-01
5.362680012997709245e-01
6.893596744932859455e-01
8.301323583771196279e-01
9.488062884287458143e-01
1.037660277761824013e+00
1.091704657748739926e+00
1.109039024558434949e+00
1.090862678544772368e+00
1.041152340207872173e+00
9.660649004253881733e-01
8.731559848823803316e-01
7.705232049882544398e-01
6.659840456005514664e-01
6.941741551755429285e-01
6.734865660154891742e-01
6.346386677483767391e-01
5.776051561686048608e-01
5.040183625740961570e-01
4.172944506089535377e-01
3.225739954920311403e-01
2.264551700558076197e-01
1.365232494347127512e-01
6.070849896485935870e-02
6.531627893989810918e-03
-1.968246462887873749e-02
-1.352981812394998817e-02
2.690139158152005106e-02
1.006932381608272031e-01
2.040483931227687897e-01
3.305483972443454821e-01
4.717008425973922003e-01
6.177184835512127270e-01
7.584420066788591930e-01
8.842984541358017703e-01
9.871823398854349119e-01
1.061157299141072041e+00
1.102901149439334816e+00
1.111852690048547698e+00
1.090058901860831320e+00
1.041760154603507793e+00
9.727826514493225218e-01
8.898271074295658334e-01
7.997482068438931391e-01
-4.903976078098609692e-01
-6.637084550701203289e-01
-8.442192489028540470e-01
-1.024347189703813665e+00
-1.195154362303441076e+00
-1.346906994526451129e+00
-1.469822375142566084e+00
-1.554948904316500347e+00
-1.595098426147413484e+00
-1.585730500328714321e+00
-1.525679412825302617e+00
-1.417619268819999334e+00
-1.268181637618494673e+00
-1.087673152209017058e+00
-8.893843303724239258e-01
-6.885308527644348198e-01
-5.009182848440947300e-01
-3.414636999604613310e-01
-2.227360296030117537e-01
-1.536857611831330406e-01
-1.387207577647095458e-01
-1.772486404356314882e-01
-2.637510879071839343e-01
-3.883886500576229084e-01
-5.380657720280592748e-01
-6.978251873209492251e-01
-8.523983178647135395e-01
-9.877207997621862967e-01
-1.092232620176820657e+00
-1.157818709314067274e+00
-3.324235772716958026e-01
-4.898701914571710336e-01
-6.560848305277681147e-01
-8.239867909339330110e-01
-9.850129484657409451e-01
-1.129635548768853415e+00
-1.248082389233243994e+00
-1.331209408639304037e+00
-1.371447262239288811e+00
-1.363721341469277704e+00
-1.306233055364845352e+00
-1.200992186231136127e+00
-1.054007327107755465e+00
-8.750733290273190468e-01
-6.771386334843322308e-01
-4.752865345525293383e-01
-2.854163442715837995e-01
-1.227557769653603859e-01
-3.674155581012694682e-04
7.217603128734734197e-02
8.978431287103544323e-02
5.238140783569089631e-02
-3.509760297614472613e-02
-1.632512580877115704e-01
-3.192341586523713692e-01
-4.881302821268452830e-01
-6.545049524206240088e-01
-8.039429057108088417e-01
-9.243878403223072526e-01
-1.007133502944422165e+00
-1.531782868735235281e-01
-2.907153581013742771e-01
-4.385985073821290214e-01
-5.904715544669038030e-01
-7.383908517055196574e-01
-8.732824689539590013e-01
-9.856127139759515154e-01
-1.066228620766946911e+00
-1.107295025007295042e+00
-1.103230368889091206e+00
-1.051528874036452343e+00
-9.533557185430029390e-01
-8.138163115677296000e-01
-6.418305727233466484e-01
-4.495858852786999149e-01
-2.515934665570273010e-01
-6.342585229214608988e-02
9.973943924018496832e-02
2.246106633688574605e-01
3.011325712792130016e-01
3.235307445229024803e-01
2.909150252637928147e-01
2.073599268353777947e-01
8.144610754741138381e-02
-7.468251841055145723e-02
-2.466274454399988159e-01
-4.192440640704577781e-01
-5.781609767852028403e-01
-7.111260731815846059e-01
-8.090270147875023854e-01
3.315937516091116422e-02
-8.205072672748997542e-02
-2.091095928377852964e-01
-3.425590218368703699e-01
-4.752766906226689736e-01
-5.988571579692150149e-01
-7.042126388217794242e-01
-7.823585137333129991e-01
-8.253175973409113686e-01
-8.270507662117198011e-01
-7.843042694626348732e-01
-6.972597575801625647e-01
-5.698841191623701397e-01
-4.099029277459503851e-01
-2.283616533086865186e-01
-3.878846226211601911e-02
1.439748203661179449e-01
3.051585854114484686e-01
4.315165794763041740e-01
5.126724934624311558e-01
5.421964768818353653e-01
5.182738975990632824e-01
4.438773541633780351e-01
3.264161737579479028e-01
1.769062794841690101e-01
8.766880600952375868e-03
-1.636011544646799321e-01
-3.262749278387114815e-01
-4.671282882135395775e-01
-5.768585714248057883e-01
2.119489823328782330e-01
1.197036841420127951e-01
1.427149174857927916e-02
-9.989798178118070027e-02
-2.166474022029197810e-01
-3.284058836373668910e-01
-4.267044140612563652e-01
-5.028870353326335696e-01
-5.489611211357338094e-01
-5.585022633714170626e-01
-5.275094876751248441e-01
-4.550988584551145522e-01
-3.439307236849121763e-01
-2.002886500094538391e-01
-3.376495932016743140e-02
1.434451875285593925e-01
3.175878859975667656e-01
4.746310361778453002e-01
6.016414976178179330e-01
6.880977756805253254e-01
7.269773137489106141e-01
7.154804357583076646e-01
6.552966327415936654e-01
5.523775388713469958e-01
4.162461016437197792e-01
2.589331252099489888e-01
9.368079008205310032e-02
-6.641980992516616222e-02
-2.096878287143387753e-01
-3.268620176222406526e-01
3.699340338435516129e-01
2.995867067913445814e-01
2.149632738126241449e-01
1.194636282072701894e-01
1.820320358132243577e-02
-8.218946578996977337e-02
-1.739928649593650567e-01
-2.490149145093184524e-01
-2.993716589202776168e-01
-3.183475913413499336e-01
-3.012410995569689831e-01
-2.460876152099146230e-01
-1.541561600981493640e-01
-3.013331131113528016e-02
1.180588829225492353e-01
2.798211650690936025e-01
4.427728554118542936e-01
5.938990687379531730e-01
7.208243766230101324e-01
8.130641179875779390e-01
8.631004919761163796e-01
8.671481004668534220e-01
8.255112187101765198e-01
7.424878451101752930e-01
6.258358250275797285e-01
4.858747956221759479e-01
3.343451191199051098e-01
1.831738373095866401e-01
4.330362240092944237e-02
-7.627663856764260730e-02
4.968480744791972659e-01
4.459088745394432785e-01
3.799240562278031197e-01
3.012708762661082673e-01
2.140136624133625320e-01
1.237920385894518971e-01
3.749987375634772357e-02
-3.723970425034134335e-02
-9.276846062453419917e-02
-1.221928923557897284e-01
-1.202028650568852663e-01
-8.380835444713879978e-02
-1.289268413855254591e-02
8.950576268800208846e-02
2.172437964592904558e-01
3.614772530024630282e-01
5.113947445099494837e-01
6.552122035179174242e-01
7.813202705121797820e-01
8.794507434857034012e-01
9.417202220443998684e-01
9.634209637605511967e-01
9.434599363005298223e-01
8.843930189338852221e-01
7.920555312459809372e-01
6.748443795056922045e-01
5.427525710099813105e-01
4.062864919774599182e-01
2.754057413326703729e-01
1.586135974351529088e-01
5.865138778224239235e-01
5.515039603924747347e-01
5.010482331932766265e-01
4.365880476409862432e-01
3.611888320151631637e-01
2.795123895451682161e-01
1.975926020423006690e-01
1.224105372553140059e-01
6.129255860327331717e-02
2.118315958810546018e-02
7.868532293944907607e-03
2.524306332586140345e-02
7.471558687101648166e-02
1.548433506182437525e-01
2.612592576453763860e-01
3.869241721365916375e-01
5.226950504642469131e-01
6.581570131804255208e-01
7.826295450482425586e-01
8.862298534039964037e-01
9.608647669849771367e-01
1.001028938889758191e+00
1.004311248204031726e+00
9.715499661603153037e-01
9.066247299993347442e-01
8.159222948156137356e-01
7.075556983683397583e-01
5.904462012487128320e-01
4.733897549654889625e-01
3.642234902549244535e-01
6.372728828921898625e-01
6.142338274908073492e-01
5.757412744777429259e-01
5.224328523655600298e-01
4.564766033539133239e-01
3.816162218122622352e-01
3.030358479886032241e-01
2.270323018432644502e-01
1.605079176353433890e-01
1.103240389801795618e-01
8.257970196327762968e-02
8.189794021625174114e-02
1.108099817424947897e-01
1.693231378282733235e-01
2.547409398264214309e-01
3.617755887807848625e-01
4.829564893984346630e-01
6.092994895193649674e-01
7.311651869151636340e-01
8.392069536185707834e-01
9.252947792790743309e-01
9.833023790470986070e-01
1.009662517704295936e+00
1.003626805613204276e+00
9.672066210838511369e-01
9.048150146473220579e-01
8.226686518172217077e-01
7.280379613940877181e-01
6.284484074895833050e-01
5.309345149759551186e-01
6.517174816039581486e-01
6.367127717020240052e-01
6.066339199566779250e-01
5.614750283494803762e-01
5.026418409407624743e-01
4.330556246959935685e-01
3.570952397744052154e-01
2.803587858810689393e-01
2.092488094243961372e-01
1.504101794129955594e-01
1.100737034094240174e-01
9.337745197645896944e-02
1.037481151449918260e-01
1.424241134081586924e-01
2.081897723677736400e-01
2.973666121744141799e-01
4.040764673094457970e-01
5.207559744268760449e-01
6.388680475549806115e-01
7.497284786640812104e-01
8.453491550887650696e-01
9.191964142288202577e-01
9.667744916595057969e-01
9.859682737920918427e-01
9.771129323736260641e-01
9.427952619946144974e-01
8.874268051420310943e-01
8.166566904042268371e-01
7.367084793038971569e-01
6.537282685049308206e-01
-2.634145358743850140e-01
-4.080733712444852834e-01
-5.612411668793816366e-01
-7.166224630788252670e-01
-8.666412430527076216e-01
-1.002918670349690622e+00
-1.116923117120338649e+00
-1.200744023473150790e+00
-1.247917220669098270e+00
-1.254211796500602105e+00
-1.218280774286590429e+00
-1.142082209330850251e+00
-1.030994703639535715e+00
-8.935809581977681715e-01
-7.409921260192383619e-01
-5.860500157269684651e-01
-4.420879849236708514e-01
-3.216684335194519573e-01
-2.353192210498821213e-01
-1.904383896131505161e-01
-1.905037214377213184e-01
-2.346911741595777423e-01
-3.179575191279720991e-01
-4.315838550830843889e-01
-5.641164734961648941e-01
-7.025890028461391212e-01
-8.338732507878469091e-01
-9.459917059735910572e-01
-1.029234649978013838e+00
-1.076957469042405080e+00
-1.052276669766709638e-01
-2.335849450832596652e-01
-3.718633248610294650e-01
-5.142688031879719679e-01
-6.536164313197080356e-01
-7.817695048337577335e-01
-8.902640045481925446e-01
-9.710738461036193536e-01
-1.017446711448688479e+00
-1.024720374715136550e+00
-9.910192022961746838e-01
-9.177326375066287012e-01
-8.096932229806580450e-01
-6.750004797162335590e-01
-5.244761979100215354e-01
-3.707820287449365981e-01
-2.272759314637479156e-01
-1.067235577626442500e-01
-2.000777492159905302e-02
2.501082909302365653e-02
2.434035889125540919e-02
-2.170001859839826297e-02
-1.085044042500970529e-01
-2.276746381565639687e-01
-3.679267255538399839e-01
-5.162964080717004078e-01
-6.594921651468849122e-01
-7.852271047316005115e-01
-8.833691846975314510e-01
-9.467804612527751518e-01
6.772309755501992878e-02
-4.104996170301811187e-02
-1.611062060740580115e-01
-2.873383451701770896e-01
-4.131602876071787112e-01
-5.308914121725534230e-01
-6.323354511965579849e-01
-7.095153839621252123e-01
-7.554985818063421066e-01
-7.652245368358957522e-01
-7.362347925236475410e-01
-6.692042284952471887e-01
-5.681862238148269739e-01
-4.405111603149094446e-01
-2.963159244845324780e-01
-1.477272945136434701e-01
-7.768614871785151088e-03
1.108996031733256449e-01
1.972650376221425639e-01
2.431223846769354768e-01
2.439611620328208386e-01
1.994666678811297389e-01
1.135647223285979057e-01
-6.001006233896266640e-03
-1.485087562662948391e-01
-3.014097081287913094e-01
-4.516439243143252069e-01
-5.869557355034935586e-01
-6.970485528231108452e-01
-7.744478588509081662e-01
2.415186274036206782e-01
1.539930341346738285e-01
5.394676192480396537e-02
-5.433747873324334954e-02
-1.650380752940107110e-01
-2.711107853019730785e-01
-3.648047484917490424e-01
-4.383469812344983341e-01
-4.847361682549529149e-01
-4.985629930354350536e-01
-4.767591428521564811e-01
-4.191738096678140346e-01
-3.288869147926127834e-01
-2.121925041629121322e-01
-7.822182611946165709e-02
6.178044076129313167e-02
1.954670643198818669e-01
3.105844045277762477e-01
3.962206354052432156e-01
4.439577680287341566e-01
4.487839208320701934e-01
4.096475172972087742e-01
3.295783133178621371e-01
2.153557305178006587e-01
7.676486353003986185e-02
-7.446444624629217079e-02
-2.258986696655927995e-01
-3.656638747288257774e-01
-4.835758282285597121e-01
-5.720068231688554272e-01
4.022666037512575565e-01
3.359369092207882268e-01
2.560471511673183542e-01
1.659760629633321161e-01
7.066993563232598641e-02
-2.359701261545515960e-02
-1.096625365148494180e-01
-1.800936693059874694e-01
-2.279305277227274829e-01
-2.474809671962922009e-01
-2.350731799981633507e-01
-1.896670876914442472e-01
-1.132324044670934837e-01
-1.082202002630777704e-02
1.096976841798471825e-01
2.382563819149042250e-01
3.634810460612711291e-01
4.737986870246074234e-01
5.586177425470209013e-01
6.094476493646582282e-01
6.208172750204223878e-01
5.908738949719627431e-01
5.215832300702145652e-01
4.185026257101745473e-01
2.901562632995018931e-01
1.470946132712960819e-01
7.616993263620530641e-04
-1.376834891253084225e-01
-2.584444349143183439e-01
-3.539374833415732668e-01
5.378735305790778298e-01
4.910981732891108731e-01
4.299868283716075101e-01
3.569975921333646829e-01
2.761515401884957477e-01
1.928732766077314031e-01
1.136353339238626858e-01
4.542039221294674745e-02
-4.957226526520697174e-03
-3.160399179011630366e-02
-3.028769761782396097e-02
9.287900320951725242e-04
6.125201233057692152e-02
1.469952463462505243e-01
2.517342109459471122e-01
3.667883953397118035e-01
4.819926001076041411e-01
5.866822011166779038e-01
6.707823988494008294e-01
7.258718787878049028e-01
7.460888021676810311e-01
7.287633168874926293e-01
6.746943304698689303e-01
5.880346992474944079e-01
4.758014726292955632e-01
3.470782938479599067e-01
2.120174934890243779e-01
8.077337422680813672e-02
-3.749797157712958517e-02
-1.354533699519142598e-01
6.395271663006948382e-01
6.093938713180684363e-01
5.644625475100695233e-01
5.063138205870529873e-01
4.380537807987714416e-01
3.642330392634282044e-01
2.905781381434165422e-01
2.235404623166657168e-01
1.696941023671387216e-01
1.350394458136200404e-01
1.242895833166765551e-01
1.402281957243551869e-01
1.832276903715074623e-01
2.510037430422593641e-01
3.386576933166550174e-01
4.390239935899832857e-01
5.433004056675030391e-01
6.418993569446094227e-01
7.254257285011558309e-01
7.856647776106202574e-01
8.164578933319516230e-01
8.143552164521734582e-01
7.789618867422841708e-01
7.129351275529773879e-01
6.216365765540297073e-01
5.124909134208431860e-01
3.941405269676340195e-01
2.755105772607248649e-01
1.649056402657926301e-01
6.924760812470476257e-02
7.026400108571532188e-01
6.854211202012358006e-01
6.532861375526020087e-01
6.070318946987938169e-01
5.489125884401032662e-01
4.826309134953266078e-01
4.131538756569292370e-01
3.463502358496717282e-01
2.884710992117577866e-01
2.455198704311518931e-01
2.225788123824088138e-01
2.231730947221031713e-01
2.487566118056662723e-01
2.983954278291532369e-01
3.687046261617550891e-01
4.540645986674783918e-01
5.471070972020974921e-01
6.394246129690019931e-01
7.224243272469572652e-01
7.882251615636886033e-01
8.304873314664056316e-01
8.450703120871851937e-01
8.304368580822057977e-01
7.877547653477016132e-01
7.206893447028411837e-01
6.349216737021260437e-01
5.374639323754244469e-01
4.358678076131743961e-01
3.374313943936591564e-01
2.485032700029152775e-01
7.271140999262325488e-01
7.187793899148677834e-01
6.957610336097095338e-01
6.582022558144695612e-01
6.076091255390907442e-01
5.469035005119160520e-01
4.803160120803148248e-01
4.131089299314746333e-01
3.511411316005824124e-01
3.003109297061808958e-01
2.659336262045216004e-01
2.521258154487113767e-01
2.612746926833797723e-01
2.936661320351539595e-01
3.473298109626249408e-01
4.181346266220014041e-01
5.001361454914408089e-01
5.861441723120941472e-01
6.684476778689408816e-01
7.396111160784413219e-01
7.932444752773176733e-01
8.246514750839128993e-01
8.312762310039480962e-01
8.128962894180382648e-01
7.715450194759346791e-01
7.111834407584117779e-01
6.371747905543323487e-01
5.556392941171836020e-01
4.727781300965442912e-01
3.942531956035832952e-01
7.169232611394382726e-01
7.136278232067001515e-01
6.962140675442832771e-01
6.643219286964822112e-01
6.188388002583000702e-01
5.620014367584991177e-01
4.973553530474321693e-01
4.295558692883486573e-01
3.640148539006169415e-01
3.064190904776756819e-01
2.621668204889958109e-01
2.357850372638056469e-01
2.303985951987799485e-01
2.473211687478494569e-01
2.858269237345453240e-01
3.431413894186988167e-01
4.146629092395979210e-01
4.943958938191432284e-01
5.755482960785274216e-01
6.512226911414948916e-01
7.151167791140724539e-01
7.621473743890301300e-01
7.889225081345248025e-01
7.940076643367446341e-01
7.779611017269640882e-01
7.431451159144137897e-01
6.933499132529400422e-01
6.332898629766960941e-01
5.680448857568831666e-01
5.025210975273712855e-01
-9.551044533096986200e-02
-2.146799614600705119e-01
-3.429056171766120542e-01
-4.752067663869838920e-01
-6.054653637986102677e-01
-7.268104177710231761e-01
-8.321498958413117153e-01
-9.148096932839929751e-01
-9.692191310775993829e-01
-9.915678097273025182e-01
-9.803523118571652040e-01
-9.367351291116948753e-01
-8.646529389733909055e-01
-7.706361470426953408e-01
-6.633340963165211823e-01
-5.527768334679211693e-01
-4.494401431815073789e-01
-3.632106306978635235e-01
-3.023671543635400027e-01
-2.727001445367253085e-01
-2.768793272985081710e-01
-3.141534454988398339e-01
-3.804256073307403785e-01
-4.687000883563852138e-01
-5.698476222550694636e-01
-6.735938957926878023e-01
-7.696068804628398707e-01
-8.485475813258690492e-01
-9.029575992274124774e-01
-9.278840158472639876e-01
7.105414079101807223e-02
-3.117424372974525459e-02
-1.439322023173140730e-01
-2.627604762014773554e-01
-3.819576810772589148e-01
-4.949279346740018681e-01
-5.946879986534885365e-01
-6.744970368638404379e-01
-7.285502290585795793e-01
-7.526607946065021482e-01
-7.448465498961974740e-01
-7.057391444640516154e-01
-6.387475066515354571e-01
-5.499311472005787849e-01
-4.475715753682707465e-01
-3.414674751269994868e-01
-2.420166831059844537e-01
-1.591801132028407562e-01
-1.014445194507614390e-01
-7.490834330015144760e-02
-8.260560839273595191e-02
-1.241570244177309101e-01
-1.957978752205928874e-01
-2.907840581766917287e-01
-4.001277471434738775e-01
-5.135702051095735188e-01
-6.206682884878882422e-01
-7.118582354440127213e-01
-7.793675167635484291e-01
-8.178714894507829181e-01
2.500018705142869613e-01
1.675128591582899784e-01
7.307752809152440188e-02
-2.951982659348367788e-02
-1.351672059184735319e-01
-2.377221295535577594e-01
-3.304774453759452557e-01
-4.067638430237238145e-01
-4.606340207984673807e-01
-4.875549329002287768e-01
-4.850239619363404531e-01
-4.530246864855214106e-01
-3.942493350780116312e-01
-3.140376523914825135e-01
-2.200136948425946981e-01
-1.214394223546600426e-01
-2.834208292016260344e-02
4.949408168417945841e-02
1.035575812491826286e-01
1.275370436328001345e-01
1.180293767365578894e-01
7.493565883700636920e-02
1.489709355232404775e-03
-9.608840736507529012e-02
-2.092719417679165250e-01
-3.281535027188824394e-01
-4.424987068377002064e-01
-5.427937854584959920e-01
-6.211586074514415801e-01
-6.720204783760056477e-01
4.273059804239694448e-01
3.657514482855710458e-01
2.909679937436182029e-01
2.059578695382738855e-01
1.151124128828465709e-01
2.397575497475590289e-02
-6.116553573078836736e-02
-1.338412522884600553e-01
-1.880552005702785801e-01
-2.189720755392029483e-01
-2.235512739233879165e-01
-2.010427692783139930e-01
-1.532691344606772477e-01
-8.463820649049824674e-02
-1.860959793744232371e-03
8.661450162137129816e-02
1.714039490139796784e-01
2.431398813024688021e-01
2.934678082436160684e-01
3.159656934938803730e-01
3.068705873042172905e-01
2.655173773296494177e-01
1.944299189782338622e-01
9.904992253615202413e-02
-1.286267329490997646e-02
-1.320799495942667767e-01
-2.488960396864297042e-01
-3.541296993709389662e-01
-4.400148572966633420e-01
-5.008756292008439415e-01
5.890533051611562820e-01
5.479555497917441009e-01
4.925565143320554395e-01
4.250247626147906077e-01
3.489513663181971204e-01
2.691810733811921263e-01
1.914679102725249660e-01
1.219737269275629199e-01
6.665239444157466941e-02
3.058349759107198418e-02
1.733390069656676191e-02
2.843062666086487722e-02
6.302234236546933044e-02
1.177891675110873948e-01
1.871329785800981971e-01
2.636459447656790966e-01
3.388181013225501359e-01
4.039105077221316065e-01
4.508941833352844153e-01
4.733410387188352053e-01
4.671543556312069967e-01
4.310437630250247842e-01
3.666813456909180924e-01
2.785173080906105936e-01
1.732793993535863830e-01
5.922303474735796103e-02
-5.476806590506955175e-02
-1.601131356742173661e-01
-2.493800084614327117e-01
-3.169452060471456001e-01
7.231961994999545063e-01
7.005483991748566730e-01
6.628045599596232851e-01
6.113058295562832090e-01
5.488192297044360846e-01
4.794383068234210898e-01
4.083108091345818980e-01
3.412043922083554115e-01
2.839452105757832023e-01
2.417859837760464037e-01
2.187762110366863744e-01
2.172146515465120109e-01
2.372610221565925326e-01
2.767695499307454288e-01
3.313826407401215812e-01
3.948911822556173679e-01
4.598329289368305317e-01
5.182669057582981464e-01
5.626348746689308067e-01
5.866050794773004506e-01
5.857917823950380409e-01
5.582575757061571942e-01
5.047327759556412552e-01
4.285237344974283102e-01
3.351241095041374574e-01
2.315835160028907325e-01
1.257200930151622376e-01
2.528228281916211628e-02
-6.283233608541594073e-02
-1.332069868409825886e-01
8.210175601207722051e-01
8.136139465355831657e-01
7.906487805248529899e-01
7.526958350089447691e-01
7.017278472097459030e-01
6.410841596297520706e-01
5.752719041934627464e-01
5.096043209648174477e-01
4.497027538756351861e-01
4.009106613112722317e-01
3.676851878564844078e-01
3.530414185246285586e-01
3.581242285868577180e-01
3.819718052568172872e-01
4.215141480693247455e-01
4.718214112720490183e-01
5.265844390548486409e-01
5.787777720843862994e-01
6.214285572510913624e-01
6.483974978742986783e-01
6.550733671278110570e-01
6.388919895058520204e-01
5.996131152767389949e-01
5.393212272251484141e-01
4.621541869944622571e-01
3.738008701607133388e-01
2.808396463915711627e-01
1.900088734797799050e-01
1.075055994665842785e-01
3.839903675075795331e-02
8.780641266787080346e-01
8.819585234665506812e-01
8.701855088867973542e-01
8.426553844803075233e-01
8.006219153157860813e-01
7.467104269491522395e-01
6.847894531342816338e-01
6.196826708626086422e-01
5.567394079042702337e-01
5.013033337616383811e-01
4.581367812607479162e-01
4.308694711730929328e-01
4.215429503063615746e-01
4.303146903885105568e-01
4.553688419197442494e-01
4.930558915795704156e-01
5.382540535014349592e-01
5.849151914750005954e-01
6.267318503769365723e-01
6.578436941020685547e-01
6.734944297765135257e-01
6.705556847922815589e-01
6.478518829624365649e-01
6.062475238269153799e-01
5.484912950137765808e-01
4.788449839659657536e-01
4.025538832465802019e-01
3.252347850851885491e-01
2.522648606510699554e-01
1.882490205569676278e-01
8.944098225637548971e-01
9.054254185688691559e-01
9.010332904066514770e-01
8.806140993134468076e-01
8.448112934105775906e-01
7.956099551022833838e-01
7.362720474240771473e-01
6.711188809041607195e-01
6.051713642793193904e-01
5.436789620542458179e-01
4.915862226743993868e-01
4.529983368142755373e-01
4.307120998205760110e-01
4.258745546283057570e-01
4.378184374138032187e-01
4.641026784439191144e-01
5.007602368799137782e-01
5.427280313488801466e-01
5.844086787246549619e-01
6.202950214303550869e-01
6.455790627251420943e-01
6.566686465003359618e-01
6.515480095210381961e-01
6.299403983311425703e-01
5.932589120914218972e-01
5.443612064223755098e-01
4.871499964251153614e-01
4.260803183911761050e-01
3.656434562690137891e-01
3.098953407483202582e-01
8.742434794676360310e-01
8.884534942094954868e-01
8.878618509804668824e-01
8.714675891397053453e-01
8.394314823242237100e-01
7.931938907160418495e-01
7.354639034038558121e-01
6.700658913690842322e-01
6.016472373226851023e-01
5.352699770570817916e-01
4.759266214081772639e-01
4.280337613653054096e-01
3.949638630348660806e-01
3.786744487765908440e-01
3.794842856788053775e-01
3.960291751868469934e-01
4.254075676586869248e-01
4.635015583303276898e-01
5.054354095712421113e-01
5.461151091930662727e-01
5.807815335269609358e-01
6.055083431050627407e-01
6.175841417742133910e-01
6.157354419045075744e-01
6.001699448326862640e-01
5.724449197674834622e-01
5.351890340379082955e-01
4.917241908751528445e-01
4.456441164309815628e-01
4.004074310381846580e-01
-8.220549847259839282e-05
-9.740446901656713008e-02
-2.029516166421890810e-01
-3.129033202692057536e-01
-4.225180426201918804e-01
-5.264279527653011881e-01
-6.190491310863756036e-01
-6.950754042175518732e-01
-7.500086732483574048e-01
-7.806675329356863591e-01
-7.856114343275909517e-01
-7.654210031386515789e-01
-7.227867896003600245e-01
-6.623779574855847008e-01
-5.904873474285793344e-01
-5.144771074379549392e-01
-4.420761106705592969e-01
-3.806028495625398689e-01
-3.362018394039276714e-01
-3.131850442013152103e-01
-3.135610671641804181e-01
-3.368141802337930590e-01
-3.799649407575579341e-01
-4.379081172554416534e-01
-5.039870927086954611e-01
-5.707324206897534946e-01
-6.306708116027478495e-01
-6.771030516746362471e-01
-7.047564995268257304e-01
-7.102386002640080909e-01
1.773438743279788232e-01
9.755779983883472450e-02
7.918659023232077487e-03
-8.829865115591756242e-02
-1.867928945559365062e-01
-2.824957665431739873e-01
-3.699581195117574994e-01
-4.438344841722664524e-01
-4.994201400448978756e-01
-5.331820934129262168e-01
-5.432189673740803748e-01
-5.295866184274311550e-01
-4.944368648325939697e-01
-4.419354448448548078e-01
-3.779504012428779314e-01
-3.095306197302040152e-01
-2.442225664786106254e-01
-1.892973788472821495e-01
-1.509765880602664812e-01
-1.337499321789195617e-01
-1.398713581388705829e-01
-1.690995981699950912e-01
-2.187197716011034521e-01
-2.838462357397835145e-01
-3.579696100547149484e-01
-4.336782341941387564e-01
-5.034615012808428824e-01
-5.604932639497853808e-01
-5.992993348670407894e-01
-6.162328995206245441e-01
3.683231512260999319e-01
3.086251231521255911e-01
2.374557695835608495e-01
1.574146804111556386e-01
7.222018515968292585e-02
-1.350317105628873193e-02
-9.457369901872558771e-02
-1.657137398805160755e-01
-2.220800888872040968e-01
-2.598062169118505738e-01
-2.764906061989215180e-01
-2.715654966040601526e-01
-2.464893427617991239e-01
-2.047238904870157805e-01
-1.514812986564744168e-01
-9.325532473386621835e-02
-3.717957884672867808e-02
9.718840449190357944e-03
4.128429402485667143e-02
5.292309923614213485e-02
4.213205537415587454e-02
8.795520007142287877e-03
-4.478981634185486005e-02
-1.141678833443611207e-01
-1.932222391596054578e-01
-2.748563758790287803e-01
-3.517667559571021618e-01
-4.172093414265293232e-01
-4.656645230119370593e-01
-4.933234455103862048e-01
5.586522747679982803e-01
5.200263663326836205e-01
4.684083178032897865e-01
4.056381267124389289e-01
3.347488910945234375e-01
2.598092956664416198e-01
1.856226465759096278e-01
1.173017051256222409e-01
5.975792570667903814e-02
1.715977063053614193e-02
-7.575154750978085882e-03
-1.318737514908796538e-02
-3.225000634248798015e-04
2.842595689625138089e-02
6.869844606033020940e-02
1.147685651319813038e-01
1.601231998442167737e-01
1.981612706256029588e-01
2.229296917874311890e-01
2.298063094203001144e-01
2.160429138627355250e-01
1.810971638844620646e-01
1.267087193705911941e-01
5.670853501865008583e-02
-2.341378118772252659e-02
-1.071269159893584177e-01
-1.875771726921676708e-01
-2.583162572356557662e-01
-3.139458158464293325e-01
-3.506027756080227764e-01
7.339913571196182707e-01
7.157839912856034381e-01
6.832511836125407800e-01
6.374422250116443811e-01
5.806513114890617944e-01
5.163196976559347728e-01
4.487906450994810226e-01
3.829305678050422546e-01
3.236496355093449462e-01
2.753723042554855338e-01
2.415199963645189296e-01
2.240722422977190487e-01
2.232677854007996676e-01
2.374934118052221543e-01
2.633868753876612012e-01
2.961537232861701785e-01
3.300695142818582117e-01
3.591128024285609177e-01
3.776542522407318470e-01
3.811166618530775763e-01
3.665216100918490816e-01
3.328513894920763216e-01
2.811784562292424794e-01
2.145456499940696649e-01
1.376143625690317840e-01
5.612943776406048579e-02
-2.372613930593747700e-02
-9.600062735702707961e-02
-1.555809512100172487e-01
-1.986650868050910956e-01
8.816167436917659028e-01
8.816716687350061310e-01
8.663392420860585030e-01
8.359015585593232434e-01
7.919115939140266569e-01
7.371556993957366632e-01
6.754685442776986459e-01
6.114077883003923297e-01
5.498156511374987510e-01
4.953124903678263191e-01
4.517806682529080797e-01
4.219030606975794906e-01
4.068181141815689905e-01
4.059421220666746821e-01
4.169903720283333337e-01
4.362042161458647982e-01
4.587641041598904401e-01
4.793429393700741059e-01
4.927335650366715392e-01
4.944720525939861333e-01
4.813769595101703436e-01
4.519345622989534017e-01
4.064802096363073214e-01
3.471536364932598095e-01
2.776372341240956887e-01
2.027160661543336850e-01
1.277221459779974422e-01
5.793939580663753919e-02
-1.952279381786548029e-03
-4.832523733553462097e-02
9.919351887617572361e-01
1.006909401492812606e+00
1.005774751415275059e+00
9.881195030221517905e-01
9.548012608507111532e-01
9.079665575733548710e-01
8.509259726127318402e-01
7.878860685341426695e-01
7.235588651869131471e-01
6.626877990805164487e-01
6.095433417995026470e-01
5.674492989650198327e-01
5.384007044294326638e-01
5.228256650718030585e-01
5.195272104718936523e-01
5.258190427058643257e-01
5.378439172110363042e-01
5.510386807614815474e-01
5.606893491635386306e-01
5.625062274870271661e-01
5.531452350777956717e-01
5.306082156043488984e-01
4.944714064353060712e-01
4.459151352068499441e-01
3.875556274071995100e-01
3.231072258221380222e-01
2.569260112850101363e-01
1.935002180019717022e-01
1.369568381506554022e-01
9.064713120063949692e-02
1.059510961170579968e+00
1.085317690300753757e+00
1.094681190642498025e+00
1.086609010078991577e+00
1.061349056068352947e+00
1.020459590659036131e+00
9.667410540453538204e-01
9.040255056740074124e-01
8.368380054575940141e-01
7.699623011436476094e-01
7.079580492426391647e-01
6.546861006609989708e-01
6.129004458811353473e-01
5.839595320399415534e-01
5.676962554764211077e-01
5.624665378065475396e-01
5.653735036207487852e-01
5.726410245771623719e-01
5.800901188784833851e-01
5.836574538812981938e-01
5.798892749703912219e-01
5.663475733824605562e-01
5.418778736174600930e-01
5.067078745303066345e-01
4.623702993566810582e-01
4.114679277982558614e-01
3.573200146579972869e-01
3.035438429947445171e-01
2.536309023296842713e-01
2.105735854481887992e-01
1.083453746246246352e+00
1.115759788377151729e+00
1.131694867609996935e+00
1.129824907924400268e+00
1.109901609650823184e+00
1.072973546003565204e+00
1.021368175784314269e+00
9.585358655785667370e-01
8.887642651687491790e-01
8.167887923231537117e-01
7.473400272411652168e-01
6.846791774773732797e-01
6.321767127096162842e-01
5.919859071931152794e-01
5.648525129378469956e-01
5.500853114712280778e-01
5.456919669134340234e-01
5.486631881961637758e-01
5.553687350526375077e-01
5.620141296160554578e-01
5.650993001408330940e-01
5.618210176207490969e-01
5.503698705474160402e-01
5.300883350828141660e-01
5.014767843388445723e-01
4.660558437974443580e-01
4.261129409428929815e-01
3.843752164030472263e-01
3.436581020993956237e-01
3.065380744303686233e-01
1.067140167582864452e+00
1.101840761789191436e+00
1.120639648952690637e+00
1.121810896755954357e+00
1.104737568237886158e+00
1.070053027308984106e+00
1.019664447271236618e+00
9.566459366299427947e-01
8.850043655901023154e-01
8.093373626250692787e-01
7.344177315824182983e-01
6.647495141669105267e-01
6.041463484580982257e-01
5.553816466178764788e-01
5.199523405198973602e-01
4.979843858830962366e-01
4.882906020034830652e-01
4.885721280075079886e-01
4.957364887279364640e-01
5.062906023464603944e-01
5.167581713727588122e-01
5.240690948450510422e-01
5.258740732997326806e-01
5.207495589569035577e-01
5.082747190063734433e-01
4.889804989184549644e-01
4.641882920571021032e-01
4.357694741672032968e-01
4.058651864101646689e-01
3.766073321676696728e-01
3.886805878240379153e-02
-3.923321956349423711e-02
-1.233806338723971163e-01
-2.106839847606666316e-01
-2.975982053549630635e-01
-3.801420397244966720e-01
-4.541967425929555047e-01
-5.158613939572358476e-01
-5.618308573926056315e-01
-5.897550884510454061e-01
-5.985358306838420850e-01
-5.885196083298520620e-01
-5.615545291467572975e-01
-5.208921593115206639e-01
-4.709332640377831281e-01
-4.168355014734165254e-01
-3.640197425844365897e-01
-3.176269425161760696e-01
-2.819869930650910073e-01
-2.601629158227720673e-01
-2.536272285333688314e-01
-2.621126481471063308e-01
-2.836580865172007027e-01
-3.148459175622960737e-01
-3.512013283117764173e-01
-3.877030502592598848e-01
-4.193403359299379130e-01
-4.416460761249539901e-01
-4.511412738382705179e-01
-4.456407677715779059e-01
2.216943259408006295e-01
1.612180984525519722e-01
9.296371380241491567e-02
1.926972021606304653e-02
-5.676583424326125948e-02
-1.314701552918318694e-01
-2.008716889982752329e-01
-2.610464731155750506e-01
-3.085019234888709549e-01
-3.405561797595441087e-01
-3.556669244957904041e-01
-3.536651921201288129e-01
-3.358574357776762387e-01
-3.049725173258882593e-01
-2.649479865958560554e-01
-2.205699576886188673e-01
-1.770005077180500930e-01
-1.392430627027520518e-01
-1.116071282160176481e-01
-9.723698730365559761e-02
-9.776359795150096899e-02
-1.131250736716936101e-01
-1.415803470513051221e-01
-1.799156329213769112e-01
-2.238177228173398037e-01
-2.683658615974806594e-01
-3.085785218604820690e-01
-3.399453144484996248e-01
-3.588785257125949313e-01
-3.630325540403218643e-01
4.209145266764601212e-01
3.804760164983377324e-01
3.304587307453197842e-01
2.725371178214840429e-01
2.092448107177623529e-01
1.438328209432755966e-01
8.002634829332999633e-02
2.169760766413297848e-02
-2.751452035158741261e-02
-6.459667709289884652e-02
-8.751786790271437466e-02
-9.550387668017756848e-02
-8.918871578927295429e-02
-7.061517310128301306e-02
-4.307389471497202749e-02
-1.079054783297028752e-02
2.150915278032694555e-02
4.910922448568111331e-02
6.782848758318410498e-02
7.449669627494803770e-02
6.732141823328596786e-02
4.609785354443474148e-02
1.223348265371332344e-02
-3.141629056537187381e-02
-8.087999630544456808e-02
-1.315254252718210393e-01
-1.785782418244499237e-01
-2.176365244950394517e-01
-2.451167811477624747e-01
-2.585793511475336093e-01
6.225277183028112837e-01
6.030495148769480229e-01
5.722194750723341716e-01
5.309790783207396503e-01
4.812181527495571487e-01
4.256824487020989256e-01
3.677713594803047048e-01
3.112389894276500479e-01
2.598262810923793742e-01
2.168638946865238948e-01
1.848930135414551812e-01
1.653527954028278790e-01
1.583781425920555985e-01
1.627400727599428998e-01
1.759444037324544574e-01
1.944846973369327436e-01
2.142250004739070512e-01
2.308697077221611993e-01
2.404645642784611070e-01
2.398666246120864098e-01
2.271231745487528597e-01
2.017103226440686570e-01
1.645999717541513085e-01
1.181467692470196396e-01
6.581106564349326060e-02
1.175614624422188781e-02
-3.962546651013243437e-02
-8.419363684847830376e-02
-1.184885196073131031e-01
-1.400536000206180076e-01
8.119848477049917967e-01
8.128164181039125857e-01
8.006555340780756591e-01
7.756921959617347762e-01
7.391380224963925993e-01
6.931864159002383285e-01
6.408566346859553287e-01
5.857303029672635830e-01
5.316041911975564194e-01
4.820963063951075878e-01
4.402513409509032916e-01
4.081947688648268069e-01
3.868815297612814286e-01
3.759753951701608199e-01
3.738797896698870526e-01
3.779218920627240297e-01
3.846717335337547783e-01
3.903595110860371697e-01
3.913401481271752136e-01
3.845464970675927519e-01
3.678728920664097735e-01
3.404393051008887117e-01
3.027021629546289838e-01
2.563987826900995248e-01
2.043353020235548212e-01
1.500494012195465743e-01
9.739567174939206540e-02
5.011058546967150917e-02
1.141431876715903737e-02
-1.630162021257919314e-02
9.759078568674753873e-01
9.949342581773903404e-01
9.995634832484280308e-01
9.892669740443688076e-01
9.645905237895169293e-01
9.271667435983697025e-01
8.796078392181847505e-01
8.252823905024557760e-01
7.679955617619462771e-01
7.116062864359621321e-01
6.596253069104354161e-01
6.148428195585693423e-01
5.790329158642721907e-01
5.527739488778842247e-01
5.354102369003698181e-01
5.251628215694359447e-01
5.193776347968173113e-01
5.148810463135233828e-01
5.083979923695337577e-01
4.969789612206052531e-01
4.783805139269809992e-01
4.513502005489144486e-01
4.157799707667186317e-01
3.727106202989831085e-01
3.241907132895393562e-01
2.730135574769631535e-01
2.223720345665733400e-01
1.754808870929878695e-01
1.352180223230446954e-01
1.038304725945023987e-01
1.103644420041876462e+00
1.137568341682673623e+00
1.156017545541283553e+00
1.157824530528845930e+00
1.142924916035329641e+00
1.112418521381000946e+00
1.068510033371514734e+00
1.014328267976705611e+00
9.536388038528956779e-01
8.904794241818662082e-01
8.287591766208063371e-01
7.718681899075301445e-01
7.223455904127868976e-01
6.816467074458890663e-01
6.500388972329644854e-01
6.266392235819083778e-01
6.095890146632381157e-01
5.963424417222445983e-01
5.840312436745515035e-01
5.698577381114414697e-01
5.514648445695031764e-01
5.272356072121945347e-01
4.964851794037410948e-01
4.595239070235018763e-01
4.175886498184652185e-01
3.726579476018004322e-01
3.271821938735748336e-01
2.837702403473940094e-01
2.448773667451530356e-01
2.125360489838388212e-01
1.188408440381827358e+00
1.233158837218252923e+00
1.261753496232103533e+00
1.272502547549043239e+00
1.264822203154548408e+00
1.239337828767427263e+00
1.197868787280529812e+00
1.143289812065638511e+00
1.079279084082589435e+00
1.009977988879700028e+00
9.395995853430443301e-01
8.720303456163355227e-01
8.104715582477618474e-01
7.571625416677943976e-01
7.132179508344107521e-01
6.785972191565254885e-01
6.522074292932996675e-01
6.321239025386866661e-01
6.158978737328125730e-01
6.009098726875450325e-01
5.847224080600098572e-01
5.653869860151361504e-01
5.416681832142650199e-01
5.131602634693439580e-01
4.802877076141294221e-01
4.441975437833501350e-01
4.065659567190573198e-01
3.693521108827195198e-01
3.345369810592423998e-01
3.038837865242055014e-01
1.227837376845420048e+00
1.279039203444972905e+00
1.313840830748623567e+00
1.330170367503109130e+00
1.327039091276974059e+00
1.304677716594242920e+00
1.264559348185171794e+00
1.209300303915122887e+00
1.142444688596729208e+00
1.068153144887337591e+00
9.908285585195876211e-01
9.147198945787443636e-01
8.435485721829283356e-01
7.801993394614237243e-01
7.265097582370968476e-01
6.831801551773042380e-01
6.498108542996721138e-01
6.250576782196219927e-01
6.068822232183683774e-01
5.928622433144630222e-01
5.805211430075951640e-01
5.676349202717341225e-01
5.524799384629068832e-01
5.339948043383977438e-01
5.118428154726444301e-01
4.863758428213053597e-01
4.585139053606572812e-01
4.295650698019719549e-01
4.010162361358795002e-01
3.743262279026415840e-01
1.223910190784008645e+00
1.277344084494420162e+00
1.314576742344738758e+00
1.333303718087953893e+00
1.332256652498920779e+00
1.311362696544641882e+00
1.271797905030789710e+00
1.215923045509440747e+00
1.147103935786644602e+00
1.069432340164746975e+00
9.873757119028998552e-01
9.053929779462773775e-01
8.275578927027165133e-01
7.572306380373854395e-01
6.968124145414030801e-01
6.476075313382768650e-01
6.098043059220772388e-01
5.825716710892332451e-01
5.642546542620245908e-01
5.526406540166091119e-01
5.452611549898640497e-01
5.396911051847793628e-01
5.338108407331582095e-01
5.260026534911672602e-01
5.152646597411058016e-01
5.012368651044771806e-01
4.841463447951467325e-01
4.646884908430989891e-01
4.438679476319026262e-01
4.228254232120614020e-01
5.222770314650715395e-02
-8.304067161437389544e-03
-7.199736529770994764e-02
-1.366744217876947332e-01
-1.997740862556214303e-01
-2.585105130424056874e-01
-3.100787742165086458e-01
-3.518910347971503372e-01
-3.818208106911463728e-01
-3.984288748755525633e-01
-4.011433843264353705e-01
-3.903692417733777287e-01
-3.675076299636323984e-01
-3.348756378885539009e-01
-2.955270543110106729e-01
-2.529874610864867313e-01
-2.109281858859868297e-01
-1.728128636508906579e-01
-1.415558451003888218e-01
-1.192323933776692213e-01
-1.068760326511757897e-01
-1.043888060720642441e-01
-1.105766116394097942e-01
-1.233059739552670453e-01
-1.397628279357896464e-01
-1.567805312160147624e-01
-1.711955084024869844e-01
-1.801861117484094832e-01
-1.815539318906747024e-01
-1.739162793529064333e-01
2.288448097112717183e-01
1.851012014502736447e-01
1.365054385502167122e-01
8.471123224633536619e-02
3.185392677267984141e-02
-1.957735523972359282e-02
-6.692477355491655011e-02
-1.075897596335163575e-01
-1.392822067537863862e-01
-1.602637840523031265e-01
-1.695560283666607271e-01
-1.670852979964608798e-01
-1.537419493042844199e-01
-1.313398422221752071e-01
-1.024736040285177952e-01
-7.028366041828548738e-02
-3.815126809736330005e-02
-9.355949090234849663e-03
1.326573400417013771e-02
2.761939833902415931e-02
3.257307130478953594e-02
2.807035449701977825e-02
1.512159710239457944e-02
-4.326173996918036835e-03
-2.762387320759263076e-02
-5.172902550100794139e-02
-7.354850269657281503e-02
-9.027170968260805894e-02
-9.965339257570976494e-02
-1.002139285259767698e-01
4.242190612124119853e-01
3.995084940695683984e-01
3.681083674811064244e-01
3.310506948873531141e-01
2.899495405403027526e-01
2.469112617147678768e-01
2.043774367116414914e-01
1.649119862496186140e-01
1.309527462325853764e-01
1.045545305781249712e-01
8.715438256980923004e-02
7.938948260813061264e-02
8.099380084356833098e-02
9.079136756897099314e-02
1.067928511370835887e-01
1.263893199106095877e-01
1.466242754433048634e-01
1.645140460107823999e-01
1.773790660110068085e-01
1.831457107272203566e-01
1.805808876885764691e-01
1.694294315739865442e-01
1.504366205497487674e-01
1.252531934402619784e-01
9.623592769723970930e-02
6.617076044987119099e-02
3.795541935233986974e-02
1.428299537418087350e-02
-2.633834149081248910e-03
-1.126574812576852658e-02
6.252758580823094547e-01
6.204921219541470467e-01
6.071316546852927321e-01
5.855467811269799983e-01
5.567689706000615857e-01
5.224621680728742668e-01
4.847994700064346407e-01
4.462713561976542342e-01
4.094436250850183034e-01
3.766913443198208200e-01
3.499402127628825077e-01
3.304478205688226033e-01
3.186540153444620271e-01
3.141221644621964293e-01
3.155823663483331987e-01
3.210749245539749053e-01
3.281793154263039636e-01
3.343022437937654412e-01
3.369898767077819102e-01
3.342253091618401784e-01
3.246735148586948894e-01
3.078425069383216583e-01
2.841404208409539223e-01
2.548222403998468555e-01
2.218348803028022398e-01
1.875830392019895432e-01
1.546485200372182400e-01
1.255009798767725004e-01
1.022375594793612785e-01
8.638278385264042125e-02
8.180167044416756239e-01
8.326072097168955022e-01
8.367956263606897149e-01
8.302424174792149003e-01
8.133751374409792234e-01
7.873870559062555730e-01
7.541511416551646141e-01
7.160540023421256839e-01
6.757653068131121987e-01
6.359676285619397795e-01
5.990781023699960350e-01
5.669957375064690330e-01
5.409061893540152433e-01
5.211693919802927732e-01
5.073054431601450309e-01
4.980817738862017285e-01
4.916915476816335340e-01
4.860011940204330694e-01
4.788356764812079502e-01
4.682649034261590626e-01
4.528544498423152098e-01
4.318486290198969568e-01
4.052633316629125071e-01
3.738786269377774030e-01
3.391350424527846963e-01
3.029505938977636315e-01
2.674859940811418202e-01
2.348914560991365585e-01
2.070692767139074297e-01
1.854820042061622876e-01
9.891240503263812878e-01
1.021166276882029766e+00
1.041158215276652754e+00
1.048103176857782426e+00
1.041844782022590454e+00
1.023110076674447644e+00
9.934619010618467305e-01
9.551614095257252579e-01
9.109533072753158711e-01
8.637968118180486821e-01
8.165730244453248687e-01
7.718031608696531709e-01
7.314113425035634330e-01
6.965604246998593485e-01
6.675802876292489252e-01
6.439963168538621607e-01
6.246530006301402871e-01
6.079153851331533520e-01
5.919212185304023599e-01
5.748503628457588555e-01
5.551763617280879304e-01
5.318681955529439565e-01
5.045178048324067133e-01
4.733798208192298018e-01
4.393224832398835433e-01
4.037010406567931864e-01
3.681751386357191569e-01
3.344982775294472743e-01
3.043094650287792580e-01
2.789545870730676391e-01
1.127478705113844626e+00
1.173916055183449103e+00
1.206939181648438497e+00
1.224971658245295636e+00
1.227331098578369417e+00
1.214313073295993917e+00
1.187180446567755343e+00
1.148055490672184709e+00
1.099724236996083349e+00
1.045373707876450453e+00
9.882913514377281716e-01
9.315609438796650377e-01
8.777897426343156395e-01
8.288977021233249198e-01
7.859916452939369469e-01
7.493364847037098375e-01
7.184233454002285635e-01
6.921223803506683092e-01
6.688977844692439723e-01
6.470553685372841812e-01
6.249899927810940170e-01
6.014015637517097224e-01
5.754539161710849893e-01
5.468598650379626891e-01
5.158866507860353501e-01
4.832872413826306834e-01
4.501727992493492203e-01
4.178486230911678811e-01
3.876390959541122783e-01
3.607263369738527570e-01
1.225350319281383715e+00
1.282349390918622767e+00
1.324941968715248386e+00
1.351083255981587961e+00
1.359653315371622373e+00
1.350575626370888571e+00
1.324839733415724918e+00
1.284422179924646468e+00
1.232112124977019274e+00
1.171259640537442470e+00
1.105474079160909895e+00
1.038305816050471453e+00
9.729463480717652768e-01
9.119790142485109108e-01
8.572059156519185041e-01
8.095668934614679291e-01
7.691549770012022780e-01
7.353210373623095819e-01
7.068499785709312366e-01
6.821829832369539215e-01
6.596560645796099021e-01
6.377249378471383512e-01
6.151499298943361449e-01
5.911216587680121481e-01
5.653174277665697911e-01
5.378882764088828150e-01
5.093859160023794797e-01
4.806460129998864073e-01
4.526485150497039922e-01
4.263765256172736273e-01
1.279084601551500278e+00
1.342457914718063972e+00
1.390862589222483958e+00
1.421918804468713216e+00
1.434177776321979625e+00
1.427266992578913207e+00
1.401940755536715155e+00
1.360027613831960025e+00
1.304278239886416113e+00
1.238128977876522541e+00
1.165406071043236569e+00
1.090002202064583425e+00
1.015559645281178369e+00
9.451927913805927561e-01
8.812773765160454298e-01
8.253252244046764829e-01
7.779528444724552738e-01
7.389411741838718406e-01
7.073734914929179496e-01
6.818302981414305908e-01
6.606147423620738479e-01
6.419804598317035982e-01
6.243356358204095180e-01
6.064022117985370386e-01
5.873166275243147938e-01
5.666671496305465405e-01
5.444714056294222004e-01
5.211050074533426502e-01
4.971971669737937916e-01
4.735114452464282420e-01
1.289207276693500104e+00
1.354838545356837898e+00
1.405393022468371722e+00
1.438297756264271143e+00
1.451892486338079546e+00
1.445592605367951755e+00
1.419961041347875597e+00
1.376678694577243789e+00
1.318414506564814959e+00
1.248607635968316476e+00
1.171184060566898832e+00
1.090236970082404389e+00
1.009703745053648127e+00
9.330718236050357106e-01
8.631415448459837103e-01
8.018667779364254677e-01
7.502847913596293328e-01
7.085365801862757440e-01
6.759689949646203733e-01
6.513016562124914755e-01
6.328357212454691627e-01
6.186786935534046572e-01
6.069598287689486060e-01
5.960140747457924881e-01
5.845182784002083132e-01
5.715706919432121946e-01
5.567125451527150659e-01
5.398975460172830143e-01
5.214207186214678824e-01
5.018213699876939993e-01
