  -7.9294115e-01
  -9.4649933e-01
  -1.0935877e+00
  -1.2462821e+00
  -1.3969265e+00
  -1.5187335e+00
  -1.6235284e+00
  -1.6802306e+00
  -1.6963838e+00
  -1.6886488e+00
  -1.6250361e+00
  -1.5318195e+00
  -1.3926259e+00
  -1.2619626e+00
  -1.0962874e+00
  -9.2027930e-01
  -7.3588135e-01
  -6.0350497e-01
  -4.5863702e-01
  -3.6013867e-01
  -3.1087518e-01
  -2.8538980e-01
  -2.9114233e-01
  -3.3747270e-01
  -4.0853786e-01
  -4.9141910e-01
  -6.0938354e-01
  -7.0942116e-01
  -8.4780004e-01
  -1.0490137e+00
  -4.8462765e-01
  -5.6584190e-01
  -6.6289480e-01
  -7.9366821e-01
  -9.5690271e-01
  -1.1140078e+00
  -1.2891176e+00
  -1.4309041e+00
  -1.5398579e+00
  -1.6219213e+00
  -1.6422086e+00
  -1.6180867e+00
  -1.5216481e+00
  -1.4164234e+00
  -1.2537314e+00
  -1.0613401e+00
  -8.5440046e-01
  -6.9607013e-01
  -5.2264986e-01
  -3.9363723e-01
  -3.2242277e-01
  -2.9202462e-01
  -2.9952419e-01
  -3.5484123e-01
  -4.4362129e-01
  -5.5149008e-01
  -6.9033886e-01
  -8.1264940e-01
  -9.6161848e-01
  -1.1682772e+00
  -4.5742329e-01
  -5.7373147e-01
  -6.9930824e-01
  -8.4776290e-01
  -1.0162865e+00
  -1.1830651e+00
  -1.3539696e+00
  -1.4811238e+00
  -1.5762604e+00
  -1.6362084e+00
  -1.6325324e+00
  -1.5848762e+00
  -1.4604696e+00
  -1.3207750e+00
  -1.1229697e+00
  -8.9918419e-01
  -6.5870248e-01
  -4.6025998e-01
  -2.3945036e-01
  -7.4648307e-02
   1.9568347e-02
   6.3873851e-02
   6.4425012e-02
   1.8137962e-03
  -1.0587759e-01
  -2.4555084e-01
  -4.3059196e-01
  -5.9992847e-01
  -7.9097015e-01
  -1.0369975e+00
   2.0719943e-01
   1.1456742e-01
  -8.4291212e-03
  -1.8184341e-01
  -3.9974788e-01
  -6.3298467e-01
  -8.7686511e-01
  -1.0708926e+00
  -1.2290158e+00
  -1.3274124e+00
  -1.3592783e+00
  -1.3241213e+00
  -1.2112581e+00
  -1.0575983e+00
  -8.5703666e-01
  -6.2340956e-01
  -3.6480714e-01
  -1.4968924e-01
   7.3310232e-02
   2.4026459e-01
   3.3162884e-01
   3.8318003e-01
   3.8028157e-01
   3.1603534e-01
   2.1088915e-01
   6.7444992e-02
  -1.2586242e-01
  -3.0730737e-01
  -5.0961799e-01
  -7.6833549e-01
  -2.7529848e-01
  -3.3897204e-01
  -4.3133288e-01
  -5.6203551e-01
  -7.2862182e-01
  -9.0617762e-01
  -1.0947323e+00
  -1.2355070e+00
  -1.3350161e+00
  -1.3721235e+00
  -1.3460727e+00
  -1.2562379e+00
  -1.0885583e+00
  -8.8380325e-01
  -6.3531203e-01
  -3.5885125e-01
  -5.5878109e-02
   2.0060942e-01
   4.5466935e-01
   6.3802823e-01
   7.3944140e-01
   7.8725208e-01
   7.6250860e-01
   6.6803329e-01
   5.1854754e-01
   3.3158326e-01
   9.6271482e-02
  -1.3068952e-01
  -3.7072909e-01
  -6.5809346e-01
   6.0037927e-02
   7.0179111e-03
  -9.1998044e-02
  -2.5150395e-01
  -4.5702454e-01
  -6.8837010e-01
  -9.3520126e-01
  -1.1260279e+00
  -1.2859602e+00
  -1.3744851e+00
  -1.3944163e+00
  -1.3520961e+00
  -1.2341180e+00
  -1.0711953e+00
  -8.5588147e-01
  -6.2386370e-01
  -3.6164225e-01
  -1.3467303e-01
   1.0387352e-01
   2.8379133e-01
   3.9574661e-01
   4.7096549e-01
   4.9876885e-01
   4.6692971e-01
   3.8717802e-01
   2.7039936e-01
   9.6977269e-02
  -8.5441688e-02
  -2.9289147e-01
  -5.7470797e-01
   9.1074992e-01
   8.9253140e-01
   8.1799110e-01
   6.8201750e-01
   5.0102399e-01
   2.8060193e-01
   3.4385058e-02
  -1.7472422e-01
  -3.6145378e-01
  -4.8283735e-01
  -5.5761283e-01
  -5.7284481e-01
  -5.2096947e-01
  -4.3821356e-01
  -2.9249898e-01
  -1.3101955e-01
   6.1926207e-02
   2.3150586e-01
   4.1599590e-01
   5.5363401e-01
   6.2992500e-01
   6.7420976e-01
   6.7452090e-01
   6.2045041e-01
   5.1104144e-01
   3.6722088e-01
   1.6899949e-01
  -4.2045631e-02
  -2.7274393e-01
  -5.5461530e-01
   8.1421075e-01
   8.2774445e-01
   7.9042272e-01
   6.8573460e-01
   5.3856377e-01
   3.4840697e-01
   1.2881482e-01
  -6.1272518e-02
  -2.4303070e-01
  -3.7520794e-01
  -4.7747090e-01
  -5.3284667e-01
  -5.3548584e-01
  -5.1098823e-01
  -4.2336423e-01
  -2.9963963e-01
  -1.4899521e-01
   1.5571826e-02
   1.8492598e-01
   3.3262991e-01
   4.3050405e-01
   5.0346653e-01
   5.3659652e-01
   5.2560823e-01
   4.5156596e-01
   3.6182236e-01
   2.2989020e-01
   8.3630047e-02
  -6.2610561e-02
  -2.5300367e-01
   6.6595810e-01
   7.2547152e-01
   7.5705851e-01
   7.3171865e-01
   6.7755055e-01
   5.9048096e-01
   4.7966790e-01
   3.8557010e-01
   2.8382707e-01
   1.7893876e-01
   7.2298345e-02
  -2.7105557e-02
  -1.1610419e-01
  -2.0603927e-01
  -2.4834899e-01
  -2.6157301e-01
  -2.2910918e-01
  -1.5467062e-01
  -5.1473997e-02
   6.9083435e-02
   1.7620934e-01
   2.8882899e-01
   3.8132869e-01
   4.4835891e-01
   4.5301198e-01
   4.4562471e-01
   3.9190817e-01
   3.2157573e-01
   2.4337768e-01
   1.2511572e-01
   6.5078182e-01
   7.2612990e-01
   7.7371079e-01
   7.8375415e-01
   7.7673580e-01
   7.5526758e-01
   7.1066423e-01
   6.8679716e-01
   6.4152676e-01
   5.8073103e-01
   5.1078463e-01
   4.2322048e-01
   3.1937912e-01
   2.0131055e-01
   1.1874722e-01
   4.5487476e-02
   5.4365177e-04
  -2.1247957e-02
  -1.2573629e-02
   1.4244587e-02
   2.7317534e-02
   4.4381337e-02
   4.8598394e-02
   4.0841317e-02
  -1.6933891e-02
  -8.5139852e-02
  -1.7941494e-01
  -2.8135083e-01
  -3.7170323e-01
  -4.8750128e-01
  -1.1223325e+00
  -1.3273882e+00
  -1.5228267e+00
  -1.7171496e+00
  -1.8965310e+00
  -2.0307848e+00
  -2.1276367e+00
  -2.1618481e+00
  -2.1278790e+00
  -2.0639954e+00
  -1.9317485e+00
  -1.7682470e+00
  -1.5656165e+00
  -1.3713112e+00
  -1.1440825e+00
  -9.2200223e-01
  -7.0420838e-01
  -5.4322010e-01
  -3.7728927e-01
  -2.6733408e-01
  -2.1170157e-01
  -1.8688538e-01
  -1.9693332e-01
  -2.4099836e-01
  -3.0085126e-01
  -3.7715441e-01
  -4.7842122e-01
  -5.5742379e-01
  -6.6402770e-01
  -8.1993250e-01
  -7.2510139e-01
  -8.5325006e-01
  -9.9493512e-01
  -1.1654676e+00
  -1.3543365e+00
  -1.5258254e+00
  -1.6973908e+00
  -1.8270269e+00
  -1.9016087e+00
  -1.9469308e+00
  -1.9196467e+00
  -1.8507428e+00
  -1.7173019e+00
  -1.5730937e+00
  -1.3721102e+00
  -1.1517177e+00
  -9.2449366e-01
  -7.4576505e-01
  -5.5103745e-01
  -4.0162167e-01
  -3.0967142e-01
  -2.6020370e-01
  -2.4735674e-01
  -2.7363632e-01
  -3.2404791e-01
  -3.9906934e-01
  -4.9915124e-01
  -5.8161410e-01
  -6.8665456e-01
  -8.3943176e-01
  -8.0129669e-01
  -9.4753823e-01
  -1.1011213e+00
  -1.2695197e+00
  -1.4465917e+00
  -1.6081092e+00
  -1.7611626e+00
  -1.8644356e+00
  -1.9172496e+00
  -1.9375043e+00
  -1.8856237e+00
  -1.7930669e+00
  -1.6362494e+00
  -1.4655956e+00
  -1.2392928e+00
  -9.9440260e-01
  -7.4326749e-01
  -5.3486899e-01
  -3.0156579e-01
  -1.2531197e-01
  -2.0048024e-02
   3.3784118e-02
   4.6866462e-02
   6.8268739e-03
  -6.9812720e-02
  -1.7910540e-01
  -3.2744474e-01
  -4.5747026e-01
  -6.0378743e-01
  -7.9459685e-01
  -5.6593369e-02
  -1.7338778e-01
  -3.1908201e-01
  -5.0943304e-01
  -7.3291412e-01
  -9.5913065e-01
  -1.1868270e+00
  -1.3645442e+00
  -1.4898100e+00
  -1.5639828e+00
  -1.5655990e+00
  -1.5056899e+00
  -1.3775893e+00
  -1.2128412e+00
  -9.9746868e-01
  -7.5719528e-01
  -5.0028862e-01
  -2.8381628e-01
  -5.0265669e-02
   1.2390889e-01
   2.2930469e-01
   2.9500481e-01
   3.0751800e-01
   2.7108004e-01
   2.0393883e-01
   1.0028798e-01
  -4.5359507e-02
  -1.7910941e-01
  -3.2646237e-01
  -5.1537147e-01
  -5.5951341e-01
  -6.3364898e-01
  -7.3074868e-01
  -8.5877977e-01
  -1.0178538e+00
  -1.1766986e+00
  -1.3432829e+00
  -1.4641861e+00
  -1.5390892e+00
  -1.5640978e+00
  -1.5217138e+00
  -1.4293378e+00
  -1.2701185e+00
  -1.0824125e+00
  -8.4657000e-01
  -5.9017977e-01
  -3.1262896e-01
  -7.4651640e-02
   1.7770488e-01
   3.6035060e-01
   4.7407804e-01
   5.3837854e-01
   5.3811058e-01
   4.8648633e-01
   3.8841080e-01
   2.5776325e-01
   8.6994613e-02
  -7.8298017e-02
  -2.5229858e-01
  -4.6217083e-01
  -4.7600266e-02
  -1.1255660e-01
  -2.2210126e-01
  -3.8468670e-01
  -5.9272443e-01
  -8.1883344e-01
  -1.0609878e+00
  -1.2503209e+00
  -1.4032500e+00
  -1.4972862e+00
  -1.5177250e+00
  -1.4837029e+00
  -1.3807209e+00
  -1.2400416e+00
  -1.0376656e+00
  -8.2350541e-01
  -5.8488841e-01
  -3.7101083e-01
  -1.2816200e-01
   5.8148884e-02
   1.8787937e-01
   2.8900704e-01
   3.4615974e-01
   3.6105298e-01
   3.3915480e-01
   2.8477201e-01
   1.7738575e-01
   5.9621021e-02
  -7.8643649e-02
  -2.8140655e-01
   7.3499613e-01
   7.0345464e-01
   6.1657892e-01
   4.7650053e-01
   2.9190389e-01
   7.4233492e-02
  -1.7196782e-01
  -3.8535737e-01
  -5.7193681e-01
  -7.0847379e-01
  -7.9070286e-01
  -8.2076893e-01
  -7.9014486e-01
  -7.3257987e-01
  -6.0141900e-01
  -4.5598519e-01
  -2.8396843e-01
  -1.2391605e-01
   6.7578350e-02
   2.1323144e-01
   3.0777826e-01
   3.7666212e-01
   4.0840820e-01
   4.0069606e-01
   3.4955018e-01
   2.7105952e-01
   1.4069232e-01
  -3.1252009e-03
  -1.6217662e-01
  -3.6412200e-01
   7.2380101e-01
   7.3397109e-01
   6.9151168e-01
   5.8838400e-01
   4.4088195e-01
   2.5597759e-01
   3.6937813e-02
  -1.5299576e-01
  -3.3089314e-01
  -4.7494986e-01
  -5.7755451e-01
  -6.4033322e-01
  -6.5174054e-01
  -6.3802104e-01
  -5.4872723e-01
  -4.2682721e-01
  -2.8140819e-01
  -1.1244145e-01
   7.8695165e-02
   2.4443473e-01
   3.7207559e-01
   4.7216394e-01
   5.3525798e-01
   5.6309749e-01
   5.3450335e-01
   4.9312203e-01
   4.0387185e-01
   2.9887728e-01
   1.9309288e-01
   5.3098770e-02
   5.2486003e-01
   5.8597921e-01
   6.1303309e-01
   5.8746550e-01
   5.2759075e-01
   4.3991263e-01
   3.2470962e-01
   2.2852517e-01
   1.3186536e-01
   2.4918252e-02
  -6.4778420e-02
  -1.4953026e-01
  -2.1658623e-01
  -2.8335718e-01
  -2.8802439e-01
  -2.6799916e-01
  -2.1219512e-01
  -1.0783497e-01
   2.8862964e-02
   1.7241302e-01
   3.0132914e-01
   4.2101855e-01
   5.1787088e-01
   5.8995322e-01
   6.0557364e-01
   6.1118504e-01
   5.6361327e-01
   4.9973585e-01
   4.3115668e-01
   3.3657021e-01
   4.1424764e-01
   4.8768641e-01
   5.2882507e-01
   5.3515340e-01
   5.1923232e-01
   4.9641457e-01
   4.5123539e-01
   4.2952567e-01
   3.9577633e-01
   3.4334609e-01
   3.0181392e-01
   2.4680065e-01
   1.8255293e-01
   1.0703433e-01
   7.8349624e-02
   5.5109596e-02
   4.6608128e-02
   6.6179850e-02
   1.1607786e-01
   1.7181039e-01
   2.0923182e-01
   2.3580706e-01
   2.4806681e-01
   2.4879282e-01
   2.0791871e-01
   1.5553797e-01
   7.1739316e-02
  -2.2521045e-02
  -1.0694839e-01
  -2.0881041e-01
  -9.3194460e-01
  -1.1425650e+00
  -1.3426471e+00
  -1.5541356e+00
  -1.7560629e+00
  -1.9076832e+00
  -2.0235345e+00
  -2.0735736e+00
  -2.0492454e+00
  -1.9890811e+00
  -1.8623129e+00
  -1.7004211e+00
  -1.5002785e+00
  -1.3004700e+00
  -1.0677083e+00
  -8.4495559e-01
  -6.3416412e-01
  -4.7362541e-01
  -3.1145707e-01
  -2.0606713e-01
  -1.5679744e-01
  -1.4303684e-01
  -1.6209491e-01
  -2.1113703e-01
  -2.6806378e-01
  -3.4168343e-01
  -4.1658537e-01
  -4.6058672e-01
  -5.1857031e-01
  -6.0788193e-01
  -3.5501666e-01
  -4.8299207e-01
  -6.3271454e-01
  -8.2735855e-01
  -1.0500505e+00
  -1.2572518e+00
  -1.4652343e+00
  -1.6303420e+00
  -1.7350605e+00
  -1.7985517e+00
  -1.7865535e+00
  -1.7268103e+00
  -1.5990920e+00
  -1.4508340e+00
  -1.2391479e+00
  -1.0110992e+00
  -7.8343117e-01
  -5.9520027e-01
  -3.9478263e-01
  -2.4156765e-01
  -1.5169601e-01
  -1.1026029e-01
  -1.0645791e-01
  -1.4160218e-01
  -1.9453648e-01
  -2.7652495e-01
  -3.6198559e-01
  -4.2129697e-01
  -4.8787816e-01
  -5.8434587e-01
  -3.7499888e-01
  -5.0602942e-01
  -6.5572725e-01
  -8.3603389e-01
  -1.0379380e+00
  -1.2260158e+00
  -1.4135023e+00
  -1.5514009e+00
  -1.6379032e+00
  -1.6873988e+00
  -1.6594270e+00
  -1.5877101e+00
  -1.4519260e+00
  -1.2929593e+00
  -1.0694346e+00
  -8.2940601e-01
  -5.9040361e-01
  -3.8316742e-01
  -1.5557844e-01
   1.5781889e-02
   1.1247994e-01
   1.5574020e-01
   1.6004106e-01
   1.1291761e-01
   3.6622820e-02
  -7.2455922e-02
  -2.0235106e-01
  -3.0712641e-01
  -4.1360723e-01
  -5.5150850e-01
   3.5377697e-01
   2.4382440e-01
   9.4628668e-02
  -1.1202173e-01
  -3.6494372e-01
  -6.1836903e-01
  -8.7831099e-01
  -1.0886481e+00
  -1.2458333e+00
  -1.3560181e+00
  -1.3872710e+00
  -1.3588938e+00
  -1.2622902e+00
  -1.1249613e+00
  -9.2587127e-01
  -7.0508775e-01
  -4.7358238e-01
  -2.6883853e-01
  -4.9666147e-02
   1.1328375e-01
   2.0837288e-01
   2.6342136e-01
   2.6648871e-01
   2.2649305e-01
   1.6005805e-01
   5.8796067e-02
  -6.4545648e-02
  -1.7112243e-01
  -2.7755905e-01
  -4.0643608e-01
  -2.4195137e-01
  -3.0433431e-01
  -3.9315603e-01
  -5.2205298e-01
  -6.9275204e-01
  -8.5569884e-01
  -1.0317645e+00
  -1.1612297e+00
  -1.2497974e+00
  -1.2932734e+00
  -1.2684882e+00
  -1.2005172e+00
  -1.0709303e+00
  -9.1322887e-01
  -7.0182127e-01
  -4.7602119e-01
  -2.3495442e-01
  -1.6646354e-02
   2.1494380e-01
   3.8401838e-01
   4.8969400e-01
   5.4658816e-01
   5.4189050e-01
   4.9188595e-01
   3.9995972e-01
   2.7499760e-01
   1.2575071e-01
  -1.7369390e-02
  -1.5837192e-01
  -3.1884123e-01
   8.2748587e-02
   4.1512656e-02
  -4.1985728e-02
  -1.8281582e-01
  -3.7770104e-01
  -5.8230659e-01
  -8.0820133e-01
  -9.8062587e-01
  -1.1255038e+00
  -1.2216404e+00
  -1.2455975e+00
  -1.2211988e+00
  -1.1370877e+00
  -1.0188387e+00
  -8.3438437e-01
  -6.4946573e-01
  -4.4908960e-01
  -2.6099753e-01
  -4.5747385e-02
   1.1951774e-01
   2.2896117e-01
   3.1443662e-01
   3.6061120e-01
   3.7154831e-01
   3.5524457e-01
   3.0729003e-01
   2.2213880e-01
   1.3072870e-01
   3.2370308e-02
  -1.1259591e-01
   7.5034331e-01
   7.4315333e-01
   6.8450661e-01
   5.6797425e-01
   3.9563303e-01
   1.9289102e-01
  -4.3589008e-02
  -2.4760345e-01
  -4.3508040e-01
  -5.8494413e-01
  -6.7854695e-01
  -7.2430900e-01
  -7.1624120e-01
  -6.8164001e-01
  -5.6619392e-01
  -4.4606089e-01
  -3.0511162e-01
  -1.6139352e-01
   1.1850986e-02
   1.4366254e-01
   2.2800005e-01
   2.8883443e-01
   3.1687341e-01
   3.1093085e-01
   2.7121232e-01
   2.0760074e-01
   1.0447106e-01
  -8.4440895e-03
  -1.2277648e-01
  -2.6652573e-01
   8.3598083e-01
   8.5606367e-01
   8.2289554e-01
   7.2477105e-01
   5.6990062e-01
   3.7695291e-01
   1.4979856e-01
  -4.2488865e-02
  -2.2893214e-01
  -3.8674436e-01
  -4.9447686e-01
  -5.6172084e-01
  -5.7987278e-01
  -5.6698477e-01
  -4.7148276e-01
  -3.5217112e-01
  -2.1614210e-01
  -4.7698324e-02
   1.4315037e-01
   3.0972609e-01
   4.4187652e-01
   5.4448657e-01
   6.1259587e-01
   6.4870267e-01
   6.3750723e-01
   6.0870878e-01
   5.3653683e-01
   4.4983873e-01
   3.6654804e-01
   2.5845020e-01
   5.4988417e-01
   5.9823454e-01
   6.1621631e-01
   5.7976555e-01
   4.9912449e-01
   3.9280469e-01
   2.6119988e-01
   1.5892069e-01
   5.5134031e-02
  -5.7247329e-02
  -1.3820269e-01
  -2.0765989e-01
  -2.5459441e-01
  -2.9317124e-01
  -2.5972947e-01
  -2.0917110e-01
  -1.3397481e-01
  -2.4933187e-03
   1.5554694e-01
   3.1715386e-01
   4.5971390e-01
   5.8649158e-01
   6.8880650e-01
   7.6437529e-01
   7.8946528e-01
   7.9595466e-01
   7.4858819e-01
   6.8878843e-01
   6.2569157e-01
   5.4669400e-01
   4.6797904e-01
   5.2195038e-01
   5.5183586e-01
   5.4456989e-01
   5.0894482e-01
   4.7154636e-01
   4.1641120e-01
   3.9711432e-01
   3.6529485e-01
   3.1955170e-01
   2.9374426e-01
   2.5798073e-01
   2.1825512e-01
   1.6938760e-01
   1.7325849e-01
   1.7774474e-01
   1.8182458e-01
   2.2187529e-01
   2.8749933e-01
   3.5239156e-01
   3.9769084e-01
   4.2786092e-01
   4.4784755e-01
   4.5490124e-01
   4.2886223e-01
   3.8348846e-01
   3.0588730e-01
   2.1925810e-01
   1.4105966e-01
   5.0459449e-02
  -6.3063202e-01
  -8.6542085e-01
  -1.0859218e+00
  -1.3219000e+00
  -1.5445767e+00
  -1.7146324e+00
  -1.8557762e+00
  -1.9160841e+00
  -1.8987121e+00
  -1.8398688e+00
  -1.7129250e+00
  -1.5398952e+00
  -1.3300571e+00
  -1.1001577e+00
  -8.4647749e-01
  -6.0635300e-01
  -3.8032779e-01
  -1.9703684e-01
  -2.4464325e-02
   8.8244032e-02
   1.3868286e-01
   1.5090982e-01
   1.2247628e-01
   6.7162075e-02
   3.4249382e-03
  -7.4698238e-02
  -1.4253505e-01
  -1.8073832e-01
  -2.2420158e-01
  -2.8930629e-01
  -4.0222631e-03
  -1.6977220e-01
  -3.5458055e-01
  -5.8598627e-01
  -8.3819829e-01
  -1.0694535e+00
  -1.3027481e+00
  -1.4746461e+00
  -1.5770173e+00
  -1.6276854e+00
  -1.5967629e+00
  -1.5094824e+00
  -1.3538149e+00
  -1.1589708e+00
  -9.1160642e-01
  -6.5736606e-01
  -4.1011701e-01
  -1.9921098e-01
   9.1989808e-03
   1.6386289e-01
   2.4542612e-01
   2.7592079e-01
   2.6032299e-01
   2.0996118e-01
   1.4529253e-01
   5.2612618e-02
  -2.8926773e-02
  -8.1038064e-02
  -1.2992524e-01
  -1.9437504e-01
  -1.2829590e-01
  -2.7919275e-01
  -4.4939757e-01
  -6.5308082e-01
  -8.7528437e-01
  -1.0737659e+00
  -1.2729241e+00
  -1.4088642e+00
  -1.4836970e+00
  -1.5149510e+00
  -1.4598179e+00
  -1.3545878e+00
  -1.1880898e+00
  -9.8273390e-01
  -7.2527502e-01
  -4.5983122e-01
  -2.0653573e-01
   1.4111250e-02
   2.3755403e-01
   3.9957640e-01
   4.7695408e-01
   4.9961353e-01
   4.7710552e-01
   4.0872497e-01
   3.1569475e-01
   1.9314464e-01
   6.2657636e-02
  -3.7121828e-02
  -1.3146964e-01
  -2.4378788e-01
   4.3387589e-01
   3.0376112e-01
   1.3772919e-01
  -8.4608443e-02
  -3.4576352e-01
  -5.9397801e-01
  -8.4745454e-01
  -1.0413043e+00
  -1.1742767e+00
  -1.2620630e+00
  -1.2663719e+00
  -1.2125342e+00
  -1.0983794e+00
  -9.3465469e-01
  -7.2133814e-01
  -4.9615922e-01
  -2.7557678e-01
  -8.0073701e-02
   1.1568737e-01
   2.5298277e-01
   3.1559287e-01
   3.4102947e-01
   3.1320248e-01
   2.5465428e-01
   1.8219941e-01
   8.4894183e-02
  -1.4320123e-02
  -8.5451844e-02
  -1.4215028e-01
  -2.0183048e-01
  -3.0710270e-02
  -1.1652479e-01
  -2.2235516e-01
  -3.6519100e-01
  -5.4207357e-01
  -6.9509664e-01
  -8.6279901e-01
  -9.7317678e-01
  -1.0413578e+00
  -1.0655506e+00
  -1.0205801e+00
  -9.3861959e-01
  -8.0569618e-01
  -6.4013452e-01
  -4.3557338e-01
  -2.2811459e-01
  -2.1757296e-02
   1.6375357e-01
   3.4970500e-01
   4.7579729e-01
   5.3700829e-01
   5.5915943e-01
   5.2422476e-01
   4.6069365e-01
   3.7656551e-01
   2.7457696e-01
   1.6903516e-01
   8.0021015e-02
   8.8226810e-03
  -6.5697979e-02
   1.3169036e-01
   7.1488781e-02
  -2.0283141e-02
  -1.5949401e-01
  -3.4052725e-01
  -5.1115926e-01
  -7.0200511e-01
  -8.2764410e-01
  -9.2365138e-01
  -9.7045415e-01
  -9.4318245e-01
  -8.7209479e-01
  -7.5309776e-01
  -5.9901514e-01
  -3.9337343e-01
  -2.0417451e-01
  -1.9165290e-02
   1.4657920e-01
   3.1948609e-01
   4.3818150e-01
   4.9340797e-01
   5.2855722e-01
   5.1960221e-01
   4.8973470e-01
   4.5502939e-01
   4.0126899e-01
   3.3206645e-01
   2.7085931e-01
   2.2160316e-01
   1.4960460e-01
   6.9554630e-01
   6.6651250e-01
   5.9646397e-01
   4.7757999e-01
   3.1833219e-01
   1.4983575e-01
  -4.7766234e-02
  -1.9898738e-01
  -3.3274405e-01
  -4.2912538e-01
  -4.6612300e-01
  -4.6166346e-01
  -4.1598457e-01
  -3.4616618e-01
  -2.1096867e-01
  -9.1933599e-02
   2.3644305e-02
   1.3803328e-01
   2.5988061e-01
   3.3558656e-01
   3.5796074e-01
   3.6570908e-01
   3.4046109e-01
   2.9967482e-01
   2.5361672e-01
   2.0326117e-01
   1.3458026e-01
   7.2489404e-02
   2.8061661e-02
  -3.0514084e-02
   8.2941119e-01
   8.3950292e-01
   8.0315113e-01
   7.0882373e-01
   5.6668293e-01
   4.0321623e-01
   2.0357660e-01
   4.9863218e-02
  -9.8547305e-02
  -2.1865638e-01
  -2.8483850e-01
  -3.1146995e-01
  -2.9811828e-01
  -2.5157787e-01
  -1.3393231e-01
  -9.5816255e-03
   1.0775548e-01
   2.5050976e-01
   3.9996569e-01
   5.1923650e-01
   5.9898490e-01
   6.5360801e-01
   6.7404059e-01
   6.7830448e-01
   6.6126010e-01
   6.4308026e-01
   5.9779304e-01
   5.5686974e-01
   5.2926087e-01
   4.8972556e-01
   6.3458297e-01
   6.5735147e-01
   6.5130158e-01
   5.9504855e-01
   5.0070899e-01
   3.9555204e-01
   2.6353526e-01
   1.7635384e-01
   9.2152272e-02
   9.5163171e-03
  -2.8378776e-02
  -4.5349052e-02
  -4.0098984e-02
  -1.4390229e-02
   7.6688999e-02
   1.7293473e-01
   2.6781746e-01
   4.0956564e-01
   5.5455353e-01
   6.8881170e-01
   7.8945997e-01
   8.7081845e-01
   9.2001957e-01
   9.4842899e-01
   9.4629902e-01
   9.3435902e-01
   8.8361875e-01
   8.3613838e-01
   7.9649785e-01
   7.5626987e-01
   4.3507555e-01
   4.6363529e-01
   4.7302595e-01
   4.5026184e-01
   4.0567157e-01
   3.7734349e-01
   3.3143173e-01
   3.3093476e-01
   3.2341476e-01
   3.1367405e-01
   3.3026179e-01
   3.4504866e-01
   3.5672876e-01
   3.6727657e-01
   4.2159019e-01
   4.6701444e-01
   4.9297451e-01
   5.5161667e-01
   6.1630245e-01
   6.6933689e-01
   6.9293342e-01
   7.0307325e-01
   6.9632805e-01
   6.8128955e-01
   6.4891677e-01
   6.0188517e-01
   5.3260577e-01
   4.6100517e-01
   4.0303649e-01
   3.4034593e-01
  -3.7289701e-01
  -5.6361802e-01
  -7.2593918e-01
  -9.0792979e-01
  -1.0702253e+00
  -1.1850964e+00
  -1.2919607e+00
  -1.3321473e+00
  -1.3128895e+00
  -1.2725048e+00
  -1.1908635e+00
  -1.0831061e+00
  -9.5209375e-01
  -8.0648784e-01
  -6.3559478e-01
  -4.6754623e-01
  -3.1328751e-01
  -1.8076794e-01
  -4.2934095e-02
   5.3576877e-02
   1.0121586e-01
   1.1660120e-01
   9.3721120e-02
   4.6252438e-02
  -1.3631217e-02
  -9.0638534e-02
  -1.5223302e-01
  -1.9283334e-01
  -2.2557341e-01
  -2.6273923e-01
   2.3663271e-01
   1.1343383e-01
  -1.3528999e-02
  -1.8622702e-01
  -3.6982385e-01
  -5.3721208e-01
  -7.2059469e-01
  -8.5473827e-01
  -9.3686069e-01
  -9.8716076e-01
  -9.8218734e-01
  -9.4633705e-01
  -8.6402456e-01
  -7.4915967e-01
  -5.8581871e-01
  -4.1632809e-01
  -2.5250939e-01
  -1.0824960e-01
   4.6099844e-02
   1.6373626e-01
   2.2179700e-01
   2.3908042e-01
   2.1519260e-01
   1.6187808e-01
   9.4497369e-02
  -3.0977306e-04
  -7.5348894e-02
  -1.2455034e-01
  -1.5166804e-01
  -1.7628445e-01
   3.0901826e-02
  -7.0305748e-02
  -1.7817444e-01
  -3.2101195e-01
  -4.7542827e-01
  -6.0882214e-01
  -7.5689987e-01
  -8.5303255e-01
  -9.0161215e-01
  -9.2839350e-01
  -8.8689428e-01
  -8.1696223e-01
  -7.0321842e-01
  -5.5419522e-01
  -3.5578511e-01
  -1.4936639e-01
   4.4076124e-02
   2.1702511e-01
   3.9526467e-01
   5.2549309e-01
   5.7401363e-01
   5.7159361e-01
   5.2416913e-01
   4.3041422e-01
   3.0737553e-01
   1.5221683e-01
  -4.2023807e-03
  -1.3121229e-01
  -2.3244601e-01
  -3.3315487e-01
   5.7707606e-01
   4.8438894e-01
   3.7148098e-01
   2.0666372e-01
   1.7712305e-02
  -1.5699312e-01
  -3.4397421e-01
  -4.8518235e-01
  -5.7705685e-01
  -6.4846460e-01
  -6.5483201e-01
  -6.2910839e-01
  -5.6019470e-01
  -4.5057858e-01
  -2.9782185e-01
  -1.3438328e-01
   1.7560623e-02
   1.5506800e-01
   2.9433491e-01
   3.8474130e-01
   3.9982850e-01
   3.8440305e-01
   3.1587085e-01
   2.1675307e-01
   1.0174421e-01
  -3.4974634e-02
  -1.6151603e-01
  -2.5743904e-01
  -3.1427386e-01
  -3.5114005e-01
   2.2852561e-01
   1.6650686e-01
   1.0287906e-01
   4.6007247e-03
  -1.1562343e-01
  -2.0590401e-01
  -3.1434926e-01
  -3.8030912e-01
  -4.1153542e-01
  -4.2296931e-01
  -3.8484997e-01
  -3.3161647e-01
  -2.4512266e-01
  -1.3736555e-01
   7.1386142e-04
   1.3937987e-01
   2.6970346e-01
   3.9231258e-01
   5.1574229e-01
   5.9235786e-01
   6.0742447e-01
   5.8944259e-01
   5.1469978e-01
   4.1217963e-01
   2.8811737e-01
   1.4612913e-01
   1.0588208e-02
  -1.1016860e-01
  -1.9005017e-01
  -2.5150596e-01
   3.1759292e-01
   2.7492891e-01
   2.2254010e-01
   1.3188907e-01
   1.4845305e-02
  -8.2016381e-02
  -1.9828358e-01
  -2.6256111e-01
  -3.0131353e-01
  -3.1655174e-01
  -2.7660430e-01
  -2.0997500e-01
  -1.1407593e-01
   2.9099645e-03
   1.5881694e-01
   2.9119065e-01
   4.0999746e-01
   5.1590687e-01
   6.2299523e-01
   6.8627997e-01
   6.8403929e-01
   6.6378928e-01
   5.9543871e-01
   5.0483954e-01
   4.1181707e-01
   2.9840010e-01
   1.8291875e-01
   7.9091455e-02
   9.4781720e-03
  -5.5955137e-02
   7.5176743e-01
   7.3292045e-01
   6.9025853e-01
   6.0505170e-01
   4.8785159e-01
   3.6751120e-01
   2.1924256e-01
   1.0578169e-01
   7.1134078e-03
  -7.7121515e-02
  -1.1341054e-01
  -1.1647646e-01
  -9.2382486e-02
  -5.0210266e-02
   5.0689471e-02
   1.3421650e-01
   2.0510158e-01
   2.8534200e-01
   3.6751148e-01
   4.1403272e-01
   4.0600047e-01
   3.8407075e-01
   3.2597912e-01
   2.5003864e-01
   1.7040204e-01
   8.3223789e-02
  -1.3707223e-02
  -1.0160213e-01
  -1.5844222e-01
  -2.0917449e-01
   9.6893738e-01
   9.7759603e-01
   9.5351414e-01
   8.7997488e-01
   7.6142715e-01
   6.3015917e-01
   4.6499614e-01
   3.3504653e-01
   2.1300242e-01
   9.8574271e-02
   3.1644412e-02
  -7.0228233e-04
  -4.3883822e-03
   1.6154110e-02
   1.0275541e-01
   1.9270753e-01
   2.6393182e-01
   3.6468731e-01
   4.7113211e-01
   5.5567161e-01
   5.9852786e-01
   6.1643718e-01
   5.9921208e-01
   5.6242466e-01
   5.0744995e-01
   4.4440471e-01
   3.6179991e-01
   2.8615346e-01
   2.3276678e-01
   1.8524520e-01
   8.1536684e-01
   8.3188251e-01
   8.3060732e-01
   7.8665547e-01
   7.0699525e-01
   6.2454803e-01
   5.1277602e-01
   4.3504186e-01
   3.6564472e-01
   2.8333238e-01
   2.4389534e-01
   2.2780783e-01
   2.2911582e-01
   2.4603421e-01
   3.2494941e-01
   4.0680761e-01
   4.7159994e-01
   5.7976467e-01
   6.8562995e-01
   7.8442219e-01
   8.4024802e-01
   8.7272978e-01
   8.7122625e-01
   8.4572302e-01
   7.9057450e-01
   7.2019768e-01
   6.2203305e-01
   5.2962349e-01
   4.5420753e-01
   3.9524449e-01
   6.2522891e-01
   6.2923410e-01
   6.2847959e-01
   6.0420695e-01
   5.6369727e-01
   5.4753991e-01
   5.1064531e-01
   5.0803271e-01
   5.0544394e-01
   4.9257980e-01
   5.0436350e-01
   5.1825491e-01
   5.3341402e-01
   5.4737846e-01
   6.0306163e-01
   6.5625516e-01
   6.7622013e-01
   7.2845088e-01
   7.8189706e-01
   8.2351160e-01
   8.2481083e-01
   8.0738308e-01
   7.6714087e-01
   7.1236211e-01
   6.3836147e-01
   5.4294853e-01
   4.3346358e-01
   3.2073082e-01
   2.2750749e-01
   1.4538826e-01
  -2.5660782e-01
  -4.3821274e-01
  -5.8450534e-01
  -7.5371289e-01
  -8.9333471e-01
  -9.9438725e-01
  -1.0932719e+00
  -1.1310926e+00
  -1.1147513e+00
  -1.0825333e+00
  -1.0184449e+00
  -9.2994902e-01
  -8.2437938e-01
  -6.9909569e-01
  -5.5770234e-01
  -4.1538246e-01
  -2.9503913e-01
  -1.8204586e-01
  -5.8274173e-02
   3.5163819e-02
   8.9890103e-02
   1.2293616e-01
   1.2206423e-01
   9.7489669e-02
   5.8836521e-02
   9.8337664e-03
  -2.7244805e-02
  -5.5702386e-02
  -8.3517772e-02
  -1.1836659e-01
   1.9996682e-01
   6.2139431e-02
  -7.0590244e-02
  -2.4089721e-01
  -4.0430690e-01
  -5.5384842e-01
  -7.1190894e-01
  -8.1975613e-01
  -8.7583151e-01
  -9.0034345e-01
  -8.7906479e-01
  -8.2741113e-01
  -7.3815233e-01
  -6.1417357e-01
  -4.5509871e-01
  -2.9824547e-01
  -1.5902131e-01
  -3.3281473e-02
   1.0237690e-01
   2.1003803e-01
   2.6438048e-01
   2.9084300e-01
   2.8090552e-01
   2.4640013e-01
   2.0236856e-01
   1.3901130e-01
   9.1095440e-02
   6.0810872e-02
   4.4532378e-02
   2.4982557e-02
   5.8087354e-02
  -5.1836850e-02
  -1.6319914e-01
  -3.0517977e-01
  -4.4470852e-01
  -5.6466620e-01
  -6.9172844e-01
  -7.6502174e-01
  -7.9287999e-01
  -7.9914391e-01
  -7.4462354e-01
  -6.6365606e-01
  -5.5123594e-01
  -4.0033208e-01
  -2.0959292e-01
  -1.9091093e-02
   1.4952555e-01
   3.0606838e-01
   4.6696130e-01
   5.9185590e-01
   6.4337841e-01
   6.5987850e-01
   6.3698505e-01
   5.7345505e-01
   4.8557156e-01
   3.7037326e-01
   2.5102967e-01
   1.4844695e-01
   6.0897438e-02
  -3.5214085e-02
   4.4033934e-01
   3.3434601e-01
   2.1841168e-01
   6.0728442e-02
  -1.0401812e-01
  -2.5147764e-01
  -4.0049733e-01
  -5.0411277e-01
  -5.5808185e-01
  -5.9486192e-01
  -5.7702523e-01
  -5.3271921e-01
  -4.5800251e-01
  -3.4729979e-01
  -2.0618116e-01
  -6.5545298e-02
   4.7751160e-02
   1.5302407e-01
   2.5757214e-01
   3.2293296e-01
   3.2076610e-01
   3.0513797e-01
   2.4627167e-01
   1.6737425e-01
   7.9868567e-02
  -1.7082945e-02
  -1.0198468e-01
  -1.6512732e-01
  -1.9542074e-01
  -2.1405172e-01
   1.7414841e-01
   9.8938872e-02
   2.8444397e-02
  -7.1813914e-02
  -1.7699987e-01
  -2.4982456e-01
  -3.3193669e-01
  -3.7241604e-01
  -3.7486094e-01
  -3.6287234e-01
  -3.0993575e-01
  -2.4716920e-01
  -1.6263803e-01
  -5.7718634e-02
   6.5479153e-02
   1.8314311e-01
   2.7928562e-01
   3.7736143e-01
   4.7430519e-01
   5.4195197e-01
   5.5926205e-01
   5.5750146e-01
   5.1118063e-01
   4.4217961e-01
   3.5968464e-01
   2.6489677e-01
   1.7175428e-01
   7.8632037e-02
   1.4544514e-02
  -4.0542892e-02
   1.6615724e-01
   9.8169502e-02
   3.0373667e-02
  -6.4769099e-02
  -1.6343032e-01
  -2.3551871e-01
  -3.1651309e-01
  -3.4369320e-01
  -3.3980530e-01
  -3.1811619e-01
  -2.5089425e-01
  -1.6486123e-01
  -5.9551607e-02
   6.4857290e-02
   2.1277379e-01
   3.3130457e-01
   4.2661973e-01
   5.1517321e-01
   6.0062597e-01
   6.5935692e-01
   6.5942358e-01
   6.5282850e-01
   6.0515622e-01
   5.3575124e-01
   4.7210840e-01
   3.9164703e-01
   3.0581507e-01
   2.2112205e-01
   1.6120699e-01
   1.0154002e-01
   5.2579698e-01
   4.8062839e-01
   4.1967102e-01
   3.2877943e-01
   2.2690832e-01
   1.3123134e-01
   2.0317649e-02
  -4.9069752e-02
  -9.2441182e-02
  -1.3031664e-01
  -1.2543285e-01
  -9.6581926e-02
  -5.4290951e-02
   4.9223742e-03
   1.0308896e-01
   1.7806055e-01
   2.2701585e-01
   2.8793896e-01
   3.4880165e-01
   3.8876638e-01
   3.8362444e-01
   3.7972800e-01
   3.4578655e-01
   2.9534916e-01
   2.5185206e-01
   2.0361043e-01
   1.3881129e-01
   7.2592965e-02
   2.4954889e-02
  -2.6144801e-02
   7.0871247e-01
   6.9840648e-01
   6.6702199e-01
   5.9985963e-01
   5.0959077e-01
   4.1457845e-01
   2.9170974e-01
   2.0750294e-01
   1.4045104e-01
   6.7895227e-02
   3.8505402e-02
   3.1878604e-02
   3.7423109e-02
   6.5568658e-02
   1.3522610e-01
   2.0334253e-01
   2.3716191e-01
   2.9698107e-01
   3.6132292e-01
   4.1910691e-01
   4.4270332e-01
   4.5780546e-01
   4.4766362e-01
   4.1774848e-01
   3.8651921e-01
   3.4994512e-01
   2.9191851e-01
   2.3441364e-01
   1.8612434e-01
   1.3907577e-01
   5.6928903e-01
   5.6524381e-01
   5.5021386e-01
   5.0332062e-01
   4.4079169e-01
   3.8355411e-01
   2.9845558e-01
   2.5266375e-01
   2.2814178e-01
   1.8542829e-01
   1.8722366e-01
   2.0980155e-01
   2.4082689e-01
   2.9351281e-01
   3.8770405e-01
   4.8450393e-01
   5.4616240e-01
   6.4212561e-01
   7.3037738e-01
   8.1916352e-01
   8.6449805e-01
   8.9569895e-01
   8.9415430e-01
   8.5981656e-01
   8.0780893e-01
   7.3410318e-01
   6.2901069e-01
   5.2123614e-01
   4.1617936e-01
   3.2961856e-01
   2.4971399e-01
   2.2545288e-01
   2.0694422e-01
   1.7704552e-01
   1.5817092e-01
   1.7238147e-01
   1.7277691e-01
   2.1075963e-01
   2.6448380e-01
   3.0799974e-01
   3.7589529e-01
   4.4185296e-01
   5.0087364e-01
   5.6168022e-01
   6.3917936e-01
   7.1241479e-01
   7.3276500e-01
   7.7853432e-01
   8.1785729e-01
   8.4869730e-01
   8.3613511e-01
   8.1208770e-01
   7.6428344e-01
   6.9340902e-01
   6.1082487e-01
   5.0176308e-01
   3.7287326e-01
   2.3986194e-01
   1.1351521e-01
   1.4749096e-03
   1.2384894e-01
  -3.7367230e-02
  -1.7072051e-01
  -3.4276260e-01
  -4.8488959e-01
  -6.0088763e-01
  -7.1763582e-01
  -7.8724770e-01
  -8.0450621e-01
  -8.0353388e-01
  -7.7545485e-01
  -7.2478961e-01
  -6.5110309e-01
  -5.5471854e-01
  -4.4094956e-01
  -3.2442837e-01
  -2.3170223e-01
  -1.3803035e-01
  -3.0385686e-02
   5.7486291e-02
   1.1547208e-01
   1.5333269e-01
   1.5386190e-01
   1.3395616e-01
   9.3024844e-02
   3.4139473e-02
  -2.5688046e-02
  -8.3755104e-02
  -1.4658834e-01
  -2.1768729e-01
   6.5447369e-01
   5.2546928e-01
   3.9053795e-01
   2.0128087e-01
   1.7434571e-02
  -1.6565931e-01
  -3.5462258e-01
  -5.0242225e-01
  -5.9740220e-01
  -6.5328534e-01
  -6.6473788e-01
  -6.4250794e-01
  -5.7449025e-01
  -4.6714267e-01
  -3.2398792e-01
  -1.8339171e-01
  -6.5145882e-02
   4.3085892e-02
   1.6182350e-01
   2.5654457e-01
   3.0669254e-01
   3.3029486e-01
   3.1650111e-01
   2.8376032e-01
   2.3594618e-01
   1.6848461e-01
   1.0739569e-01
   5.7709934e-02
   1.9220704e-02
  -2.4162865e-02
   5.7947614e-01
   4.7873352e-01
   3.6721213e-01
   2.0798807e-01
   4.8697534e-02
  -1.0673251e-01
  -2.6755606e-01
  -3.8525367e-01
  -4.6017974e-01
  -5.0597713e-01
  -4.9476898e-01
  -4.5291309e-01
  -3.7453729e-01
  -2.4892872e-01
  -7.9446829e-02
   8.9542890e-02
   2.3632031e-01
   3.7834637e-01
   5.2099799e-01
   6.3559094e-01
   6.8780343e-01
   7.0553066e-01
   6.8229280e-01
   6.2286274e-01
   5.3345655e-01
   4.1456571e-01
   2.7973757e-01
   1.5644650e-01
   4.0026295e-02
  -8.6242603e-02
   8.3140344e-01
   7.3927701e-01
   6.2997193e-01
   4.7130349e-01
   3.0810012e-01
   1.4496078e-01
  -1.4584439e-02
  -1.4174970e-01
  -2.2311221e-01
  -2.8617495e-01
  -3.0133650e-01
  -2.9108064e-01
  -2.5052744e-01
  -1.7109157e-01
  -6.0434517e-02
   4.8436856e-02
   1.2823919e-01
   2.0986269e-01
   2.8698449e-01
   3.3257893e-01
   3.2266917e-01
   3.0212831e-01
   2.4045398e-01
   1.6427080e-01
   7.1731927e-02
  -2.8865991e-02
  -1.3018697e-01
  -2.1336026e-01
  -2.7143025e-01
  -3.1746871e-01
   6.4523026e-01
   6.0042438e-01
   5.5314498e-01
   4.6267137e-01
   3.6499027e-01
   2.7937899e-01
   1.8249330e-01
   1.0880498e-01
   6.7365390e-02
   3.6568319e-02
   3.9640818e-02
   5.3475144e-02
   8.8321584e-02
   1.4823405e-01
   2.2868501e-01
   3.0896865e-01
   3.6934787e-01
   4.4547887e-01
   5.1893413e-01
   5.7158100e-01
   5.8749309e-01
   5.8817685e-01
   5.4652753e-01
   4.8460374e-01
   3.9986570e-01
   3.0135841e-01
   1.8968763e-01
   7.0184574e-02
  -2.8717866e-02
  -1.2104506e-01
   6.0836867e-01
   5.5747829e-01
   4.9982561e-01
   4.0478918e-01
   3.0525584e-01
   2.1651032e-01
   1.1966576e-01
   6.1328921e-02
   3.4974572e-02
   2.1878382e-02
   4.6630708e-02
   9.5284328e-02
   1.6102327e-01
   2.4980719e-01
   3.6090533e-01
   4.4852632e-01
   5.1364585e-01
   5.8388846e-01
   6.4618320e-01
   6.8660349e-01
   6.8123769e-01
   6.6840170e-01
   6.1386848e-01
   5.3861928e-01
   4.5699737e-01
   3.5770049e-01
   2.4507169e-01
   1.2774282e-01
   2.7023507e-02
  -7.1701824e-02
   7.7311130e-01
   7.3767308e-01
   6.7920772e-01
   5.8457840e-01
   4.8155225e-01
   3.7417641e-01
   2.5254567e-01
   1.6197591e-01
   1.0140463e-01
   4.2911354e-02
   2.3599100e-02
   3.6295187e-02
   6.1814147e-02
   1.1276342e-01
   1.9894188e-01
   2.7410334e-01
   3.2307885e-01
   3.9461947e-01
   4.5995213e-01
   5.0870180e-01
   5.2483418e-01
   5.3943019e-01
   5.1848102e-01
   4.8140948e-01
   4.3833569e-01
   3.8372036e-01
   3.0228328e-01
   2.1143467e-01
   1.2484123e-01
   3.2078684e-02
   8.9728151e-01
   8.9585398e-01
   8.7013294e-01
   8.0405475e-01
   7.1996851e-01
   6.1845599e-01
   4.9126109e-01
   3.9150272e-01
   3.1390217e-01
   2.2530912e-01
   1.7517802e-01
   1.5539499e-01
   1.4829341e-01
   1.6820283e-01
   2.2433056e-01
   2.8805419e-01
   3.1548891e-01
   3.7264376e-01
   4.2877907e-01
   4.8171939e-01
   5.0969842e-01
   5.2790094e-01
   5.1181635e-01
   4.7715378e-01
   4.3082252e-01
   3.6857834e-01
   2.8032770e-01
   1.8630791e-01
   8.9122398e-02
  -7.3004909e-03
   7.7772890e-01
   7.6480393e-01
   7.3631618e-01
   6.6828040e-01
   5.9262605e-01
   5.1297873e-01
   4.0345227e-01
   3.2775672e-01
   2.8394363e-01
   2.2475433e-01
   2.0995302e-01
   2.3208112e-01
   2.7058911e-01
   3.3624451e-01
   4.4191815e-01
   5.6201859e-01
   6.4509627e-01
   7.5587206e-01
   8.4804226e-01
   9.3761569e-01
   9.8673621e-01
   1.0147314e+00
   9.9525601e-01
   9.3915098e-01
   8.5213579e-01
   7.3172199e-01
   5.7769782e-01
   4.1357172e-01
   2.4415503e-01
   9.7699054e-02
   3.0991950e-01
   2.7935606e-01
   2.5143113e-01
   2.0364306e-01
   1.7891876e-01
   1.7874744e-01
   1.6600520e-01
   1.8593337e-01
   2.3703051e-01
   2.8119064e-01
   3.5012216e-01
   4.3143892e-01
   5.1901205e-01
   6.0775474e-01
   7.1000951e-01
   8.1886485e-01
   8.7452483e-01
   9.5164012e-01
   1.0102259e+00
   1.0589713e+00
   1.0641368e+00
   1.0516078e+00
   1.0000721e+00
   9.2012659e-01
   8.1494709e-01
   6.6735233e-01
   4.9510098e-01
   3.1146434e-01
   1.2247624e-01
  -4.8890295e-02
   3.6801740e-01
   2.4453374e-01
   1.4597832e-01
   1.2829672e-02
  -8.7457784e-02
  -1.7471955e-01
  -2.6212853e-01
  -3.2142321e-01
  -3.3509892e-01
  -3.4098385e-01
  -3.3679109e-01
  -3.1547532e-01
  -2.7822916e-01
  -2.3103254e-01
  -1.7327745e-01
  -1.2140361e-01
  -9.4226883e-02
  -5.7658140e-02
  -6.2417606e-03
   4.1559152e-02
   7.1029698e-02
   1.0390117e-01
   9.8020450e-02
   8.4668286e-02
   5.5443035e-02
   6.7330641e-03
  -5.0642356e-02
  -1.1531458e-01
  -1.9347459e-01
  -2.8290260e-01
   7.3882518e-01
   6.5973604e-01
   5.7010209e-01
   4.2753971e-01
   2.9183678e-01
   1.4128131e-01
  -1.1702780e-02
  -1.4008062e-01
  -2.2037517e-01
  -2.7328654e-01
  -2.9991661e-01
  -2.9320244e-01
  -2.4763439e-01
  -1.7764789e-01
  -8.4547397e-02
  -4.4482334e-03
   5.0303810e-02
   9.8580455e-02
   1.5271722e-01
   1.9271889e-01
   2.0134256e-01
   2.0061257e-01
   1.6212354e-01
   1.1650139e-01
   5.9527599e-02
  -1.3201137e-02
  -8.6986112e-02
  -1.5597668e-01
  -2.2165572e-01
  -2.9308328e-01
   7.1447407e-01
   6.4256635e-01
   5.5568331e-01
   4.2148845e-01
   2.9129365e-01
   1.4760129e-01
   6.2529390e-03
  -1.0367696e-01
  -1.7311860e-01
  -2.1972096e-01
  -2.2636802e-01
  -2.0144235e-01
  -1.4646451e-01
  -5.8961852e-02
   5.9712002e-02
   1.6844799e-01
   2.5322111e-01
   3.3923100e-01
   4.1976110e-01
   4.8611862e-01
   5.0767263e-01
   5.1423291e-01
   4.8085350e-01
   4.2347874e-01
   3.3939037e-01
   2.2764267e-01
   9.2156676e-02
  -4.0223924e-02
  -1.7811768e-01
  -3.3022737e-01
   9.6533095e-01
   9.1110183e-01
   8.3968471e-01
   7.1994664e-01
   6.0474708e-01
   4.6995253e-01
   3.4629785e-01
   2.4237444e-01
   1.7875237e-01
   1.2681850e-01
   1.0410507e-01
   1.0373494e-01
   1.2311365e-01
   1.6100144e-01
   2.1607758e-01
   2.5732886e-01
   2.6238623e-01
   2.7148325e-01
   2.7265943e-01
   2.5358770e-01
   1.9327577e-01
   1.4139294e-01
   5.6391330e-02
  -3.2711215e-02
  -1.3196527e-01
  -2.3438509e-01
  -3.4486338e-01
  -4.4190593e-01
  -5.2329981e-01
  -5.9976075e-01
   9.1310081e-01
   8.9854532e-01
   8.7927856e-01
   8.1284681e-01
   7.4728510e-01
   6.7724067e-01
   6.0394306e-01
   5.4655114e-01
   5.2017386e-01
   5.0040312e-01
   4.9815562e-01
   5.0501766e-01
   5.2134814e-01
   5.4437673e-01
   5.6765112e-01
   5.8296000e-01
   5.6907369e-01
   5.6742953e-01
   5.6083206e-01
   5.4228863e-01
   5.0185028e-01
   4.6132175e-01
   3.8479951e-01
   2.9640824e-01
   1.9101766e-01
   7.7296180e-02
  -5.6527392e-02
  -1.9854814e-01
  -3.2522574e-01
  -4.4985563e-01
   8.9582465e-01
   8.9177083e-01
   8.8155813e-01
   8.3429637e-01
   7.8914623e-01
   7.4426430e-01
   6.9379041e-01
   6.7175639e-01
   6.7814401e-01
   6.8644169e-01
   7.0862737e-01
   7.4448816e-01
   7.8243377e-01
   8.2045027e-01
   8.5569682e-01
   8.6365994e-01
   8.4169247e-01
   8.2515823e-01
   7.9983634e-01
   7.6783243e-01
   7.0469659e-01
   6.5160375e-01
   5.6256163e-01
   4.5916364e-01
   3.5328265e-01
   2.3440033e-01
   9.2955161e-02
  -5.4285268e-02
  -1.9403043e-01
  -3.3561554e-01
   9.5196960e-01
   9.4107834e-01
   9.1275878e-01
   8.5115489e-01
   7.8885462e-01
   7.1787753e-01
   6.3625141e-01
   5.8145648e-01
   5.5472979e-01
   5.1618466e-01
   4.9855879e-01
   5.0524293e-01
   5.1476781e-01
   5.3390201e-01
   5.6275246e-01
   5.8676223e-01
   5.7980725e-01
   5.9852542e-01
   6.1007622e-01
   6.2043921e-01
   6.1007292e-01
   6.1305892e-01
   5.7976445e-01
   5.3125222e-01
   4.7826098e-01
   4.0942668e-01
   3.0049430e-01
   1.7627003e-01
   4.0617343e-02
  -1.0635936e-01
   1.0696391e+00
   1.0722979e+00
   1.0603593e+00
   1.0153082e+00
   9.6697758e-01
   9.0251576e-01
   8.2118420e-01
   7.6869770e-01
   7.4093530e-01
   6.9237899e-01
   6.6525291e-01
   6.5813343e-01
   6.5131827e-01
   6.4898365e-01
   6.5501683e-01
   6.6495856e-01
   6.2893236e-01
   6.1380156e-01
   5.9161341e-01
   5.7542671e-01
   5.4267394e-01
   5.1565660e-01
   4.5480721e-01
   3.7855242e-01
   2.9791997e-01
   1.9920143e-01
   6.9527374e-02
  -6.5110676e-02
  -2.1419144e-01
  -3.5952277e-01
   9.4739527e-01
   9.3365146e-01
   9.1396125e-01
   8.6149689e-01
   8.1664659e-01
   7.6626497e-01
   6.9139677e-01
   6.5347084e-01
   6.4658536e-01
   6.1774874e-01
   6.1833186e-01
   6.4547371e-01
   6.7847568e-01
   7.2090214e-01
   7.7586138e-01
   8.4500245e-01
   8.6938640e-01
   9.1011056e-01
   9.3068038e-01
   9.5590393e-01
   9.5017621e-01
   9.4525883e-01
   8.9560173e-01
   8.1311402e-01
   7.1135672e-01
   5.7453070e-01
   4.0135559e-01
   2.1755924e-01
   1.8792080e-02
  -1.5775590e-01
   3.4513738e-01
   3.1490116e-01
   3.0067283e-01
   2.7696247e-01
   2.9258498e-01
   3.3083580e-01
   3.6213965e-01
   4.2762146e-01
   5.2319674e-01
   6.0190890e-01
   6.8789760e-01
   7.7187840e-01
   8.5463358e-01
   9.1395277e-01
   9.5992273e-01
   1.0125838e+00
   1.0033212e+00
   1.0090435e+00
   9.9387318e-01
   9.7891511e-01
   9.3263391e-01
   8.9321124e-01
   8.1873938e-01
   7.2293672e-01
   6.1707704e-01
   4.7355584e-01
   3.0430400e-01
   1.2878591e-01
  -6.1181844e-02
  -2.3090165e-01
   2.7821408e-01
   1.6923331e-01
   9.0093244e-02
  -1.7844107e-02
  -8.5108810e-02
  -1.3775476e-01
  -1.8179507e-01
  -2.0549980e-01
  -1.9034946e-01
  -1.7299208e-01
  -1.5806629e-01
  -1.3947987e-01
  -1.1380137e-01
  -9.0735683e-02
  -6.6715259e-02
  -6.0176905e-02
  -7.3163319e-02
  -6.7429117e-02
  -4.4544701e-02
  -1.6581688e-02
   1.2763008e-02
   5.0726701e-02
   6.3082547e-02
   7.5251180e-02
   6.5625923e-02
   3.8222107e-02
  -3.4585459e-03
  -6.6216586e-02
  -1.5526061e-01
  -2.6811071e-01
   6.1461497e-01
   5.5869654e-01
   5.0152596e-01
   3.9830770e-01
   3.0984205e-01
   2.1010208e-01
   1.1512237e-01
   3.8830406e-02
   1.2991096e-03
  -1.7990965e-02
  -2.6266818e-02
  -1.4962490e-02
   2.6062632e-02
   7.0949347e-02
   1.2426370e-01
   1.4677671e-01
   1.4635643e-01
   1.4242513e-01
   1.4594464e-01
   1.4002944e-01
   1.2293089e-01
   1.0511336e-01
   6.5107404e-02
   3.0248170e-02
  -1.7742029e-02
  -7.3355576e-02
  -1.3191856e-01
  -1.9668569e-01
  -2.6946452e-01
  -3.6195619e-01
   6.1396190e-01
   5.4675132e-01
   4.7916940e-01
   3.6583327e-01
   2.6780428e-01
   1.5847112e-01
   6.3487343e-02
  -2.6748872e-03
  -3.8962049e-02
  -5.5517815e-02
  -4.4339560e-02
  -1.2212017e-02
   4.1370396e-02
   1.1085981e-01
   2.0118202e-01
   2.5946778e-01
   2.9825833e-01
   3.4120803e-01
   3.7585747e-01
   4.0099112e-01
   4.0259474e-01
   3.9675963e-01
   3.6559164e-01
   3.2339372e-01
   2.5331583e-01
   1.6470231e-01
   5.2496874e-02
  -6.6565777e-02
  -2.0276194e-01
  -3.6286936e-01
   7.6711239e-01
   7.0917984e-01
   6.4989932e-01
   5.4812744e-01
   4.6406474e-01
   3.6568443e-01
   2.8898296e-01
   2.3614700e-01
   2.1608178e-01
   2.0935984e-01
   2.2229816e-01
   2.5247533e-01
   2.9375897e-01
   3.3988653e-01
   3.9163746e-01
   4.0856225e-01
   3.9247481e-01
   3.7769979e-01
   3.4602969e-01
   2.9342152e-01
   2.1258642e-01
   1.4333117e-01
   5.2906389e-02
  -3.2742236e-02
  -1.3245143e-01
  -2.2758006e-01
  -3.3255814e-01
  -4.2796339e-01
  -5.1722780e-01
  -6.1202794e-01
   8.4791415e-01
   8.2732607e-01
   8.1026711e-01
   7.4376514e-01
   6.8695472e-01
   6.2870369e-01
   5.7633854e-01
   5.4559682e-01
   5.4498782e-01
   5.5484925e-01
   5.7919298e-01
   6.1019566e-01
   6.4774558e-01
   6.8216183e-01
   7.0634291e-01
   7.0506224e-01
   6.7752228e-01
   6.5613464e-01
   6.2029015e-01
   5.7057722e-01
   5.1178380e-01
   4.5462104e-01
   3.7350568e-01
   2.8909945e-01
   1.8664910e-01
   7.9115312e-02
  -4.8076227e-02
  -1.8287046e-01
  -3.1026845e-01
  -4.4676210e-01
   9.2226909e-01
   9.1777033e-01
   9.1238202e-01
   8.6684582e-01
   8.2520068e-01
   7.8658346e-01
   7.4480923e-01
   7.3247671e-01
   7.4522759e-01
   7.6216172e-01
   7.8617126e-01
   8.1622673e-01
   8.4625548e-01
   8.6738555e-01
   8.7717961e-01
   8.5002124e-01
   8.0307293e-01
   7.5749735e-01
   6.9762709e-01
   6.3369779e-01
   5.5465062e-01
   4.8886596e-01
   3.9767864e-01
   3.0293443e-01
   2.0135137e-01
   8.9481447e-02
  -4.2173852e-02
  -1.7949032e-01
  -3.1740656e-01
  -4.6406041e-01
   1.0287310e+00
   9.9517246e-01
   9.5041377e-01
   8.7036263e-01
   7.9485871e-01
   7.1726922e-01
   6.3342528e-01
   5.8131077e-01
   5.5921563e-01
   5.2810936e-01
   5.1224786e-01
   5.1389394e-01
   5.1698074e-01
   5.2493401e-01
   5.3209632e-01
   5.2918044e-01
   5.0666807e-01
   5.0531764e-01
   4.9451054e-01
   4.8771797e-01
   4.7764043e-01
   4.8634889e-01
   4.6633669e-01
   4.3977645e-01
   4.0594146e-01
   3.5392978e-01
   2.6511477e-01
   1.6010782e-01
   3.4832396e-02
  -1.0727291e-01
   1.0948491e+00
   1.0660532e+00
   1.0290870e+00
   9.5451053e-01
   8.8287488e-01
   7.9921905e-01
   7.0303625e-01
   6.3849344e-01
   6.0395928e-01
   5.5398177e-01
   5.2183187e-01
   5.0355527e-01
   4.8612876e-01
   4.7080177e-01
   4.5734075e-01
   4.4247932e-01
   3.9698447e-01
   3.6570899e-01
   3.2604936e-01
   2.9708985e-01
   2.6489616e-01
   2.4546115e-01
   1.9614422e-01
   1.3736358e-01
   7.2162135e-02
  -1.4293717e-02
  -1.2591574e-01
  -2.4479569e-01
  -3.8608988e-01
  -5.2239484e-01
   9.3240774e-01
   8.9676815e-01
   8.5983761e-01
   7.8644558e-01
   7.2743125e-01
   6.6462612e-01
   5.7573638e-01
   5.2539514e-01
   5.0857506e-01
   4.7017174e-01
   4.5730067e-01
   4.6314739e-01
   4.7247195e-01
   4.8815462e-01
   5.1117890e-01
   5.4480394e-01
   5.5221727e-01
   5.7093944e-01
   5.7584355e-01
   5.9192524e-01
   5.9513795e-01
   6.1327286e-01
   5.9194148e-01
   5.4387399e-01
   4.7671559e-01
   3.7218536e-01
   2.3351024e-01
   7.7202369e-02
  -1.0321165e-01
  -2.6465081e-01
   2.2343879e-01
   1.7777956e-01
   1.5393204e-01
   1.1830676e-01
   1.2939285e-01
   1.6315863e-01
   1.8986911e-01
   2.5219778e-01
   3.4916688e-01
   4.2320942e-01
   5.0208899e-01
   5.7454098e-01
   6.4611466e-01
   6.9160941e-01
   7.1819799e-01
   7.5002746e-01
   7.3942433e-01
   7.3639292e-01
   7.1664112e-01
   7.0157528e-01
   6.7140668e-01
   6.5518588e-01
   6.0356457e-01
   5.3583660e-01
   4.5289174e-01
   3.3001393e-01
   1.8185249e-01
   2.5311693e-02
  -1.5369608e-01
  -3.1140760e-01
   5.0427573e-01
   3.9383765e-01
   3.1174691e-01
   2.0056201e-01
   1.3242071e-01
   7.2834351e-02
   2.3682605e-02
  -1.1493710e-02
  -1.4085149e-02
  -1.5516657e-02
  -2.3408447e-02
  -2.6296363e-02
  -1.8717941e-02
  -1.7929938e-02
  -2.0374358e-02
  -4.1980763e-02
  -7.2299449e-02
  -8.2930954e-02
  -8.5077876e-02
  -7.7363490e-02
  -6.7350375e-02
  -6.2604462e-02
  -8.9744831e-02
  -1.2347883e-01
  -1.8609466e-01
  -2.6963487e-01
  -3.6900112e-01
  -4.8092757e-01
  -6.0784282e-01
  -7.3591537e-01
   7.3444395e-01
   6.8530194e-01
   6.3945445e-01
   5.4780828e-01
   4.7543294e-01
   3.8555378e-01
   3.0502379e-01
   2.3357419e-01
   1.9393749e-01
   1.6836517e-01
   1.4672016e-01
   1.4539408e-01
   1.7260580e-01
   1.9199488e-01
   2.1280036e-01
   1.9965837e-01
   1.7287154e-01
   1.3992294e-01
   1.0359665e-01
   5.8188800e-02
   2.2828006e-03
  -6.5445433e-02
  -1.6253003e-01
  -2.5916170e-01
  -3.7640446e-01
  -4.9624138e-01
  -6.1894220e-01
  -7.3964523e-01
  -8.5555695e-01
  -9.6642612e-01
   7.5747065e-01
   6.8422340e-01
   6.1420511e-01
   4.9731546e-01
   4.0053770e-01
   2.8251263e-01
   1.8596821e-01
   1.1022008e-01
   5.6242072e-02
   2.0080726e-02
   6.5159473e-03
   1.5743712e-02
   4.8282575e-02
   8.4419403e-02
   1.3727272e-01
   1.5710078e-01
   1.6600384e-01
   1.7915493e-01
   1.7423852e-01
   1.6204109e-01
   1.3161534e-01
   8.3597848e-02
   5.8935749e-03
  -8.4912264e-02
  -2.0586471e-01
  -3.4219123e-01
  -4.9577399e-01
  -6.4801142e-01
  -8.0880467e-01
  -9.6688351e-01
   9.1729548e-01
   8.6736288e-01
   8.1260632e-01
   7.0960946e-01
   6.2556431e-01
   5.1020322e-01
   4.1741687e-01
   3.4465579e-01
   2.9623309e-01
   2.5947941e-01
   2.4400960e-01
   2.4878910e-01
   2.6989261e-01
   2.8588813e-01
   3.0776406e-01
   2.9904667e-01
   2.6663283e-01
   2.3723418e-01
   1.8249624e-01
   1.1083619e-01
   1.7899035e-02
  -7.5515508e-02
  -1.9101170e-01
  -3.0935798e-01
  -4.4240256e-01
  -5.7446987e-01
  -7.1785659e-01
  -8.4803943e-01
  -9.7065278e-01
  -1.0821256e+00
   1.0443272e+00
   1.0079593e+00
   9.6614323e-01
   8.6573929e-01
   7.7857488e-01
   6.7553102e-01
   5.8441708e-01
   5.1660699e-01
   4.8001989e-01
   4.5546065e-01
   4.5487233e-01
   4.7099947e-01
   5.0322898e-01
   5.2581043e-01
   5.4095062e-01
   5.3943388e-01
   5.2094765e-01
   5.0569387e-01
   4.7012082e-01
   4.2017849e-01
   3.6700095e-01
   3.0323375e-01
   2.1090765e-01
   1.0679884e-01
  -1.7966876e-02
  -1.5250976e-01
  -3.1223571e-01
  -4.7319818e-01
  -6.2661742e-01
  -7.7678359e-01
   1.1760694e+00
   1.1495460e+00
   1.1147079e+00
   1.0285036e+00
   9.4986980e-01
   8.6597202e-01
   7.8475697e-01
   7.3302122e-01
   7.1036046e-01
   6.9264409e-01
   6.8935969e-01
   6.9457039e-01
   7.0435266e-01
   6.9641893e-01
   6.7685893e-01
   6.3146915e-01
   5.7626378e-01
   5.2196368e-01
   4.4958849e-01
   3.7581806e-01
   2.9665460e-01
   2.2077807e-01
   1.1810774e-01
   4.7047744e-03
  -1.1901358e-01
  -2.5558394e-01
  -4.1622065e-01
  -5.7766213e-01
  -7.4220764e-01
  -9.0304319e-01
   1.2765408e+00
   1.2157971e+00
   1.1333032e+00
   1.0041205e+00
   8.8231548e-01
   7.4793112e-01
   6.1132272e-01
   5.0824983e-01
   4.4020827e-01
   3.6352650e-01
   3.1159883e-01
   2.7863146e-01
   2.5507481e-01
   2.3030854e-01
   2.0552696e-01
   1.8399227e-01
   1.5636789e-01
   1.4873172e-01
   1.3442651e-01
   1.2870797e-01
   1.3264729e-01
   1.4709896e-01
   1.3325384e-01
   1.0642493e-01
   6.8474806e-02
   9.5590523e-03
  -9.0035098e-02
  -2.0729306e-01
  -3.4560426e-01
  -4.9413468e-01
   1.2449185e+00
   1.1847815e+00
   1.1097827e+00
   9.8242243e-01
   8.6250448e-01
   7.2307980e-01
   5.7567995e-01
   4.6033413e-01
   3.8181381e-01
   2.8943632e-01
   2.2208734e-01
   1.6906468e-01
   1.2655937e-01
   8.1236326e-02
   4.0249032e-02
   1.1695637e-02
  -2.8722449e-02
  -5.6487145e-02
  -8.5629112e-02
  -9.4596649e-02
  -9.4342982e-02
  -8.5099062e-02
  -1.0691710e-01
  -1.4620982e-01
  -1.9323084e-01
  -2.6826740e-01
  -3.7613108e-01
  -4.9842831e-01
  -6.4702086e-01
  -7.9253545e-01
   1.1034743e+00
   1.0487522e+00
   9.8495009e-01
   8.7175442e-01
   7.7937737e-01
   6.7200991e-01
   5.4007477e-01
   4.4392686e-01
   3.8358967e-01
   2.9810389e-01
   2.4072507e-01
   1.9978451e-01
   1.6463833e-01
   1.3015899e-01
   1.0822213e-01
   1.1000707e-01
   1.0851594e-01
   1.1979247e-01
   1.3171836e-01
   1.6770049e-01
   2.1136557e-01
   2.7307987e-01
   2.9968569e-01
   2.9353203e-01
   2.6933245e-01
   2.0410450e-01
   9.3898123e-02
  -4.5951937e-02
  -2.1605321e-01
  -3.7741635e-01
   4.0220599e-01
   3.4686023e-01
   3.0457009e-01
   2.3897053e-01
   2.2362502e-01
   2.1724411e-01
   2.0340860e-01
   2.2408411e-01
   2.8089362e-01
   3.0698671e-01
   3.4086099e-01
   3.6976593e-01
   4.0077812e-01
   3.9864062e-01
   3.8631347e-01
   3.8987531e-01
   3.7601232e-01
   3.7081460e-01
   3.6210602e-01
   3.7092275e-01
   3.8270646e-01
   4.0542120e-01
   3.9361371e-01
   3.5751398e-01
   3.0697864e-01
   2.1270972e-01
   8.2420764e-02
  -6.2134215e-02
  -2.3233710e-01
  -3.8674035e-01
