-1.981249999999999956e-01
1.203969000000000067e+00
1.732763000000000053e+00
2.006692000000000142e+00
2.168995999999999924e+00
2.219647999999999843e+00
2.283152999999999988e+00
2.447386999999999979e+00
2.498409999999999798e+00
2.667110000000000092e+00
2.856066999999999911e+00
8.611480000000000246e-01
1.288972000000000007e+00
1.705910999999999955e+00
2.159451999999999927e+00
2.319793000000000216e+00
2.250861000000000001e+00
2.258802000000000199e+00
2.327942999999999873e+00
2.503671000000000202e+00
2.676658000000000204e+00
3.014615000000000045e+00
9.421439999999999815e-01
1.325471000000000066e+00
1.941121000000000096e+00
2.252403000000000155e+00
2.226008999999999904e+00
2.268615000000000048e+00
2.385517999999999805e+00
2.486043000000000003e+00
2.436725000000000030e+00
2.696759000000000128e+00
3.040980999999999934e+00
7.541080000000000005e-01
1.086383000000000099e+00
1.895678999999999892e+00
2.070934999999999970e+00
2.112896999999999803e+00
2.242872999999999895e+00
2.391340000000000021e+00
2.391156000000000059e+00
2.442925999999999931e+00
2.519137999999999877e+00
2.920481999999999800e+00
5.399490000000000123e-01
1.071531000000000011e+00
1.541498999999999953e+00
1.858662999999999954e+00
2.098993999999999804e+00
2.288981999999999850e+00
2.323650000000000215e+00
2.354150000000000187e+00
2.443004000000000175e+00
2.576513999999999971e+00
2.816783000000000037e+00
8.352009999999999712e-01
1.435869999999999980e+00
1.829414000000000096e+00
2.185404999999999820e+00
2.350681999999999938e+00
2.355879999999999974e+00
2.378114000000000061e+00
2.450858000000000203e+00
2.632600000000000051e+00
2.903074999999999850e+00
6.390130000000000532e-01
1.442372999999999905e+00
1.872848000000000068e+00
2.140595999999999943e+00
2.427408999999999928e+00
2.404085999999999945e+00
2.449783000000000044e+00
2.659736000000000100e+00
2.989441999999999933e+00
5.242649999999999810e-01
9.255520000000000413e-01
1.334977000000000080e+00
1.839277999999999968e+00
2.227536000000000183e+00
2.378277999999999892e+00
2.494733000000000089e+00
2.688819000000000070e+00
3.099343000000000181e+00
6.124089999999999812e-01
1.108252999999999933e+00
1.435621000000000036e+00
1.776386999999999938e+00
2.113172000000000050e+00
2.372339999999999893e+00
2.578053999999999846e+00
3.013975999999999988e+00
4.697600000000000109e-01
9.911759999999999460e-01
1.298891999999999936e+00
1.690244000000000080e+00
2.075387000000000093e+00
2.277400000000000091e+00
2.480795999999999779e+00
3.016901999999999973e+00
4.718890000000000029e-01
1.047461999999999893e+00
1.387429000000000023e+00
1.673840999999999912e+00
1.880903999999999909e+00
2.177795000000000147e+00
2.494634000000000018e+00
2.944548999999999861e+00
6.982260000000000133e-01
1.358700999999999937e+00
1.741405000000000092e+00
1.914762000000000075e+00
2.143069000000000113e+00
2.427172999999999803e+00
2.868603999999999932e+00
2.731640000000000179e-01
7.037250000000000449e-01
1.230278999999999900e+00
1.708272000000000013e+00
1.961694000000000049e+00
2.374804999999999833e+00
3.020760999999999807e+00
2.582430000000000003e-01
9.865979999999999750e-01
1.406034000000000006e+00
1.660848000000000102e+00
1.901197000000000026e+00
2.186358999999999941e+00
2.746785000000000032e+00
