4.450000000000000000e+02 2.000000000000000000e+01
4.500000000000000000e+02 2.000000000000000000e+01
4.550000000000000000e+02 2.000000000000000000e+01
4.600000000000000000e+02 2.000000000000000000e+01
4.650000000000000000e+02 2.000000000000000000e+01
4.700000000000000000e+02 2.000000000000000000e+01
4.750000000000000000e+02 2.000000000000000000e+01
4.800000000000000000e+02 2.000000000000000000e+01
4.850000000000000000e+02 2.000000000000000000e+01
4.900000000000000000e+02 2.000000000000000000e+01
4.950000000000000000e+02 2.000000000000000000e+01
4.450000000000000000e+02 4.000000000000000000e+01
4.500000000000000000e+02 4.000000000000000000e+01
4.550000000000000000e+02 4.000000000000000000e+01
4.600000000000000000e+02 4.000000000000000000e+01
4.650000000000000000e+02 4.000000000000000000e+01
4.700000000000000000e+02 4.000000000000000000e+01
4.750000000000000000e+02 4.000000000000000000e+01
4.800000000000000000e+02 4.000000000000000000e+01
4.850000000000000000e+02 4.000000000000000000e+01
4.900000000000000000e+02 4.000000000000000000e+01
4.950000000000000000e+02 4.000000000000000000e+01
4.450000000000000000e+02 6.000000000000000000e+01
4.500000000000000000e+02 6.000000000000000000e+01
4.550000000000000000e+02 6.000000000000000000e+01
4.600000000000000000e+02 6.000000000000000000e+01
4.650000000000000000e+02 6.000000000000000000e+01
4.700000000000000000e+02 6.000000000000000000e+01
4.750000000000000000e+02 6.000000000000000000e+01
4.800000000000000000e+02 6.000000000000000000e+01
4.850000000000000000e+02 6.000000000000000000e+01
4.900000000000000000e+02 6.000000000000000000e+01
4.950000000000000000e+02 6.000000000000000000e+01
4.450000000000000000e+02 8.000000000000000000e+01
4.500000000000000000e+02 8.000000000000000000e+01
4.550000000000000000e+02 8.000000000000000000e+01
4.600000000000000000e+02 8.000000000000000000e+01
4.650000000000000000e+02 8.000000000000000000e+01
4.700000000000000000e+02 8.000000000000000000e+01
4.750000000000000000e+02 8.000000000000000000e+01
4.800000000000000000e+02 8.000000000000000000e+01
4.850000000000000000e+02 8.000000000000000000e+01
4.900000000000000000e+02 8.000000000000000000e+01
4.950000000000000000e+02 8.000000000000000000e+01
4.450000000000000000e+02 1.000000000000000000e+02
4.500000000000000000e+02 1.000000000000000000e+02
4.550000000000000000e+02 1.000000000000000000e+02
4.600000000000000000e+02 1.000000000000000000e+02
4.650000000000000000e+02 1.000000000000000000e+02
4.700000000000000000e+02 1.000000000000000000e+02
4.750000000000000000e+02 1.000000000000000000e+02
4.800000000000000000e+02 1.000000000000000000e+02
4.850000000000000000e+02 1.000000000000000000e+02
4.900000000000000000e+02 1.000000000000000000e+02
4.950000000000000000e+02 1.000000000000000000e+02
4.500000000000000000e+02 1.200000000000000000e+02
4.550000000000000000e+02 1.200000000000000000e+02
4.600000000000000000e+02 1.200000000000000000e+02
4.650000000000000000e+02 1.200000000000000000e+02
4.700000000000000000e+02 1.200000000000000000e+02
4.750000000000000000e+02 1.200000000000000000e+02
4.800000000000000000e+02 1.200000000000000000e+02
4.850000000000000000e+02 1.200000000000000000e+02
4.900000000000000000e+02 1.200000000000000000e+02
4.950000000000000000e+02 1.200000000000000000e+02
4.550000000000000000e+02 1.400000000000000000e+02
4.600000000000000000e+02 1.400000000000000000e+02
4.650000000000000000e+02 1.400000000000000000e+02
4.700000000000000000e+02 1.400000000000000000e+02
4.750000000000000000e+02 1.400000000000000000e+02
4.800000000000000000e+02 1.400000000000000000e+02
4.850000000000000000e+02 1.400000000000000000e+02
4.900000000000000000e+02 1.400000000000000000e+02
4.950000000000000000e+02 1.400000000000000000e+02
4.550000000000000000e+02 1.600000000000000000e+02
4.600000000000000000e+02 1.600000000000000000e+02
4.650000000000000000e+02 1.600000000000000000e+02
4.700000000000000000e+02 1.600000000000000000e+02
4.750000000000000000e+02 1.600000000000000000e+02
4.800000000000000000e+02 1.600000000000000000e+02
4.850000000000000000e+02 1.600000000000000000e+02
4.900000000000000000e+02 1.600000000000000000e+02
4.950000000000000000e+02 1.600000000000000000e+02
4.600000000000000000e+02 1.800000000000000000e+02
4.650000000000000000e+02 1.800000000000000000e+02
4.700000000000000000e+02 1.800000000000000000e+02
4.750000000000000000e+02 1.800000000000000000e+02
4.800000000000000000e+02 1.800000000000000000e+02
4.850000000000000000e+02 1.800000000000000000e+02
4.900000000000000000e+02 1.800000000000000000e+02
4.950000000000000000e+02 1.800000000000000000e+02
4.600000000000000000e+02 2.000000000000000000e+02
4.650000000000000000e+02 2.000000000000000000e+02
4.700000000000000000e+02 2.000000000000000000e+02
4.750000000000000000e+02 2.000000000000000000e+02
4.800000000000000000e+02 2.000000000000000000e+02
4.850000000000000000e+02 2.000000000000000000e+02
4.900000000000000000e+02 2.000000000000000000e+02
4.950000000000000000e+02 2.000000000000000000e+02
4.600000000000000000e+02 2.200000000000000000e+02
4.650000000000000000e+02 2.200000000000000000e+02
4.700000000000000000e+02 2.200000000000000000e+02
4.750000000000000000e+02 2.200000000000000000e+02
4.800000000000000000e+02 2.200000000000000000e+02
4.850000000000000000e+02 2.200000000000000000e+02
4.900000000000000000e+02 2.200000000000000000e+02
4.950000000000000000e+02 2.200000000000000000e+02
4.650000000000000000e+02 2.400000000000000000e+02
4.700000000000000000e+02 2.400000000000000000e+02
4.750000000000000000e+02 2.400000000000000000e+02
4.800000000000000000e+02 2.400000000000000000e+02
4.850000000000000000e+02 2.400000000000000000e+02
4.900000000000000000e+02 2.400000000000000000e+02
4.950000000000000000e+02 2.400000000000000000e+02
4.650000000000000000e+02 2.600000000000000000e+02
4.700000000000000000e+02 2.600000000000000000e+02
4.750000000000000000e+02 2.600000000000000000e+02
4.800000000000000000e+02 2.600000000000000000e+02
4.850000000000000000e+02 2.600000000000000000e+02
4.900000000000000000e+02 2.600000000000000000e+02
4.950000000000000000e+02 2.600000000000000000e+02
4.650000000000000000e+02 2.800000000000000000e+02
4.700000000000000000e+02 2.800000000000000000e+02
4.750000000000000000e+02 2.800000000000000000e+02
4.800000000000000000e+02 2.800000000000000000e+02
4.850000000000000000e+02 2.800000000000000000e+02
4.900000000000000000e+02 2.800000000000000000e+02
4.950000000000000000e+02 2.800000000000000000e+02
