489
490
491
492
493
494
495
496
497
498
499
889
890
891
892
893
894
895
896
897
898
899
1289
1290
1291
1292
1293
1294
1295
1296
1297
1298
1299
1689
1690
1691
1692
1693
1694
1695
1696
1697
1698
1699
2089
2090
2091
2092
2093
2094
2095
2096
2097
2098
2099
2490
2491
2492
2493
2494
2495
2496
2497
2498
2499
2891
2892
2893
2894
2895
2896
2897
2898
2899
3291
3292
3293
3294
3295
3296
3297
3298
3299
3692
3693
3694
3695
3696
3697
3698
3699
4092
4093
4094
4095
4096
4097
4098
4099
4492
4493
4494
4495
4496
4497
4498
4499
4893
4894
4895
4896
4897
4898
4899
5293
5294
5295
5296
5297
5298
5299
5693
5694
5695
5696
5697
5698
5699
