121
122
123
124
125
126
127
128
129
130
131
132
133
134
135
136
137
138
140
141
142
143
145
146
147
152
154
155
156
157
158
159
160
161
162
163
164
165
166
167
168
169
170
171
172
174
175
321
322
323
324
325
326
327
328
329
330
331
332
333
334
335
336
337
338
339
340
343
344
345
347
348
349
350
355
356
357
358
359
360
361
362
363
364
365
366
367
368
370
371
372
373
374
375
376
380
521
522
523
524
525
526
527
528
529
530
531
532
533
534
535
536
537
543
544
545
547
549
556
557
558
559
560
561
562
563
564
565
566
567
569
570
572
573
574
575
576
577
581
722
723
724
725
726
727
728
729
730
731
732
733
734
735
736
737
738
741
742
743
744
745
746
747
748
756
757
758
759
760
761
762
763
764
765
766
767
768
769
770
771
775
776
780
782
921
922
923
924
925
926
927
928
929
930
931
932
933
934
935
936
937
938
939
940
942
943
944
945
946
947
948
956
957
958
959
960
961
962
963
964
965
967
968
969
971
972
973
974
975
976
977
978
980
982
1121
1122
1123
1124
1125
1126
1127
1128
1129
1130
1131
1132
1133
1134
1135
1136
1137
1138
1139
1140
1142
1143
1144
1145
1146
1147
1148
1149
1158
1159
1160
1161
1162
1165
1168
1169
1170
1171
1172
1173
1174
1175
1176
1177
1178
1179
1180
1182
1321
1322
1323
1324
1325
1326
1327
1328
1329
1330
1331
1332
1333
1334
1335
1336
1337
1338
1339
1340
1341
1342
1343
1344
1345
1346
1347
1348
1359
1360
1361
1362
1370
1371
1372
1373
1374
1376
1377
1378
1379
1380
1521
1522
1523
1524
1525
1526
1530
1531
1532
1533
1535
1536
1537
1538
1539
1540
1541
1543
1544
1545
1546
1547
1548
1549
1551
1559
1560
1561
1562
1570
1571
1572
1573
1574
1575
1576
1577
1580
1721
1722
1724
1728
1731
1732
1733
1734
1735
1736
1737
1738
1739
1740
1741
1742
1743
1744
1745
1746
1747
1748
1749
1750
1751
1759
1760
1761
1762
1770
1771
1772
1773
1774
1775
1776
1777
1923
1931
1933
1935
1936
1937
1938
1939
1940
1941
1942
1943
1944
1945
1946
1947
1948
1949
1950
1958
1959
1960
1961
1962
1963
1972
1973
1974
1975
1976
1977
2137
2138
2139
2140
2141
2142
2143
2144
2145
2146
2147
2148
2149
2150
2151
2152
2153
2158
2159
2160
2161
2162
2163
2164
2165
2167
2172
2173
2174
2175
2176
2177
2341
2342
2343
2344
2347
2348
2349
2350
2351
2352
2353
2354
2355
2356
2357
2358
2359
2360
2361
2362
2363
2364
2365
2366
2367
2368
2370
2372
2373
2374
2375
2376
2377
2548
2549
2550
2551
2552
2553
2554
2555
2556
2557
2558
2559
2560
2561
2562
2563
2564
2565
2566
2567
2568
2569
2570
2571
2572
2573
2575
2576
2577
2750
2751
2752
2753
2754
2755
2756
2757
2758
2759
2760
2761
2762
2763
2764
2765
2766
2767
2768
2769
2770
2771
2772
2773
2774
2776
2777
2951
2952
2953
2954
2955
2956
2957
2958
2959
2960
2961
2962
2963
2964
2966
2967
2968
2969
2970
2971
2972
2973
2975
2976
2977
3153
3154
3155
3156
3157
3158
3159
3160
3162
3163
3164
3165
3166
3167
3168
3169
3170
3171
3172
3173
3174
3175
3353
3354
3355
3356
3357
3358
3359
3360
3361
3362
3363
3364
3365
3366
3367
3372
3373
3375
3376
3377
3554
3555
3556
3557
3558
3559
3560
3561
3562
3563
3564
3565
3566
3572
3573
3575
3576
3577
3578
3581
3583
3754
3755
3756
3757
3758
3759
3760
3761
3762
3763
3764
3765
3766
3770
3771
3772
3773
3774
3775
3776
3777
3778
3779
3780
3781
3782
3783
3955
3956
3957
3958
3959
3960
3961
3962
3963
3964
3965
3970
3971
3972
3973
3974
3975
3976
3977
3978
3979
3980
3981
3982
3983
4127
4129
4151
4154
4155
4156
4157
4158
4159
4160
4161
4162
4163
4164
4165
4168
4170
4171
4172
4173
4174
4175
4176
4177
4178
4179
4180
4181
4182
4183
4326
4327
4328
4330
4352
4353
4354
4355
4356
4357
4358
4359
4360
4361
4362
4363
4364
4365
4367
4368
4370
4371
4372
4373
4374
4375
4376
4377
4378
4379
4380
4381
4382
4383
4525
4526
4527
4528
4529
4530
4539
4542
4545
4547
4548
4549
4550
4551
4552
4553
4554
4555
4556
4557
4558
4559
4560
4561
4562
4563
4564
4565
4566
4567
4568
4569
4570
4571
4572
4573
4574
4575
4576
4577
4578
4579
4580
4581
4582
4583
4726
4727
4729
4730
4731
4735
4738
4739
4740
4741
4742
4743
4744
4745
4746
4747
4748
4749
4750
4751
4752
4753
4754
4755
4756
4757
4758
4759
4760
4761
4762
4763
4765
4766
4767
4768
4769
4771
4772
4773
4774
4775
4776
4777
4778
4779
4780
4781
4782
4783
4925
4926
4927
4928
4929
4930
4932
4937
4938
4939
4940
4941
4942
4943
4944
4945
4946
4947
4948
4949
4950
4951
4952
4953
4954
4955
4956
4957
4958
4959
4960
4961
4962
4963
4964
4965
4966
4967
4968
4969
4970
4972
4973
4974
4975
4976
4977
4978
4979
4980
4981
4982
4983
5121
5123
5126
5127
5128
5129
5130
5131
5137
5138
5139
5140
5141
5142
5143
5144
5145
5146
5147
5150
5151
5152
5153
5154
5155
5156
5157
5158
5160
5161
5162
5163
5164
5165
5166
5167
5168
5169
5170
5175
5176
5177
5178
5180
5181
5182
5183
5321
5322
5324
5325
5326
5327
5328
5329
5330
5331
5332
5333
5335
5336
5337
5338
5339
5340
5341
5342
5343
5344
5345
5346
5347
5348
5349
5350
5351
5352
5353
5354
5355
5356
5357
5358
5360
5361
5362
5363
5364
5365
5366
5367
5368
5369
5370
5376
5377
5378
5379
5380
5381
5382
5383
5521
5523
5526
5528
5529
5530
5531
5532
5533
5535
5536
5537
5538
5539
5540
5541
5542
5543
5544
5545
5546
5547
5549
5551
5553
5554
5555
5556
5557
5558
5560
5561
5562
5563
5564
5565
5567
5568
5569
5570
5578
5582
5583
5722
5727
5728
5729
5730
5731
5732
5733
5734
5736
5737
5738
5739
5740
5741
5742
5743
5744
5745
5746
5747
5748
5749
5750
5751
5752
5753
5754
5755
5756
5757
5758
5759
5760
5761
5762
5763
5764
5765
5766
5767
5768
5769
5771
5783
5784
5923
5927
5928
5929
5930
5931
5932
5933
5934
5937
5938
5940
5941
5942
5943
5944
5945
5946
5947
5948
5950
5951
5953
5954
5955
5956
5957
5958
5959
5960
5961
5962
5964
5965
5966
5967
5968
5969
5970
5971
5975
5979
5980
5982
5983
5984
