6.612006377788621769e+00
6.704948666850225614e+00
6.534739138915258927e+00
6.346430443656592146e+00
6.291414063251542288e+00
6.316123701323226314e+00
6.189960373736242083e+00
6.040185964685189646e+00
6.104432778264531123e+00
6.002587080739273162e+00
6.070023874270022546e+00
6.088730831062957094e+00
5.971533062288521876e+00
6.091870032197572726e+00
6.003733007872303240e+00
5.966795289108324241e+00
5.782583380881816559e+00
5.688449493456923634e+00
5.529935093163436122e+00
5.496368330610558850e+00
5.557652402094867661e+00
5.393288618514643140e+00
5.435604044723202577e+00
5.657441823684051130e+00
5.559559676556294683e+00
5.039934346362969997e+00
4.938945078321531845e+00
4.913497926220365741e+00
4.983696943763972875e+00
5.040727910867066619e+00
5.076668598018637901e+00
5.197460624861764522e+00
5.175069296474449132e+00
5.134612462243445918e+00
5.000139834378238390e+00
4.992202996973187368e+00
4.906633548211028817e+00
4.599288557619565232e+00
4.674176713046382936e+00
4.615676104255337364e+00
4.706261691839380035e+00
4.845932344736199049e+00
4.541003454559061403e+00
4.267949628094789283e+00
4.431198600668736276e+00
4.220283921670979765e+00
4.448767544935883222e+00
6.680497396768756424e+00
6.670045865073891633e+00
6.633412396419263501e+00
6.549292066108294286e+00
6.507591655158114108e+00
6.144063940781377298e+00
6.321675440852118300e+00
6.311956049169757499e+00
6.014010044764660279e+00
6.175740150549699159e+00
5.996341850704547838e+00
6.216150678393365325e+00
6.127940560270234371e+00
5.980306763825375960e+00
6.115067783850106409e+00
5.970669911796609775e+00
5.895072166073283881e+00
5.663835020528297015e+00
5.558487670346759835e+00
5.535255600550586408e+00
5.404123122885840402e+00
5.418872601666242517e+00
5.516795606715809264e+00
5.445038606626557254e+00
5.358523080567549890e+00
5.317439540935438025e+00
5.233020213663703402e+00
4.879652657047354403e+00
5.009023020215517263e+00
4.936807302449761181e+00
5.072729729914073005e+00
5.001982148776728643e+00
4.980611268262383540e+00
4.953935779724657706e+00
4.914091905937890914e+00
4.692613251079734482e+00
4.618439143699918148e+00
4.413235475815977971e+00
4.631985931465871786e+00
4.522327953220508512e+00
4.519812294217979698e+00
4.563882316549890739e+00
4.438948237910106620e+00
4.515390214762020626e+00
4.312837524787022758e+00
4.505837303223021451e+00
4.646984108703481553e+00
5.029750016277295011e+00
4.429472417438907073e+00
6.885890936698531917e+00
6.457306043699043485e+00
6.380355080246597588e+00
6.433142384684400028e+00
6.338741281277240347e+00
6.414725996975734645e+00
6.180254748576079038e+00
6.243220130758058595e+00
6.188889451251290197e+00
6.237498061867531085e+00
6.091113543927566099e+00
6.065169548696681900e+00
6.124689751020581774e+00
6.389929533406486506e+00
6.082927659920776442e+00
6.087042350137042312e+00
5.952129578773491581e+00
5.391305862276341898e+00
5.527186110137739306e+00
5.473137482963827516e+00
5.585942676838527632e+00
5.294092778957615764e+00
4.823822618167575627e+00
4.897442300873055210e+00
5.006058078705949654e+00
5.003520140419874807e+00
4.956025003097976445e+00
4.848571901443180288e+00
4.662517390105927362e+00
4.665103653808396977e+00
4.383863552581104273e+00
4.298206049251001026e+00
4.419657533863015075e+00
4.338147236617365898e+00
4.360627266352984144e+00
4.525936002515566159e+00
4.379937004716493831e+00
4.714221390694975256e+00
4.499365576418563606e+00
4.814485380279283966e+00
4.767477268457670725e+00
5.401997501151167391e+00
4.394906604167842623e+00
6.697672052036772072e+00
6.601246855555346293e+00
6.527770132920308832e+00
6.464519383511829531e+00
6.417795552950908089e+00
6.164442872730893086e+00
6.257682603153948975e+00
6.299525375908069158e+00
6.107955662584462431e+00
6.087275949801582264e+00
6.211770748022070521e+00
6.287767681093343164e+00
6.176682022211214651e+00
6.111976287147816045e+00
6.045180674892110417e+00
6.092784935629666165e+00
5.664800486734907992e+00
5.478599260437590601e+00
5.452474278850484524e+00
5.450124622670877272e+00
5.588957621353516814e+00
5.623678079528448670e+00
5.499890554405435950e+00
5.588343944784631034e+00
5.402504347231701587e+00
4.825565026354278864e+00
4.879320546220649923e+00
4.848219195482855071e+00
4.869849145232072019e+00
4.834949012864480089e+00
4.700241031680834958e+00
4.501042589452926457e+00
4.393809658087252323e+00
4.236834522380052981e+00
4.324315811350440519e+00
4.192548012068630037e+00
4.301355779890118747e+00
4.436918279746868699e+00
4.261118616280729299e+00
4.316782681401369004e+00
4.172159647346433076e+00
4.323312590593864968e+00
4.928025086897469542e+00
4.590145788398862337e+00
4.390890606089424608e+00
6.697264531180013414e+00
6.791694244203355879e+00
6.504175524882848336e+00
6.403231623222818136e+00
6.250255728324330740e+00
6.275356414827647278e+00
6.143907610818111209e+00
6.210576593713218685e+00
6.139113119992898326e+00
6.151782761658604493e+00
6.095916101704414558e+00
6.297331503526460317e+00
6.102081255645002145e+00
6.205397217816845945e+00
6.201288425950948202e+00
5.993159441288439915e+00
6.046484093148263739e+00
5.857386130987968009e+00
5.582759771863172737e+00
5.490283006088052531e+00
5.503833888952314624e+00
5.516171315898798611e+00
5.619424524581734026e+00
5.749512089307021512e+00
5.714582021318867611e+00
5.528941410284854641e+00
5.487420999159499324e+00
4.783755633851342282e+00
4.847839224630798860e+00
4.749431482351498701e+00
4.743234635177025815e+00
4.708178803581998473e+00
4.491623661093479214e+00
4.371565840800067271e+00
4.290572141896314307e+00
4.221902480726745566e+00
4.255032361054752243e+00
4.202009661922065931e+00
4.232408381480701642e+00
4.167118193822203942e+00
4.103487695716039774e+00
4.259452867605762805e+00
4.785021988479163824e+00
4.579818875600724759e+00
4.291274167293715358e+00
4.265683363429573660e+00
4.866795920601730607e+00
4.771685819639491122e+00
4.537346977708319073e+00
4.405860669113472738e+00
6.743282264495936040e+00
6.716451933308325906e+00
6.723665884624855593e+00
6.607793233729955418e+00
6.310421244850980216e+00
6.276687450554704562e+00
6.145288139619279555e+00
6.225113555147667732e+00
5.996586106710230624e+00
6.160213826151264449e+00
6.060001520482034998e+00
6.328422045210646552e+00
6.259190724352303725e+00
6.195558653162930085e+00
6.209551281126350020e+00
6.025473017702595691e+00
5.843271610276053352e+00
5.879564479594423965e+00
5.695276770805576483e+00
5.579860223100129524e+00
5.574308360554755204e+00
5.643247852638996420e+00
5.573067813333144827e+00
5.764222884439098138e+00
5.657142032722513925e+00
5.590971024275786405e+00
5.446586144536849972e+00
5.371782483089001303e+00
4.764109601918120163e+00
4.613252204885609942e+00
4.596962890171506722e+00
4.433987250772911892e+00
4.267865107250711887e+00
4.084089335133326948e+00
4.169907802325586665e+00
4.123821247553320468e+00
4.297766811589337266e+00
4.340880704444748162e+00
4.468159762252459366e+00
4.826750200923549450e+00
4.551557757689893791e+00
4.132278865782236466e+00
4.486557777010210302e+00
4.512628594753674172e+00
4.740271287392158861e+00
4.515429433414162474e+00
4.362314368661632358e+00
4.329798035433140235e+00
6.688113736682839594e+00
6.697846425066363629e+00
6.554463359713865955e+00
6.388261185738997483e+00
6.221779253645987495e+00
6.134888602242175359e+00
6.220073880189066706e+00
6.104452959555858982e+00
6.271055197912690282e+00
6.146603840260114637e+00
6.244943854447421394e+00
6.099244131833745364e+00
6.157661216334538778e+00
6.048325987582955143e+00
6.098743869558229669e+00
6.202455644487470110e+00
5.911544448897894988e+00
5.962771846288543287e+00
5.703903839471974102e+00
5.543860858565055061e+00
5.463843556575882054e+00
5.403477289022021957e+00
5.580915624281794329e+00
5.600152872846684282e+00
5.737810115233288322e+00
5.671625481185341933e+00
5.688009123005784318e+00
5.521274634097788514e+00
4.687174715022490723e+00
4.570556714533355880e+00
4.418587404025297261e+00
4.242081715320545676e+00
4.070353432959105788e+00
4.136598831349723504e+00
4.043150888310722557e+00
4.032543621905567477e+00
4.102535200650397229e+00
4.372945376378639892e+00
4.389476633419773677e+00
4.516053034215794959e+00
4.551103364245772553e+00
4.358505392916826260e+00
6.456978986140989640e+00
6.422968937514075272e+00
6.454997618862080344e+00
6.248578338330126769e+00
6.298297452683004671e+00
6.105015183103280840e+00
6.000121977423381381e+00
5.970545404937784184e+00
6.049788853621805629e+00
6.116728571914981316e+00
5.910027539327232127e+00
6.192104958710943130e+00
6.074550683339338342e+00
5.734716729116356326e+00
5.846372921588420368e+00
5.684278023275953551e+00
5.595385014129593770e+00
5.602053624320088687e+00
5.762499590075998768e+00
5.742537817451447424e+00
5.789630203006146836e+00
5.606405787309644673e+00
5.687793862767179576e+00
5.334290453633971474e+00
5.167062016382987011e+00
4.565500988126554915e+00
4.524643532567854010e+00
4.404189541115864692e+00
4.249687320841603722e+00
4.082701219798814840e+00
4.267935875496124964e+00
4.078150632916001328e+00
4.282972219980567985e+00
4.916704624619885777e+00
4.522575082547088066e+00
4.436218249450367246e+00
4.489847428891985182e+00
4.344057853766590149e+00
6.528135351580576007e+00
6.418639682745398645e+00
6.170689554677952771e+00
5.961176307270863006e+00
5.931118915653232904e+00
6.022233324587650038e+00
6.063598952155016875e+00
6.150028496183985283e+00
6.041740312414665581e+00
6.012052033310213872e+00
6.048146562282787464e+00
5.773328598563652214e+00
5.800767744861859754e+00
5.655314394484621587e+00
5.842230150186153104e+00
5.767132737747567184e+00
5.533950234128605317e+00
5.718310432517513142e+00
5.484830316695279429e+00
5.625316870166477301e+00
5.597541786052826041e+00
5.716895100470706481e+00
5.437998263126537779e+00
5.199821526422690354e+00
5.184420534794665691e+00
4.509553784858813863e+00
4.514493416822931593e+00
4.430863537411318553e+00
4.244408839922039434e+00
4.222810919119655004e+00
4.452391152401379060e+00
4.555457304567493537e+00
4.614823885293255046e+00
4.745770193820208149e+00
4.627775068717958185e+00
4.607533838951955119e+00
4.418189249451055289e+00
6.332520170387472724e+00
5.865764370570042630e+00
5.935277688730096202e+00
5.942757068758237615e+00
5.813150274928910122e+00
5.740537905621430070e+00
5.661389250121923844e+00
5.813827378413880531e+00
5.685876875798020258e+00
5.624889622587803117e+00
5.579062693045290011e+00
5.658148662121181616e+00
5.419078856015229206e+00
5.593806897510162024e+00
5.569364127442445245e+00
5.515877439116234626e+00
5.512512555431673178e+00
5.595610736499703641e+00
5.289894902380737562e+00
4.676844582295762720e+00
4.636164231890577803e+00
4.559157070935051514e+00
4.496205686835783588e+00
4.395801125567686540e+00
4.198110774557165747e+00
4.242575634263007878e+00
4.317567593378931257e+00
4.325677689018926131e+00
4.433907082444168424e+00
4.675482671923208322e+00
4.881652946487510469e+00
5.716986100651059388e+00
5.685314226480910449e+00
5.603623413636507955e+00
5.578016688057198635e+00
5.561999251644759390e+00
5.619494386101691497e+00
5.450586567848432651e+00
5.495624977421461388e+00
5.443058388750229071e+00
5.652581609525858752e+00
5.472933455791729962e+00
5.574424958864977242e+00
5.360901565888499753e+00
5.380127859511242505e+00
5.310485731694511102e+00
5.038709232825630657e+00
4.987550774864248915e+00
4.581825402015001991e+00
4.622996341101393014e+00
4.614719273802964317e+00
4.649981684393305947e+00
4.457921447190830833e+00
4.278233126567039690e+00
4.163443769425673402e+00
4.134414004340622562e+00
4.131553311720418620e+00
4.107304821548460438e+00
4.180839441834583781e+00
4.136349734604311656e+00
4.331190831030205857e+00
4.518714530699010190e+00
4.410988124493687046e+00
5.469467371960571533e+00
5.471191368000977384e+00
5.406166547620586016e+00
5.391735798332985219e+00
5.401393205980831169e+00
5.472229334577490611e+00
5.462626296030618889e+00
5.339502295604932058e+00
5.290939853511111401e+00
5.189060722191817021e+00
4.976883481507534235e+00
4.994797973951557779e+00
4.936089697324343106e+00
4.823070833806193392e+00
4.732590295193721097e+00
4.860321134502599172e+00
4.835735385002028153e+00
4.847651776077334773e+00
4.713502399963947376e+00
4.611505341406372693e+00
4.540513703124062772e+00
4.431157651749737525e+00
4.335669663627984782e+00
4.259980582280396000e+00
4.197386144451371592e+00
4.166906955041056015e+00
3.969028395476811966e+00
4.270984820699292861e+00
4.422185248715973849e+00
4.875735142051166093e+00
4.474938644471554205e+00
4.503668944398077301e+00
4.457232477461688269e+00
5.363700547299605326e+00
5.350818171931535971e+00
5.242132379925910968e+00
5.229346427407631559e+00
5.252278965890408102e+00
5.143850044887975592e+00
5.062091981248644679e+00
5.007328714170763639e+00
4.965187364405554860e+00
4.945664080082588399e+00
4.893651002917263071e+00
4.858543472389411200e+00
4.858721693445247070e+00
4.792374738670004852e+00
4.710571775809788697e+00
4.550506950797756467e+00
4.479520925322037606e+00
4.450192028918614540e+00
4.432012201994703027e+00
4.423667172359984967e+00
4.290762833293298328e+00
4.217430774434850704e+00
4.266323527857757369e+00
4.159233806702574476e+00
4.192040062208202578e+00
4.165385304267119615e+00
4.316407269264634472e+00
4.492904108477760339e+00
4.613364392401409830e+00
5.253060875862905377e+00
5.232986071872209877e+00
5.119781693296278746e+00
5.161177817668604284e+00
5.130293330971814392e+00
5.044811820975554362e+00
5.135912907783825254e+00
5.010681418893543793e+00
4.905860034072418330e+00
5.017985787643867823e+00
5.001131164822422370e+00
4.834446404229464811e+00
4.766071704168919787e+00
4.643093949985585667e+00
4.495399617199164588e+00
4.491153630594680202e+00
4.465123123906167280e+00
4.487254287880472425e+00
4.323092083492810822e+00
4.284318690313098976e+00
4.168250334015935366e+00
4.220559993447040803e+00
4.009872867632296334e+00
4.052017801983454071e+00
4.506893880931880148e+00
5.077678134741811178e+00
4.596227702300146767e+00
5.153766285348736709e+00
5.127653926759375480e+00
5.095653322969408094e+00
5.143499506264914700e+00
5.175140850991186703e+00
5.133848407736157249e+00
5.088526579166633645e+00
5.075571417104861816e+00
4.987145519081080280e+00
4.859511823565748401e+00
4.857849923492847388e+00
4.884406303295421026e+00
4.790562342294055753e+00
4.631271908431513928e+00
4.575872597385184370e+00
4.454497977563231181e+00
4.388226193176336665e+00
4.183311860119622416e+00
4.126007293256758857e+00
4.219157304924744167e+00
4.090549234260876688e+00
4.396875380824712742e+00
4.747020915072534208e+00
5.387417102214809184e+00
5.542256432618331452e+00
5.070574286493786609e+00
5.082171937577138365e+00
5.107624596707765363e+00
5.071189593140059237e+00
5.063514568999330834e+00
4.936880387469642528e+00
4.913946061796131914e+00
4.848003657587619308e+00
4.710634849411614589e+00
4.584060215479650147e+00
4.520022046650920444e+00
4.451232923798966290e+00
4.497232862613538273e+00
4.379329552215414978e+00
4.249885258071865124e+00
4.162036178563862876e+00
4.026322199304588345e+00
4.115564581042114867e+00
4.005273888972540774e+00
4.196182776561695249e+00
4.436266149821393334e+00
5.140534139135451319e+00
4.991334579883241140e+00
4.924099046113274092e+00
4.949750735070820973e+00
4.950863815128269785e+00
4.891794030103810975e+00
4.853416684799825020e+00
4.904418197786226230e+00
4.867087847900340769e+00
4.841046569447476244e+00
4.815814155696609866e+00
4.654104681786639830e+00
4.544185007217024008e+00
4.402762842535665300e+00
4.348320328317380579e+00
4.231037838724286182e+00
4.109226868146972578e+00
4.335659571165073167e+00
4.903680226646038420e+00
5.119211227032694822e+00
4.887264128369518623e+00
4.935863164337832565e+00
4.971604070568834466e+00
4.911912068690167388e+00
4.866709635068550810e+00
4.814895127527756280e+00
4.726114750780045171e+00
4.667971508585956997e+00
4.658613911792103046e+00
4.584871917342731251e+00
4.526438898168874125e+00
4.425675959350337862e+00
4.262320159012497278e+00
4.168569498883091917e+00
4.151248109415242915e+00
4.784074007016704932e+00
4.780708178114626783e+00
4.974909406011657431e+00
4.841476049833108419e+00
4.670298597788445250e+00
4.520179591429170252e+00
4.431724625153932173e+00
4.899938255937521525e+00
4.842176157500356126e+00
4.836232240442429386e+00
4.896463731736439229e+00
4.773172169843988399e+00
4.713280474012665699e+00
4.630658789753391069e+00
4.542147080836437922e+00
4.494377102140562741e+00
4.420902517426583245e+00
4.315309119233136315e+00
4.193158987100479962e+00
4.133489554053170423e+00
4.286733376692884789e+00
4.289068692320686438e+00
4.127852977760714914e+00
4.515396975478362940e+00
4.582567181412278146e+00
4.470052931277811226e+00
4.682372040201512320e+00
4.880155834708574503e+00
4.677868317424327849e+00
4.533198694855523847e+00
4.635205221678265097e+00
4.536353005018648687e+00
4.636063289579086089e+00
4.337701938515478695e+00
4.854280140233592000e+00
4.880090964918592178e+00
4.814119833388030401e+00
4.742190832725704297e+00
4.601323989115688740e+00
4.609826381451824773e+00
4.588063491725520748e+00
4.577798999819458814e+00
4.467496116447160048e+00
4.253203220176871469e+00
4.172241012755540268e+00
4.267315021168078815e+00
4.148075785902609169e+00
4.385216360524944790e+00
4.240817176839853708e+00
4.250694542968922462e+00
4.493135981318377326e+00
4.676200419451644663e+00
4.626760210278532348e+00
4.767479966540378200e+00
4.619151623175524080e+00
4.569837172320781349e+00
4.719818631513308382e+00
4.605221805670558943e+00
4.511003385744190020e+00
6.055208629257479380e+00
6.031124698905172998e+00
5.149601155002463848e+00
4.906353015325902511e+00
4.880466920437299017e+00
4.902670980319848049e+00
4.784891108075903787e+00
4.847826828349251826e+00
4.636764409559252620e+00
4.570886219419147523e+00
4.507722413612610168e+00
4.395457401460133973e+00
4.313236574119568623e+00
4.237677368068965222e+00
4.198641652927392443e+00
4.101095616700724200e+00
4.205688445021934285e+00
4.264167311447434550e+00
4.252577735207322185e+00
4.387011204274364751e+00
4.450569642409952564e+00
4.675645287553225948e+00
4.589446395126185685e+00
4.813559761948163818e+00
4.670637122901313276e+00
4.789876461276227460e+00
4.772977323013521733e+00
4.801402930954921544e+00
4.645141489842566251e+00
4.423166089560284675e+00
6.051480858996367118e+00
6.209535860025560794e+00
5.934926333828051348e+00
5.940242348536132866e+00
5.138511768714863592e+00
5.069056801301218940e+00
4.939348277864439751e+00
4.885515580243538381e+00
4.922729972283638844e+00
4.877851578418014533e+00
4.728567000978177504e+00
4.653213512396379592e+00
4.586180230548530190e+00
4.444807032139641123e+00
4.296672981660385027e+00
4.228378083808371102e+00
4.176213119613441549e+00
4.119134228468580794e+00
4.169247825604886160e+00
4.188107441668577735e+00
4.273053947092433802e+00
4.492948074811981662e+00
4.679265705381020268e+00
4.735545516259178633e+00
4.829584389254992338e+00
4.666348382376698467e+00
4.768943936129624639e+00
4.721089340014994029e+00
4.979065432610824793e+00
4.827055802874558488e+00
4.858713062192518528e+00
4.790151359718784363e+00
4.572725109566405877e+00
4.393412317899804798e+00
6.144705944359452943e+00
6.153926871522041431e+00
6.164648711023092531e+00
5.973857022284078333e+00
6.015551881322344308e+00
5.965703390977231457e+00
5.576103531532730528e+00
5.410588926667529108e+00
5.449071743777362364e+00
5.390306296268600583e+00
5.374401724765138333e+00
5.384525938458754268e+00
5.303683852180376412e+00
5.204232493159086204e+00
5.171861769021965927e+00
5.022001307169301931e+00
4.975042840249662923e+00
4.912292382436619143e+00
4.930332827755942837e+00
4.798358109304831309e+00
4.760537995769865027e+00
4.674407210357912845e+00
4.584425563566040474e+00
4.502876498173692177e+00
4.476770617255455775e+00
4.383696034916713558e+00
4.250150596066465170e+00
4.133337059571230654e+00
4.221200483400347814e+00
4.321769581443212438e+00
4.325012974356479134e+00
4.625234697211380919e+00
4.859173417338761958e+00
4.948359312649870390e+00
5.031134753550403182e+00
5.089013263920401542e+00
5.011561934316817180e+00
4.775032740199640635e+00
4.805220011413734227e+00
4.841755235978091321e+00
4.877703027495744692e+00
5.099890927347103364e+00
5.026801379236160550e+00
4.823820983516798222e+00
4.657356232201078861e+00
4.487785501449480741e+00
6.091869728007170970e+00
6.274540473866560220e+00
5.967206011459610160e+00
6.021778824444345091e+00
5.908520503991921302e+00
5.805872931512908508e+00
5.679274000621914453e+00
5.665492171507140462e+00
5.573311135388447468e+00
5.593779703603838804e+00
5.462729088048254411e+00
5.424602673621267357e+00
5.544128768525928841e+00
5.576623486138309715e+00
5.601421452558250635e+00
5.544144218247425648e+00
5.548693131953766233e+00
5.405870073259285036e+00
5.408561892462662613e+00
5.358889005128865790e+00
5.223555478810920860e+00
5.070057807938402661e+00
5.002249247871358939e+00
4.875929477963422798e+00
4.848635469092402950e+00
4.852762604674778046e+00
4.771597819941248986e+00
4.634168043219876409e+00
4.496662971237597617e+00
4.420177885539720464e+00
4.330191944744415267e+00
4.239713974662623563e+00
4.071192783087467681e+00
4.167428049618977504e+00
4.277058401333419191e+00
4.522493143458151899e+00
4.676340204309427762e+00
5.108726072163177534e+00
5.204192676531440576e+00
4.897096309108792234e+00
4.787040516170277371e+00
5.038026675155536260e+00
4.907047088215585440e+00
5.013170287459190355e+00
4.970986397081200714e+00
5.065151668575594179e+00
5.010908209738878405e+00
4.902383114751710735e+00
4.772847534197055097e+00
4.466184381820284877e+00
6.267817425437344880e+00
6.179331751903700543e+00
6.026648902154915000e+00
5.991438023214857189e+00
5.926345582589524597e+00
6.021496272496899671e+00
5.850177909515122288e+00
5.814776493681184988e+00
5.764658496906876373e+00
5.722680834924872784e+00
5.743235422521378197e+00
5.671940042592383158e+00
5.603154209393344409e+00
5.605177929075537691e+00
5.633112021924922885e+00
5.624400446290949596e+00
5.751982221170015563e+00
5.729743216614288315e+00
5.624735375762911715e+00
5.594567221981431082e+00
5.498225464319363098e+00
5.377113177025256263e+00
5.225373070547783882e+00
5.070134934445851727e+00
4.998070386202819293e+00
4.918008549959875353e+00
4.837189190963955276e+00
4.765236738092221813e+00
4.703981516805234797e+00
4.671344248920133779e+00
4.452024711875590235e+00
4.494562148462692086e+00
4.368914973575297900e+00
4.294556703248117557e+00
4.243994761841062058e+00
4.152044004010371658e+00
4.194400987746567111e+00
4.359425632444585474e+00
4.492585818706909428e+00
4.597587067109491166e+00
4.958755337331267832e+00
5.338501429149563826e+00
5.232693717028831237e+00
5.148915193911704158e+00
5.260731142160186558e+00
5.035168280876352931e+00
5.001066831679017888e+00
5.165096458024253323e+00
4.979730257458013121e+00
5.024336281777737057e+00
5.187665762125878821e+00
4.946209416411337045e+00
4.321018349142314641e+00
6.430006126884321382e+00
6.233003720839213280e+00
6.045135596891332952e+00
6.124940373012594641e+00
5.992457905837820675e+00
6.028824694823556207e+00
6.019672825617144341e+00
5.909647025532610343e+00
5.792870311632516866e+00
5.867321958765663759e+00
5.755597700173717968e+00
5.812697966353238321e+00
5.755387085230186273e+00
5.731406503697770383e+00
5.675469155727074444e+00
5.716833452823444794e+00
5.709068145458705779e+00
5.764020011449684233e+00
5.638427742049970881e+00
5.469818489824461949e+00
5.283793719912568854e+00
5.134639671051511201e+00
5.074423862220496240e+00
4.993975370828596994e+00
4.897599459604229821e+00
4.862252516407002290e+00
4.817731397272129179e+00
4.690354793880304740e+00
4.468748025980341154e+00
4.463800052287003162e+00
4.422128156749436378e+00
4.393893510021731785e+00
4.293884922985691688e+00
4.207965923272549702e+00
4.248517334155280878e+00
4.245053132491100278e+00
4.465450803390475620e+00
4.684841380485172735e+00
4.909498173575357782e+00
5.532232777563889314e+00
5.456205524828106945e+00
5.077408952413283494e+00
5.035557008170858495e+00
5.369822002991399224e+00
5.258367787423990691e+00
4.727050616624858037e+00
4.571503814577723368e+00
6.378247436310314100e+00
6.353885852531174550e+00
6.239676673806997975e+00
6.181906472915327910e+00
6.155569682414412824e+00
6.074588446693645061e+00
6.105647681257076798e+00
5.929309129139469725e+00
5.986952308219669838e+00
5.976125397311489174e+00
5.987235153355952022e+00
5.896004352740509269e+00
5.834645957984743170e+00
5.742514434305425297e+00
5.728148094449470484e+00
5.887851799144691256e+00
5.866999585950811280e+00
5.824833638675534608e+00
5.675492271920276721e+00
5.755206757678701379e+00
5.826363842981419516e+00
5.718546118558532676e+00
5.693054399484927863e+00
5.766500733480955709e+00
5.745397070571692133e+00
5.666009046854541431e+00
5.460021987771118468e+00
5.467092388522250879e+00
5.312107578262647678e+00
5.242436746671418568e+00
5.089138234114216175e+00
5.049217641376145593e+00
4.925781925092862501e+00
4.865291162726732566e+00
4.735546613941732375e+00
4.586701279186534030e+00
4.429179833666832877e+00
4.381991481780869613e+00
4.371045650992564369e+00
4.351907642730513892e+00
4.309452641938162465e+00
4.242908818963770479e+00
4.251405598398436680e+00
4.250147118305902971e+00
4.307702824717018153e+00
4.566508218994713708e+00
4.880093253458408498e+00
5.429818206255086821e+00
5.420759307350362377e+00
4.929209332345834582e+00
5.128512737920610576e+00
5.231794810828607645e+00
4.935601101944830482e+00
5.181199135358262708e+00
4.710641817208344406e+00
6.530159202922618533e+00
6.374849180865293619e+00
6.119942066178447604e+00
5.970279148106638623e+00
6.032376260141884217e+00
5.905407587230764754e+00
5.956963422086792193e+00
5.918925599102540680e+00
5.935361516466970855e+00
5.803106949890684874e+00
5.774227482355800412e+00
5.732833691635785378e+00
5.713055224931938625e+00
5.833879974470507435e+00
5.804006037061363976e+00
5.755843735716819509e+00
5.809193041836175020e+00
5.649547237507614561e+00
5.598709420618294352e+00
5.608613958628052565e+00
5.758428928855185092e+00
5.655993017045590321e+00
5.632420467495885319e+00
5.217026759217117338e+00
5.347826961260585321e+00
5.088002344670644383e+00
4.980329326155723102e+00
4.860321467555633212e+00
4.710434466962176714e+00
4.726341824779829004e+00
4.489011681761325256e+00
4.476388370703408448e+00
4.426558866485550858e+00
4.364847648166915839e+00
4.358060035108077379e+00
4.327050211900182575e+00
4.200250807424551702e+00
4.359561189330856124e+00
4.109610060964793199e+00
4.563790025975716702e+00
5.359404956169440126e+00
5.276576922765344513e+00
4.831681883194375970e+00
6.350634031645935984e+00
6.013224578407828425e+00
6.018525680005229361e+00
5.994729060781855523e+00
6.151439201462886253e+00
6.071272175872086230e+00
6.010896769177331400e+00
5.846680749758925266e+00
5.956581932871084284e+00
5.867271218080643891e+00
5.796772076783540228e+00
5.664477546389373508e+00
5.628012224693868859e+00
5.591768630492324199e+00
5.668966048407453329e+00
5.715935058193236884e+00
5.547054988028544464e+00
5.677109533052789203e+00
5.499405756213107566e+00
5.654557442640650855e+00
5.600582435397664760e+00
5.662586419090497536e+00
5.573276351831493614e+00
5.505778778132414786e+00
5.486754275834770489e+00
5.236170285308618055e+00
5.260912056811498871e+00
5.126321932904430057e+00
4.983584874195645220e+00
4.980086627109447051e+00
4.962951502432479067e+00
4.646379243669342962e+00
4.595066473770804905e+00
4.447800632139448318e+00
4.368655415274242948e+00
4.363372468042761909e+00
4.395214980470523614e+00
4.330179045310911690e+00
4.341994701913662880e+00
4.343780315460130659e+00
4.254542456655605598e+00
4.300374359805187119e+00
4.320515074217265550e+00
5.112929836002345851e+00
4.825430293261903536e+00
4.452195896912326312e+00
6.306259609793544385e+00
5.978233251346239285e+00
6.024650585843922990e+00
6.009885645119627640e+00
6.047308972106951508e+00
6.041026957520856833e+00
6.080461635605778348e+00
5.884059810518009748e+00
6.032645278861981097e+00
5.766523541741291226e+00
5.669032435326330166e+00
5.580313684783063444e+00
5.509774160284934830e+00
5.537264078800793854e+00
5.586366032349065591e+00
5.520135928703870043e+00
5.644187109477019959e+00
5.586370989754571248e+00
5.725819428809018952e+00
5.489850190171885025e+00
5.482739614937361061e+00
5.347133055934957468e+00
5.102110590216103247e+00
5.135040846884082022e+00
5.029465030217239452e+00
4.945207642804100523e+00
4.872459619634482486e+00
4.719265145844812714e+00
4.615943365736690396e+00
4.509186951966571044e+00
4.404562474050640830e+00
4.341654541301865677e+00
4.238656811569336824e+00
4.392914266106381582e+00
4.351425220570056318e+00
4.416187658009420147e+00
4.112213047162626367e+00
4.468367403418144868e+00
4.297293309990482868e+00
4.534510058413835587e+00
5.544205809927985840e+00
5.470247890416392700e+00
5.481382687326505909e+00
5.069868585387353299e+00
4.754739611197714488e+00
4.505628668014562521e+00
