4.482561847729894453e-03
-9.986048111993623549e-03
-1.479248985049800603e-02
-1.172467339213599871e-03
-7.692859967436464948e-03
1.328695964344501351e-02
1.080313563195611434e-02
1.134638577182646435e-02
5.799780141041778123e-03
1.142018608294566306e-02
7.753895906562658924e-01
1.065821085085087550e+00
1.269834533573425128e+00
1.402912417648838339e+00
1.506273368243028488e+00
1.557640970258296065e+00
1.648050961403419556e+00
1.718218882906414446e+00
1.778893225301209968e+00
1.825322393036448831e+00
1.857620984682183174e+00
1.898320253379918832e+00
1.948447225852007358e+00
1.974898303148714174e+00
2.014323515699777190e+00
2.042809653036789630e+00
2.075378311672277043e+00
2.103329779684187884e+00
2.127551483883943106e+00
2.157178448871268195e+00
2.187533907284734624e+00
2.226316432182591676e+00
2.207900270536166332e+00
2.236794533627727954e+00
2.258403439250678879e+00
1.901669148122423936e+00
1.765852857686845523e+00
1.669699414928865089e+00
1.621338701557403228e+00
1.610638272138209537e+00
1.180948780571567269e+00
9.990720028621654647e-01
8.941284261399632394e-01
8.098856702940402386e-01
7.721623736760542256e-01
7.053503085121488603e-01
6.597183429637231145e-01
6.260495996565704768e-01
5.810374690993646007e-01
5.633156716353684423e-01
5.364405569377059813e-01
5.185655783340487046e-01
4.843240098372497693e-01
4.624738149578356272e-01
4.422636209947231611e-01
4.396858901348200677e-01
4.154790040118481742e-01
4.051142890615093139e-01
3.926328042438750887e-01
3.716954794993325706e-01
3.679304165489241107e-01
3.689145368474585629e-01
3.559902811413563906e-01
3.394205588328775280e-01
3.389803533878095188e-01
3.404015965342738204e-01
2.956563431367409955e-01
3.287943314157399932e-01
2.770186276039031670e-01
2.986101128182471753e-01
2.851322287882664397e-01
2.649681707531402752e-01
2.705117377205755180e-01
2.823906885053735771e-01
2.502154161454299142e-01
2.727717175356431656e-01
2.435627176186572762e-01
2.655605654151363404e-01
2.376154162763793043e-01
2.479352546039073069e-01
2.363064101700634578e-01
2.254678593950417698e-01
2.167296468902813744e-01
2.312648834274163845e-01
2.252560377671753711e-01
2.173822183562427734e-01
2.085155991667290154e-01
2.046359415556275041e-01
2.001980264127669051e-01
2.193084525993478362e-01
1.818929268421843326e-01
1.994994474917641258e-01
2.031571704180915872e-01
1.924358010521379503e-01
1.860104160631788905e-01
1.706525787682775241e-01
1.869546933299325031e-01
1.998035619639778604e-01
1.752585430995342031e-01
1.920560732400843351e-01
