#Inset boundary
6.20385834e+05,3.45298791e+06 1*
6.20382421e+05,3.45297322e+06
6.20379008e+05,3.45295853e+06
6.20375594e+05,3.45294384e+06
6.20372181e+05,3.45292915e+06
6.20368768e+05,3.45291447e+06
6.20365355e+05,3.45289978e+06
6.20361942e+05,3.45288509e+06
6.20358528e+05,3.45287040e+06
6.20355115e+05,3.45285571e+06
6.20351702e+05,3.45284102e+06
6.20348289e+05,3.45282633e+06
6.20344876e+05,3.45281164e+06
6.20341462e+05,3.45279695e+06
6.20338049e+05,3.45278226e+06
6.20334636e+05,3.45276758e+06
6.20331223e+05,3.45275289e+06
6.20327810e+05,3.45273820e+06
6.20324396e+05,3.45272351e+06
6.20320983e+05,3.45270882e+06
6.20317570e+05,3.45269413e+06 1
6.20332146e+05,3.45269063e+06
6.20346602e+05,3.45268662e+06
6.20360990e+05,3.45268237e+06
6.20375378e+05,3.45267812e+06
6.20389767e+05,3.45267387e+06
6.20404155e+05,3.45266963e+06
6.20418544e+05,3.45266538e+06
6.20432932e+05,3.45266113e+06
6.20447321e+05,3.45265688e+06
6.20461709e+05,3.45265263e+06
6.20476167e+05,3.45264946e+06
6.20490985e+05,3.45265180e+06
6.20505792e+05,3.45265422e+06
6.20520596e+05,3.45265665e+06
6.20535397e+05,3.45265825e+06
6.20550176e+05,3.45265568e+06
6.20564101e+05,3.45265020e+06
6.20577912e+05,3.45264434e+06
6.20591726e+05,3.45263849e+06
6.20605551e+05,3.45263266e+06
6.20620368e+05,3.45263084e+06
6.20635315e+05,3.45262955e+06
6.20650261e+05,3.45262825e+06
6.20665208e+05,3.45262696e+06
6.20680155e+05,3.45262566e+06
6.20695102e+05,3.45262437e+06
6.20710048e+05,3.45262307e+06
6.20724995e+05,3.45262178e+06
6.20739511e+05,3.45261809e+06
6.20753689e+05,3.45261325e+06
6.20767648e+05,3.45260775e+06
6.20781608e+05,3.45260226e+06
6.20795568e+05,3.45259676e+06
6.20809528e+05,3.45259126e+06
6.20823487e+05,3.45258577e+06
6.20837447e+05,3.45258027e+06
6.20851407e+05,3.45257478e+06
6.20865940e+05,3.45257295e+06
6.20880866e+05,3.45257431e+06
6.20895664e+05,3.45257678e+06
6.20910463e+05,3.45257924e+06
6.20925383e+05,3.45258013e+06
6.20940283e+05,3.45257908e+06
6.20954936e+05,3.45257585e+06
6.20969588e+05,3.45257263e+06
6.20984240e+05,3.45256941e+06
6.20998893e+05,3.45256618e+06
6.21013545e+05,3.45256296e+06
6.21028388e+05,3.45256079e+06
6.21043334e+05,3.45256000e+06
6.21058337e+05,3.45256000e+06
6.21073340e+05,3.45256000e+06
6.21088342e+05,3.45256000e+06
6.21103345e+05,3.45256000e+06
6.21118348e+05,3.45256000e+06
6.21133350e+05,3.45256000e+06
6.21148346e+05,3.45255955e+06
6.21163331e+05,3.45255884e+06
6.21178309e+05,3.45255799e+06
6.21193288e+05,3.45255714e+06
6.21208266e+05,3.45255629e+06
6.21223219e+05,3.45255510e+06
6.21237938e+05,3.45255267e+06
6.21252158e+05,3.45254789e+06
6.21266379e+05,3.45254311e+06
6.21280599e+05,3.45253832e+06
6.21294820e+05,3.45253354e+06
6.21309040e+05,3.45252876e+06
6.21323261e+05,3.45252398e+06
6.21337478e+05,3.45251919e+06
6.21351616e+05,3.45251418e+06
6.21365576e+05,3.45250869e+06
6.21379535e+05,3.45250319e+06
6.21393495e+05,3.45249769e+06
6.21407455e+05,3.45249220e+06
6.21421415e+05,3.45248670e+06
6.21435374e+05,3.45248121e+06
6.21449334e+05,3.45247571e+06
6.21463207e+05,3.45247001e+06
6.21476886e+05,3.45246385e+06
6.21489082e+05,3.45245512e+06
6.21501250e+05,3.45244634e+06
6.21513418e+05,3.45243757e+06
6.21525585e+05,3.45242879e+06
6.21539345e+05,3.45242283e+06
6.21553904e+05,3.45241981e+06
6.21568807e+05,3.45241808e+06
6.21583710e+05,3.45241635e+06
6.21598613e+05,3.45241462e+06
6.21613515e+05,3.45241290e+06
6.21628418e+05,3.45241117e+06
6.21643321e+05,3.45240944e+06
6.21658224e+05,3.45240771e+06
6.21673178e+05,3.45240657e+06
6.21688164e+05,3.45240600e+06
6.21703166e+05,3.45240600e+06
6.21718169e+05,3.45240600e+06
6.21733172e+05,3.45240600e+06
6.21748174e+05,3.45240600e+06
6.21763177e+05,3.45240600e+06
6.21778180e+05,3.45240600e+06
6.21793182e+05,3.45240600e+06
6.21808185e+05,3.45240600e+06
6.21823186e+05,3.45240603e+06
6.21838145e+05,3.45240719e+06
6.21853077e+05,3.45240863e+06
6.21867998e+05,3.45241019e+06
6.21882919e+05,3.45241175e+06
6.21897840e+05,3.45241332e+06
6.21912761e+05,3.45241488e+06
6.21927465e+05,3.45241750e+06
6.21941706e+05,3.45242214e+06
6.21954624e+05,3.45242977e+06
6.21967542e+05,3.45243740e+06
6.21980460e+05,3.45244503e+06
6.21993377e+05,3.45245266e+06
6.22006295e+05,3.45246029e+06
6.22019213e+05,3.45246792e+06
6.22032131e+05,3.45247555e+06
6.22045049e+05,3.45248318e+06
6.22057967e+05,3.45249081e+06
6.22070885e+05,3.45249844e+06
6.22083433e+05,3.45250662e+06
6.22095405e+05,3.45251566e+06
6.22107148e+05,3.45252500e+06
6.22118890e+05,3.45253433e+06
6.22130633e+05,3.45254367e+06
6.22142376e+05,3.45255301e+06
6.22154118e+05,3.45256235e+06
6.22164457e+05,3.45257315e+06
6.22173354e+05,3.45258516e+06
6.22180979e+05,3.45259808e+06
6.22188604e+05,3.45261100e+06
6.22196229e+05,3.45262392e+06
6.22203854e+05,3.45263684e+06
6.22211480e+05,3.45264976e+06
6.22219105e+05,3.45266268e+06
6.22226730e+05,3.45267560e+06
6.22234059e+05,3.45268868e+06
6.22240894e+05,3.45270203e+06
6.22246832e+05,3.45271581e+06
6.22252771e+05,3.45272959e+06
6.22258709e+05,3.45274337e+06
6.22264648e+05,3.45275714e+06
6.22270586e+05,3.45277092e+06
6.22276525e+05,3.45278470e+06
6.22282363e+05,3.45279852e+06
6.22287865e+05,3.45281246e+06
6.22291504e+05,3.45282701e+06
6.22295142e+05,3.45284157e+06
6.22302982e+05,3.45285277e+06
6.22316523e+05,3.45285917e+06
6.22330756e+05,3.45286392e+06
6.22344988e+05,3.45286866e+06
6.22358411e+05,3.45287511e+06
6.22369876e+05,3.45288435e+06
6.22377860e+05,3.45289705e+06
6.22385844e+05,3.45290975e+06
6.22393828e+05,3.45292245e+06
6.22401812e+05,3.45293516e+06
6.22409796e+05,3.45294786e+06
6.22417780e+05,3.45296056e+06
6.22425950e+05,3.45297314e+06
6.22434664e+05,3.45298532e+06
6.22444552e+05,3.45299660e+06
6.22454440e+05,3.45300789e+06
6.22464329e+05,3.45301917e+06
6.22474217e+05,3.45303045e+06
6.22484105e+05,3.45304174e+06
6.22493993e+05,3.45305302e+06
6.22504399e+05,3.45306381e+06
6.22515786e+05,3.45307343e+06
6.22528825e+05,3.45308085e+06
6.22541865e+05,3.45308827e+06
6.22554905e+05,3.45309569e+06
6.22567945e+05,3.45310311e+06
6.22580984e+05,3.45311053e+06
6.22594024e+05,3.45311794e+06
6.22607064e+05,3.45312536e+06
6.22619659e+05,3.45313342e+06
6.22631094e+05,3.45314313e+06
6.22641100e+05,3.45315430e+06
6.22651048e+05,3.45316553e+06
6.22660997e+05,3.45317676e+06
6.22670945e+05,3.45318799e+06
6.22680894e+05,3.45319922e+06
6.22690842e+05,3.45321045e+06
6.22700791e+05,3.45322168e+06
6.22710739e+05,3.45323291e+06
6.22720688e+05,3.45324414e+06
6.22730636e+05,3.45325537e+06
6.22740585e+05,3.45326660e+06
6.22750533e+05,3.45327783e+06
6.22763568e+05,3.45328519e+06
6.22777553e+05,3.45329042e+06
6.22791931e+05,3.45329470e+06
6.22806309e+05,3.45329899e+06
6.22820688e+05,3.45330327e+06
6.22835066e+05,3.45330755e+06
6.22847429e+05,3.45330608e+06
6.22855998e+05,3.45329377e+06
6.22866367e+05,3.45329091e+06
6.22878850e+05,3.45329923e+06
6.22891333e+05,3.45330756e+06
6.22903816e+05,3.45331588e+06
6.22916299e+05,3.45332420e+06
6.22928782e+05,3.45333252e+06
6.22941265e+05,3.45334084e+06
6.22953748e+05,3.45334917e+06
6.22966231e+05,3.45335749e+06
6.22978836e+05,3.45336560e+06
6.22992283e+05,3.45337225e+06
6.23006712e+05,3.45337610e+06
6.23021367e+05,3.45337932e+06
6.23036021e+05,3.45338253e+06
6.23050675e+05,3.45338575e+06
6.23065329e+05,3.45338896e+06
6.23079984e+05,3.45339218e+06
6.23094638e+05,3.45339539e+06
6.23109292e+05,3.45339861e+06
6.23123946e+05,3.45340182e+06
6.23138582e+05,3.45340512e+06
6.23153187e+05,3.45340855e+06
6.23167742e+05,3.45341219e+06
6.23182297e+05,3.45341582e+06
6.23196851e+05,3.45341946e+06
6.23211406e+05,3.45342310e+06
6.23225961e+05,3.45342674e+06
6.23240662e+05,3.45342509e+06
6.23255299e+05,3.45342183e+06
6.23269841e+05,3.45341814e+06
6.23284383e+05,3.45341446e+06
6.23298518e+05,3.45340946e+06
6.23312091e+05,3.45340317e+06
6.23325206e+05,3.45339589e+06
6.23338320e+05,3.45338860e+06
6.23351435e+05,3.45338131e+06
6.23364550e+05,3.45337403e+06
6.23377664e+05,3.45336674e+06
6.23390779e+05,3.45335946e+06
6.23403323e+05,3.45335124e+06
6.23415645e+05,3.45334268e+06
6.23427853e+05,3.45333396e+06
6.23440061e+05,3.45332524e+06
6.23452269e+05,3.45331652e+06
6.23464442e+05,3.45330775e+06
6.23476060e+05,3.45329839e+06
6.23485363e+05,3.45328662e+06
6.23494667e+05,3.45327486e+06
6.23503970e+05,3.45326309e+06
6.23513274e+05,3.45325132e+06
6.23522578e+05,3.45323955e+06
6.23531881e+05,3.45322778e+06
6.23541185e+05,3.45321601e+06
6.23550647e+05,3.45320437e+06
6.23560802e+05,3.45319333e+06
6.23572263e+05,3.45318368e+06
6.23583937e+05,3.45317426e+06
6.23595611e+05,3.45316483e+06
6.23607284e+05,3.45315541e+06
6.23618958e+05,3.45314599e+06
6.23630633e+05,3.45313656e+06
6.23642516e+05,3.45312743e+06
6.23655250e+05,3.45311950e+06
6.23667984e+05,3.45311157e+06
6.23680718e+05,3.45310363e+06
6.23693269e+05,3.45309544e+06
6.23705069e+05,3.45308618e+06
6.23715474e+05,3.45307540e+06
6.23725678e+05,3.45306440e+06
6.23735881e+05,3.45305340e+06
6.23746085e+05,3.45304240e+06
6.23756288e+05,3.45303140e+06
6.23766492e+05,3.45302040e+06
6.23776713e+05,3.45300942e+06
6.23787000e+05,3.45299850e+06
6.23797311e+05,3.45298760e+06
6.23807626e+05,3.45297671e+06
6.23817940e+05,3.45296582e+06
6.23828255e+05,3.45295492e+06
6.23838570e+05,3.45294403e+06
6.23848885e+05,3.45293313e+06
6.23859127e+05,3.45292217e+06
6.23869092e+05,3.45291096e+06
6.23878212e+05,3.45289905e+06
6.23887213e+05,3.45288705e+06
6.23896583e+05,3.45287537e+06
6.23907320e+05,3.45286489e+06
6.23919261e+05,3.45285583e+06
6.23931347e+05,3.45284694e+06
6.23943432e+05,3.45283805e+06
6.23955518e+05,3.45282916e+06
6.23967603e+05,3.45282028e+06
6.23979689e+05,3.45281139e+06
6.23991774e+05,3.45280250e+06
6.24003860e+05,3.45279361e+06
6.24015970e+05,3.45278475e+06
6.24028939e+05,3.45277736e+06
6.24042576e+05,3.45277110e+06
6.24056213e+05,3.45276485e+06
6.24069849e+05,3.45275860e+06
6.24083486e+05,3.45275234e+06
6.24097123e+05,3.45274609e+06
6.24110760e+05,3.45273983e+06
6.24124397e+05,3.45273358e+06
6.24138033e+05,3.45272732e+06
6.24151878e+05,3.45272166e+06
6.24166418e+05,3.45271796e+06
6.24181178e+05,3.45271529e+06
6.24195960e+05,3.45271273e+06
6.24210743e+05,3.45271017e+06
6.24225525e+05,3.45270761e+06
6.24240308e+05,3.45270505e+06
6.24255090e+05,3.45270249e+06
6.24269823e+05,3.45269969e+06
6.24284400e+05,3.45269614e+06
6.24298077e+05,3.45269003e+06
6.24311672e+05,3.45268369e+06
6.24325268e+05,3.45267734e+06
6.24338863e+05,3.45267100e+06
6.24352458e+05,3.45266465e+06
6.24366053e+05,3.45265831e+06
6.24379784e+05,3.45265230e+06
6.24393922e+05,3.45264727e+06
6.24408494e+05,3.45264374e+06
6.24423102e+05,3.45264032e+06
6.24437710e+05,3.45263690e+06
6.24452318e+05,3.45263348e+06
6.24466926e+05,3.45263006e+06
6.24481208e+05,3.45262556e+06
6.24495153e+05,3.45262005e+06
6.24508790e+05,3.45261380e+06
6.24522427e+05,3.45260754e+06
6.24536063e+05,3.45260129e+06
6.24549700e+05,3.45259503e+06
6.24563337e+05,3.45258878e+06
6.24576974e+05,3.45258252e+06
6.24590611e+05,3.45257627e+06
6.24604325e+05,3.45257020e+06
6.24618252e+05,3.45256462e+06
6.24632657e+05,3.45256044e+06
6.24647093e+05,3.45255636e+06
6.24661529e+05,3.45255227e+06
6.24675966e+05,3.45254819e+06
6.24690402e+05,3.45254411e+06
6.24704751e+05,3.45253974e+06
6.24718796e+05,3.45253457e+06
6.24732187e+05,3.45252780e+06
6.24745579e+05,3.45252104e+06
6.24758971e+05,3.45251428e+06
6.24772362e+05,3.45250751e+06
6.24785754e+05,3.45250075e+06
6.24799145e+05,3.45249399e+06
6.24812564e+05,3.45248728e+06
6.24826008e+05,3.45248062e+06
6.24839471e+05,3.45247400e+06
6.24852933e+05,3.45246738e+06
6.24866396e+05,3.45246076e+06
6.24879859e+05,3.45245414e+06
6.24893321e+05,3.45244751e+06
6.24906784e+05,3.45244089e+06
6.24920247e+05,3.45243427e+06
6.24933268e+05,3.45242694e+06
6.24945146e+05,3.45241778e+06
6.24956661e+05,3.45240816e+06
6.24968158e+05,3.45239852e+06
6.24979655e+05,3.45238889e+06
6.24991152e+05,3.45237925e+06
6.25002648e+05,3.45236961e+06
6.25014145e+05,3.45235997e+06
6.25025492e+05,3.45235016e+06
6.25036461e+05,3.45233993e+06
6.25046511e+05,3.45232879e+06
6.25056518e+05,3.45231761e+06
6.25066525e+05,3.45230643e+06
6.25076532e+05,3.45229526e+06
6.25086539e+05,3.45228408e+06
6.25096545e+05,3.45227290e+06
6.25106552e+05,3.45226172e+06
6.25116559e+05,3.45225055e+06
6.25126613e+05,3.45223941e+06
6.25136734e+05,3.45222834e+06
6.25146894e+05,3.45221730e+06
6.25157053e+05,3.45220626e+06
6.25167212e+05,3.45219522e+06
6.25177372e+05,3.45218418e+06
6.25187531e+05,3.45217314e+06
6.25197690e+05,3.45216210e+06
6.25207850e+05,3.45215106e+06
6.25218009e+05,3.45214002e+06
6.25228169e+05,3.45212898e+06
6.25238328e+05,3.45211794e+06
6.25248487e+05,3.45210690e+06
6.25257450e+05,3.45209493e+06
6.25265662e+05,3.45208237e+06
6.25273795e+05,3.45206977e+06
6.25281929e+05,3.45205716e+06
6.25290062e+05,3.45204455e+06
6.25298195e+05,3.45203195e+06
6.25306329e+05,3.45201934e+06
6.25314462e+05,3.45200673e+06
6.25322595e+05,3.45199413e+06
6.25330729e+05,3.45198152e+06
6.25338862e+05,3.45196891e+06
6.25346995e+05,3.45195631e+06
6.25354280e+05,3.45194321e+06
6.25360904e+05,3.45192975e+06
6.25367155e+05,3.45191612e+06
6.25373406e+05,3.45190248e+06
6.25379657e+05,3.45188884e+06
6.25385908e+05,3.45187520e+06
6.25392159e+05,3.45186156e+06
6.25398410e+05,3.45184792e+06
6.25404661e+05,3.45183429e+06
6.25410911e+05,3.45182065e+06
6.25417162e+05,3.45180701e+06
6.25423770e+05,3.45179354e+06
6.25430447e+05,3.45178011e+06
6.25437157e+05,3.45176669e+06
6.25443866e+05,3.45175327e+06
6.25450575e+05,3.45173985e+06
6.25457285e+05,3.45172643e+06
6.25463994e+05,3.45171301e+06
6.25470704e+05,3.45169959e+06
6.25477413e+05,3.45168617e+06
6.25484224e+05,3.45167281e+06
6.25491157e+05,3.45165950e+06
6.25498239e+05,3.45164628e+06
6.25505321e+05,3.45163305e+06
6.25512403e+05,3.45161983e+06
6.25519486e+05,3.45160660e+06
6.25526568e+05,3.45159337e+06
6.25533650e+05,3.45158015e+06
6.25540732e+05,3.45156692e+06
6.25547814e+05,3.45155370e+06
6.25554897e+05,3.45154047e+06
6.25561979e+05,3.45152724e+06
6.25568648e+05,3.45151381e+06
6.25574965e+05,3.45150020e+06
6.25581018e+05,3.45148648e+06
6.25587071e+05,3.45147275e+06
6.25593124e+05,3.45145902e+06
6.25599177e+05,3.45144529e+06
6.25605230e+05,3.45143157e+06
6.25611283e+05,3.45141784e+06
6.25617336e+05,3.45140411e+06
6.25623980e+05,3.45139070e+06
6.25631962e+05,3.45137800e+06
6.25640722e+05,3.45136582e+06
6.25649499e+05,3.45135365e+06
6.25658276e+05,3.45134148e+06
6.25667052e+05,3.45132931e+06
6.25677514e+05,3.45131856e+06
6.25688083e+05,3.45130792e+06
6.25698691e+05,3.45129731e+06
6.25709300e+05,3.45128670e+06
6.25719908e+05,3.45127609e+06
6.25730517e+05,3.45126548e+06
6.25739147e+05,3.45125369e+06
6.25743465e+05,3.45123932e+06
6.25746517e+05,3.45122464e+06
6.25749570e+05,3.45120995e+06
6.25752622e+05,3.45119526e+06
6.25755712e+05,3.45118058e+06
6.25761873e+05,3.45116690e+06
6.25768232e+05,3.45115331e+06
6.25774682e+05,3.45113977e+06
6.25781132e+05,3.45112622e+06
6.25787582e+05,3.45111268e+06
6.25794032e+05,3.45109913e+06
6.25800362e+05,3.45108553e+06
6.25806396e+05,3.45107181e+06
6.25809063e+05,3.45105704e+06
6.25811730e+05,3.45104228e+06
6.25814397e+05,3.45102751e+06
6.25817064e+05,3.45101275e+06
6.25819731e+05,3.45099799e+06
6.25822398e+05,3.45098322e+06
6.25825065e+05,3.45096846e+06
6.25827732e+05,3.45095370e+06
6.25830399e+05,3.45093893e+06
6.25832665e+05,3.45092410e+06
6.25834000e+05,3.45090919e+06
6.25834000e+05,3.45089419e+06
6.25834000e+05,3.45087919e+06
6.25834000e+05,3.45086419e+06
6.25834000e+05,3.45084918e+06
6.25834000e+05,3.45083418e+06
6.25834000e+05,3.45081918e+06
6.25834000e+05,3.45080418e+06
6.25834000e+05,3.45078917e+06
6.25834000e+05,3.45077417e+06
6.25834000e+05,3.45075917e+06
6.25829835e+05,3.45074503e+06
6.25823778e+05,3.45073131e+06
6.25817617e+05,3.45071763e+06
6.25811455e+05,3.45070395e+06
6.25805293e+05,3.45069027e+06
6.25799132e+05,3.45067659e+06
6.25792970e+05,3.45066291e+06
6.25786808e+05,3.45064923e+06
6.25779586e+05,3.45063611e+06
6.25771838e+05,3.45062326e+06
6.25763968e+05,3.45061049e+06
6.25756098e+05,3.45059772e+06
6.25748228e+05,3.45058494e+06
6.25740358e+05,3.45057217e+06
6.25732487e+05,3.45055940e+06
6.25724589e+05,3.45054664e+06
6.25716434e+05,3.45053405e+06
6.25708170e+05,3.45052153e+06
6.25699906e+05,3.45050901e+06
6.25691642e+05,3.45049649e+06
6.25683378e+05,3.45048397e+06
6.25675114e+05,3.45047144e+06
6.25666840e+05,3.45045893e+06
6.25658310e+05,3.45044659e+06
6.25647790e+05,3.45043603e+06
6.25636444e+05,3.45042622e+06
6.25625098e+05,3.45041640e+06
6.25613752e+05,3.45040658e+06
6.25602407e+05,3.45039677e+06
6.25591061e+05,3.45038695e+06
6.25579723e+05,3.45037713e+06
6.25568568e+05,3.45036709e+06
6.25558002e+05,3.45035646e+06
6.25547679e+05,3.45034557e+06
6.25537356e+05,3.45033468e+06
6.25527033e+05,3.45032380e+06
6.25516710e+05,3.45031291e+06
6.25506386e+05,3.45030203e+06
6.25496063e+05,3.45029114e+06
6.25485740e+05,3.45028025e+06
6.25475417e+05,3.45026937e+06
6.25465072e+05,3.45025850e+06
6.25454680e+05,3.45024768e+06
6.25444072e+05,3.45023707e+06
6.25433463e+05,3.45022646e+06
6.25423379e+05,3.45021539e+06
6.25414269e+05,3.45020348e+06
6.25406983e+05,3.45019037e+06
6.25399697e+05,3.45017725e+06
6.25392411e+05,3.45016414e+06
6.25385125e+05,3.45015103e+06
6.25377839e+05,3.45013791e+06
6.25370553e+05,3.45012480e+06
6.25364438e+05,3.45011119e+06
6.25360194e+05,3.45009680e+06
6.25356763e+05,3.45008219e+06
6.25353331e+05,3.45006759e+06
6.25349900e+05,3.45005298e+06
6.25346469e+05,3.45003838e+06
6.25343037e+05,3.45002377e+06
6.25339606e+05,3.45000917e+06
6.25336175e+05,3.44999456e+06
6.25332743e+05,3.44997996e+06
6.25329312e+05,3.44996535e+06
6.25326022e+05,3.44995072e+06
6.25323011e+05,3.44993602e+06
6.25320336e+05,3.44992126e+06
6.25317661e+05,3.44990650e+06
6.25314986e+05,3.44989174e+06
6.25312311e+05,3.44987697e+06
6.25309636e+05,3.44986221e+06
6.25306961e+05,3.44984745e+06
6.25304286e+05,3.44983269e+06
6.25301610e+05,3.44981792e+06
6.25299167e+05,3.44980315e+06
6.25299725e+05,3.44978815e+06
6.25301402e+05,3.44977326e+06
6.25303446e+05,3.44975840e+06
6.25305489e+05,3.44974353e+06
6.25307533e+05,3.44972867e+06
6.25309576e+05,3.44971381e+06
6.25311620e+05,3.44969894e+06
6.25313664e+05,3.44968408e+06
6.25315707e+05,3.44966922e+06
6.25317751e+05,3.44965436e+06
6.25319616e+05,3.44963947e+06
6.25321212e+05,3.44962455e+06
6.25322560e+05,3.44960961e+06
6.25323907e+05,3.44959467e+06
6.25325254e+05,3.44957973e+06
6.25326601e+05,3.44956479e+06
6.25327949e+05,3.44954984e+06
6.25329296e+05,3.44953490e+06
6.25330786e+05,3.44951997e+06
6.25332503e+05,3.44950507e+06
6.25334546e+05,3.44949021e+06
6.25336590e+05,3.44947534e+06
6.25338634e+05,3.44946048e+06
6.25340677e+05,3.44944562e+06
6.25342721e+05,3.44943076e+06
6.25344765e+05,3.44941589e+06
6.25346808e+05,3.44940103e+06
6.25348852e+05,3.44938617e+06
6.25350896e+05,3.44937130e+06
6.25353904e+05,3.44935662e+06
6.25357995e+05,3.44934221e+06
6.25363106e+05,3.44932811e+06
6.25368217e+05,3.44931400e+06
6.25373327e+05,3.44929990e+06 1
6.25388709e+05,3.44930082e+06
6.25404091e+05,3.44930175e+06
6.25419473e+05,3.44930267e+06
6.25434855e+05,3.44930360e+06
6.25450236e+05,3.44930452e+06
6.25465618e+05,3.44930544e+06
6.25481000e+05,3.44930637e+06
6.25496382e+05,3.44930729e+06
6.25511764e+05,3.44930822e+06
6.25527146e+05,3.44930914e+06
6.25542528e+05,3.44931007e+06
6.25557910e+05,3.44931099e+06
6.25573291e+05,3.44931191e+06
6.25588673e+05,3.44931284e+06
6.25604055e+05,3.44931376e+06
6.25619437e+05,3.44931469e+06
6.25634819e+05,3.44931561e+06 1
6.25630544e+05,3.44932999e+06
6.25626269e+05,3.44934437e+06
6.25621995e+05,3.44935875e+06
6.25617720e+05,3.44937312e+06
6.25614033e+05,3.44938766e+06
6.25611044e+05,3.44940235e+06
6.25608869e+05,3.44941719e+06
6.25606694e+05,3.44943203e+06
6.25604518e+05,3.44944687e+06
6.25602343e+05,3.44946172e+06
6.25600168e+05,3.44947656e+06
6.25597993e+05,3.44949140e+06
6.25596127e+05,3.44950628e+06
6.25594539e+05,3.44952120e+06
6.25593192e+05,3.44953614e+06
6.25591845e+05,3.44955108e+06
6.25590498e+05,3.44956602e+06
6.25589151e+05,3.44958096e+06
6.25587804e+05,3.44959590e+06
6.25586457e+05,3.44961084e+06
6.25585505e+05,3.44962581e+06
6.25585000e+05,3.44964080e+06
6.25585000e+05,3.44965580e+06
6.25585000e+05,3.44967080e+06
6.25585000e+05,3.44968580e+06
6.25585000e+05,3.44970080e+06
6.25585000e+05,3.44971580e+06
6.25585000e+05,3.44973080e+06
6.25585000e+05,3.44974580e+06
6.25585000e+05,3.44976081e+06
6.25585000e+05,3.44977581e+06
6.25585000e+05,3.44979081e+06
6.25585000e+05,3.44980581e+06
6.25585000e+05,3.44982081e+06
6.25585000e+05,3.44983581e+06
6.25585000e+05,3.44985081e+06
6.25585454e+05,3.44986580e+06
6.25586663e+05,3.44988074e+06
6.25588960e+05,3.44989556e+06
6.25591257e+05,3.44991038e+06
6.25593553e+05,3.44992521e+06
6.25597444e+05,3.44993948e+06
6.25604776e+05,3.44995257e+06
6.25613842e+05,3.44996452e+06
6.25622908e+05,3.44997647e+06
6.25631975e+05,3.44998842e+06
6.25641041e+05,3.45000037e+06
6.25650108e+05,3.45001232e+06
6.25659174e+05,3.45002427e+06
6.25668240e+05,3.45003623e+06
6.25677311e+05,3.45004817e+06
6.25686619e+05,3.45005994e+06
6.25696142e+05,3.45007153e+06
6.25705762e+05,3.45008304e+06
6.25715382e+05,3.45009455e+06
6.25725002e+05,3.45010606e+06
6.25734669e+05,3.45011753e+06
6.25744682e+05,3.45012868e+06
6.25755289e+05,3.45013929e+06
6.25765896e+05,3.45014990e+06
6.25776504e+05,3.45016050e+06
6.25787111e+05,3.45017111e+06
6.25797718e+05,3.45018172e+06
6.25808325e+05,3.45019233e+06
6.25818933e+05,3.45020293e+06
6.25829540e+05,3.45021354e+06
6.25840138e+05,3.45022416e+06
6.25850255e+05,3.45023523e+06
6.25860179e+05,3.45024648e+06
6.25870080e+05,3.45025775e+06
6.25880127e+05,3.45026889e+06
6.25891353e+05,3.45027884e+06
6.25902579e+05,3.45028879e+06
6.25913855e+05,3.45029868e+06
6.25925235e+05,3.45030845e+06
6.25937192e+05,3.45031751e+06
6.25949149e+05,3.45032657e+06
6.25961106e+05,3.45033563e+06
6.25973056e+05,3.45034469e+06
6.25984662e+05,3.45035420e+06
6.25988000e+05,3.45036762e+06
6.25988000e+05,3.45038262e+06
6.25988134e+05,3.45039761e+06
6.25991069e+05,3.45041232e+06
6.25999036e+05,3.45042467e+06
6.26008458e+05,3.45043634e+06
6.26017881e+05,3.45044802e+06
6.26027303e+05,3.45045969e+06
6.26036725e+05,3.45047136e+06
6.26046148e+05,3.45048303e+06
6.26055520e+05,3.45049475e+06
6.26064479e+05,3.45050678e+06
6.26073425e+05,3.45051882e+06
6.26082367e+05,3.45053086e+06
6.26091310e+05,3.45054291e+06
6.26100252e+05,3.45055495e+06
6.26105714e+05,3.45056876e+06
6.26109798e+05,3.45058319e+06
6.26113259e+05,3.45059778e+06
6.26115447e+05,3.45061262e+06
6.26116812e+05,3.45062755e+06
6.26117962e+05,3.45064251e+06
6.26119113e+05,3.45065747e+06
6.26120263e+05,3.45067242e+06
6.26125111e+05,3.45068649e+06
6.26131924e+05,3.45069980e+06
6.26139761e+05,3.45071259e+06
6.26147557e+05,3.45072541e+06
6.26154946e+05,3.45073846e+06
6.26162249e+05,3.45075156e+06
6.26169552e+05,3.45076467e+06
6.26176856e+05,3.45077777e+06
6.26179733e+05,3.45079234e+06
6.26179633e+05,3.45080722e+06
6.26177890e+05,3.45082212e+06
6.26176146e+05,3.45083702e+06
6.26174403e+05,3.45085192e+06
6.26172659e+05,3.45086682e+06
6.26169659e+05,3.45088131e+06
6.26162229e+05,3.45089434e+06
6.26154125e+05,3.45090696e+06
6.26145950e+05,3.45091954e+06
6.26137934e+05,3.45093221e+06
6.26130434e+05,3.45094520e+06
6.26124491e+05,3.45095897e+06
6.26118707e+05,3.45097281e+06
6.26112923e+05,3.45098665e+06
6.26107138e+05,3.45100049e+06
6.26104087e+05,3.45101515e+06
6.26102245e+05,3.45103002e+06
6.26101053e+05,3.45104497e+06
6.26099861e+05,3.45105992e+06
6.26098669e+05,3.45107488e+06
6.26097477e+05,3.45108983e+06
6.26096285e+05,3.45110478e+06
6.26095093e+05,3.45111974e+06
6.26093901e+05,3.45113469e+06
6.26090654e+05,3.45114923e+06
6.26085664e+05,3.45116337e+06
6.26079827e+05,3.45117719e+06
6.26073990e+05,3.45119100e+06
6.26068152e+05,3.45120482e+06
6.26062315e+05,3.45121864e+06
6.26056478e+05,3.45123246e+06
6.26050641e+05,3.45124628e+06
6.26044815e+05,3.45126010e+06
6.26039004e+05,3.45127393e+06
6.26033209e+05,3.45128777e+06
6.26027415e+05,3.45130161e+06
6.26021621e+05,3.45131544e+06
6.26015827e+05,3.45132928e+06
6.26010033e+05,3.45134312e+06
6.26004239e+05,3.45135695e+06
6.25998445e+05,3.45137079e+06
6.25992650e+05,3.45138463e+06
6.25986856e+05,3.45139846e+06
6.25981062e+05,3.45141230e+06
6.25975026e+05,3.45142603e+06
6.25968800e+05,3.45143968e+06
6.25962488e+05,3.45145329e+06
6.25956175e+05,3.45146689e+06
6.25949863e+05,3.45148050e+06
6.25943551e+05,3.45149411e+06
6.25937239e+05,3.45150772e+06
6.25930926e+05,3.45152133e+06
6.25924614e+05,3.45153494e+06
6.25918302e+05,3.45154854e+06
6.25911990e+05,3.45156215e+06
6.25905677e+05,3.45157576e+06
6.25898395e+05,3.45158884e+06
6.25890220e+05,3.45160141e+06
6.25881382e+05,3.45161353e+06
6.25872544e+05,3.45162565e+06
6.25863706e+05,3.45163778e+06
6.25854868e+05,3.45164990e+06
6.25846029e+05,3.45166202e+06
6.25837191e+05,3.45167414e+06
6.25828353e+05,3.45168626e+06
6.25819515e+05,3.45169838e+06
6.25810677e+05,3.45171050e+06
6.25801839e+05,3.45172262e+06
6.25794032e+05,3.45173539e+06
6.25787089e+05,3.45174869e+06
6.25780662e+05,3.45176224e+06
6.25774235e+05,3.45177579e+06
6.25767809e+05,3.45178935e+06
6.25761382e+05,3.45180290e+06
6.25754955e+05,3.45181646e+06
6.25748528e+05,3.45183001e+06
6.25742141e+05,3.45184359e+06
6.25735822e+05,3.45185719e+06
6.25729615e+05,3.45187085e+06
6.25723407e+05,3.45188450e+06
6.25717200e+05,3.45189816e+06
6.25710993e+05,3.45191182e+06
6.25704785e+05,3.45192547e+06
6.25698578e+05,3.45193913e+06
6.25690418e+05,3.45195158e+06
6.25680894e+05,3.45196317e+06
6.25671033e+05,3.45197447e+06
6.25661171e+05,3.45198578e+06
6.25651310e+05,3.45199708e+06
6.25641449e+05,3.45200839e+06
6.25631588e+05,3.45201969e+06
6.25621727e+05,3.45203100e+06
6.25612388e+05,3.45204272e+06
6.25603523e+05,3.45205482e+06
6.25595039e+05,3.45206719e+06
6.25586556e+05,3.45207956e+06
6.25578072e+05,3.45209194e+06
6.25569589e+05,3.45210431e+06
6.25561105e+05,3.45211668e+06
6.25552622e+05,3.45212905e+06
6.25544104e+05,3.45214140e+06
6.25535517e+05,3.45215370e+06
6.25526816e+05,3.45216592e+06
6.25518114e+05,3.45217814e+06
6.25509413e+05,3.45219036e+06
6.25500711e+05,3.45220258e+06
6.25492009e+05,3.45221480e+06
6.25483308e+05,3.45222701e+06
6.25474606e+05,3.45223923e+06
6.25465905e+05,3.45225145e+06
6.25457203e+05,3.45226367e+06
6.25448254e+05,3.45227571e+06
6.25438449e+05,3.45228703e+06
6.25428135e+05,3.45229792e+06
6.25417821e+05,3.45230882e+06
6.25407508e+05,3.45231971e+06
6.25397194e+05,3.45233060e+06
6.25386881e+05,3.45234150e+06
6.25376567e+05,3.45235239e+06
6.25366253e+05,3.45236328e+06
6.25355704e+05,3.45237394e+06
6.25344963e+05,3.45238442e+06
6.25334100e+05,3.45239476e+06
6.25323238e+05,3.45240511e+06
6.25312375e+05,3.45241545e+06
6.25301512e+05,3.45242580e+06
6.25290650e+05,3.45243614e+06
6.25279787e+05,3.45244649e+06
6.25268924e+05,3.45245683e+06
6.25258059e+05,3.45246718e+06
6.25247190e+05,3.45247752e+06
6.25236312e+05,3.45248785e+06
6.25225433e+05,3.45249817e+06
6.25214555e+05,3.45250850e+06
6.25203677e+05,3.45251883e+06
6.25192798e+05,3.45252916e+06
6.25181920e+05,3.45253949e+06
6.25171041e+05,3.45254982e+06
6.25160163e+05,3.45256015e+06
6.25148951e+05,3.45257011e+06
6.25137587e+05,3.45257991e+06
6.25126142e+05,3.45258960e+06
6.25114696e+05,3.45259930e+06
6.25103251e+05,3.45260900e+06
6.25091805e+05,3.45261869e+06
6.25080300e+05,3.45262832e+06
6.25068651e+05,3.45263777e+06
6.25056977e+05,3.45264719e+06
6.25045302e+05,3.45265661e+06
6.25033627e+05,3.45266603e+06
6.25021953e+05,3.45267545e+06
6.25010278e+05,3.45268487e+06
6.24998155e+05,3.45269368e+06
6.24985221e+05,3.45270106e+06
6.24971056e+05,3.45270600e+06
6.24956892e+05,3.45271094e+06
6.24942728e+05,3.45271588e+06
6.24928564e+05,3.45272082e+06
6.24914399e+05,3.45272576e+06
6.24900235e+05,3.45273070e+06
6.24886071e+05,3.45273564e+06
6.24871906e+05,3.45274058e+06
6.24857742e+05,3.45274552e+06
6.24843578e+05,3.45275046e+06
6.24829413e+05,3.45275540e+06
6.24815249e+05,3.45276034e+06
6.24801085e+05,3.45276528e+06
6.24786920e+05,3.45277022e+06
6.24772756e+05,3.45277516e+06
6.24758643e+05,3.45278023e+06
6.24744644e+05,3.45278563e+06
6.24730746e+05,3.45279127e+06
6.24716851e+05,3.45279692e+06
6.24702956e+05,3.45280258e+06
6.24689061e+05,3.45280823e+06
6.24675165e+05,3.45281388e+06
6.24661270e+05,3.45281953e+06
6.24647375e+05,3.45282519e+06
6.24633479e+05,3.45283084e+06
6.24619584e+05,3.45283649e+06
6.24605689e+05,3.45284214e+06
6.24591799e+05,3.45284781e+06
6.24577922e+05,3.45285351e+06
6.24564260e+05,3.45285970e+06
6.24550603e+05,3.45286591e+06
6.24536947e+05,3.45287212e+06
6.24523291e+05,3.45287832e+06
6.24509634e+05,3.45288453e+06
6.24495978e+05,3.45289074e+06
6.24482322e+05,3.45289694e+06
6.24468665e+05,3.45290315e+06
6.24455019e+05,3.45290938e+06
6.24441381e+05,3.45291563e+06
6.24427747e+05,3.45292189e+06
6.24414114e+05,3.45292814e+06
6.24400481e+05,3.45293440e+06
6.24386847e+05,3.45294066e+06
6.24373214e+05,3.45294692e+06
6.24359581e+05,3.45295318e+06
6.24345948e+05,3.45295943e+06
6.24331928e+05,3.45296471e+06
6.24317632e+05,3.45296925e+06
6.24303209e+05,3.45297337e+06
6.24288785e+05,3.45297749e+06
6.24274361e+05,3.45298161e+06
6.24259937e+05,3.45298573e+06
6.24245514e+05,3.45298985e+06
6.24231090e+05,3.45299397e+06
6.24216666e+05,3.45299810e+06
6.24202242e+05,3.45300222e+06
6.24187819e+05,3.45300634e+06
6.24174564e+05,3.45301335e+06
6.24161758e+05,3.45302114e+06
6.24149175e+05,3.45302930e+06
6.24136591e+05,3.45303747e+06
6.24124008e+05,3.45304563e+06
6.24111424e+05,3.45305380e+06
6.24098916e+05,3.45306208e+06
6.24086568e+05,3.45307060e+06
6.24076412e+05,3.45308163e+06
6.24066271e+05,3.45309269e+06
6.24056131e+05,3.45310374e+06
6.24045990e+05,3.45311479e+06
6.24035849e+05,3.45312585e+06
6.24025709e+05,3.45313690e+06
6.24015568e+05,3.45314796e+06
6.24005427e+05,3.45315901e+06
6.23995287e+05,3.45317007e+06
6.23985146e+05,3.45318112e+06
6.23974987e+05,3.45319216e+06
6.23964791e+05,3.45320316e+06
6.23954589e+05,3.45321416e+06
6.23944386e+05,3.45322515e+06
6.23934184e+05,3.45323615e+06
6.23923982e+05,3.45324715e+06
6.23913779e+05,3.45325815e+06
6.23903675e+05,3.45326923e+06
6.23893776e+05,3.45328050e+06
6.23884197e+05,3.45329204e+06
6.23874618e+05,3.45330359e+06
6.23865038e+05,3.45331513e+06
6.23855459e+05,3.45332668e+06
6.23845880e+05,3.45333822e+06
6.23836301e+05,3.45334977e+06
6.23826675e+05,3.45336127e+06
6.23816881e+05,3.45337263e+06
6.23806791e+05,3.45338373e+06
6.23796700e+05,3.45339483e+06
6.23786609e+05,3.45340593e+06
6.23776519e+05,3.45341703e+06
6.23766428e+05,3.45342813e+06
6.23755620e+05,3.45343853e+06
6.23744591e+05,3.45344870e+06
6.23733450e+05,3.45345874e+06
6.23722309e+05,3.45346879e+06
6.23711168e+05,3.45347883e+06
6.23698950e+05,3.45348744e+06
6.23685852e+05,3.45349469e+06
6.23672129e+05,3.45350075e+06
6.23658407e+05,3.45350681e+06
6.23644684e+05,3.45351287e+06
6.23631121e+05,3.45351926e+06
6.23617878e+05,3.45352630e+06
6.23605601e+05,3.45353492e+06
6.23593324e+05,3.45354354e+06
6.23581047e+05,3.45355216e+06
6.23568771e+05,3.45356078e+06
6.23556494e+05,3.45356940e+06
6.23544217e+05,3.45357802e+06
6.23531500e+05,3.45358589e+06
6.23517953e+05,3.45359232e+06
6.23503834e+05,3.45359739e+06
6.23489716e+05,3.45360246e+06
6.23475597e+05,3.45360753e+06
6.23461454e+05,3.45361249e+06
6.23446498e+05,3.45361365e+06
6.23431687e+05,3.45361194e+06
6.23416985e+05,3.45361184e+06
6.23402364e+05,3.45361520e+06
6.23387744e+05,3.45361855e+06
6.23373123e+05,3.45362191e+06
6.23358502e+05,3.45362526e+06
6.23343881e+05,3.45362862e+06
6.23329260e+05,3.45363197e+06
6.23314640e+05,3.45363533e+06
6.23301177e+05,3.45364114e+06
6.23289371e+05,3.45365039e+06
6.23278272e+05,3.45366048e+06
6.23267172e+05,3.45367057e+06
6.23256072e+05,3.45368066e+06
6.23244623e+05,3.45369017e+06
6.23230511e+05,3.45369526e+06
6.23216400e+05,3.45369057e+06
6.23202289e+05,3.45368548e+06
6.23188150e+05,3.45368047e+06
6.23173947e+05,3.45367564e+06
6.23159278e+05,3.45367253e+06
6.23144590e+05,3.45366947e+06
6.23129903e+05,3.45366642e+06
6.23115216e+05,3.45366337e+06
6.23100565e+05,3.45366015e+06
6.23086021e+05,3.45365649e+06
6.23071541e+05,3.45365257e+06
6.23057060e+05,3.45364866e+06
6.23042580e+05,3.45364474e+06
6.23028099e+05,3.45364082e+06
6.23013619e+05,3.45363691e+06
6.22999138e+05,3.45363299e+06
6.22984658e+05,3.45362907e+06
6.22970502e+05,3.45362417e+06
6.22956563e+05,3.45361863e+06
6.22942681e+05,3.45361294e+06
6.22928800e+05,3.45360726e+06
6.22914919e+05,3.45360157e+06
6.22900983e+05,3.45359602e+06
6.22886919e+05,3.45359080e+06
6.22872616e+05,3.45358628e+06
6.22858304e+05,3.45358179e+06
6.22843992e+05,3.45357730e+06
6.22829680e+05,3.45357280e+06
6.22815369e+05,3.45356831e+06
6.22801057e+05,3.45356381e+06
6.22786767e+05,3.45355925e+06
6.22772528e+05,3.45355453e+06
6.22760008e+05,3.45354630e+06
6.22747546e+05,3.45353795e+06
6.22735084e+05,3.45352960e+06
6.22722621e+05,3.45352125e+06
6.22710159e+05,3.45351290e+06
6.22697697e+05,3.45350455e+06
6.22685236e+05,3.45349619e+06
6.22672779e+05,3.45348784e+06
6.22660444e+05,3.45347930e+06
6.22648114e+05,3.45347076e+06
6.22635784e+05,3.45346221e+06
6.22623454e+05,3.45345367e+06
6.22611124e+05,3.45344513e+06
6.22598794e+05,3.45343658e+06
6.22586463e+05,3.45342804e+06
6.22574133e+05,3.45341949e+06
6.22561803e+05,3.45341095e+06
6.22549148e+05,3.45340291e+06
6.22536016e+05,3.45339572e+06
6.22522228e+05,3.45338981e+06
6.22508440e+05,3.45338390e+06
6.22494652e+05,3.45337799e+06
6.22480927e+05,3.45337194e+06
6.22467344e+05,3.45336558e+06
6.22455601e+05,3.45335626e+06
6.22443898e+05,3.45334687e+06
6.22432194e+05,3.45333749e+06
6.22420491e+05,3.45332811e+06
6.22408787e+05,3.45331872e+06
6.22397084e+05,3.45330934e+06
6.22385380e+05,3.45329995e+06
6.22373677e+05,3.45329057e+06
6.22361984e+05,3.45328117e+06
6.22350993e+05,3.45327099e+06
6.22340386e+05,3.45326039e+06
6.22329778e+05,3.45324978e+06
6.22319171e+05,3.45323917e+06
6.22308564e+05,3.45322856e+06
6.22297957e+05,3.45321796e+06
6.22287349e+05,3.45320735e+06
6.22276742e+05,3.45319674e+06
6.22266440e+05,3.45318584e+06
6.22256345e+05,3.45317475e+06
6.22246339e+05,3.45316357e+06
6.22236334e+05,3.45315239e+06
6.22226328e+05,3.45314122e+06
6.22216322e+05,3.45313004e+06
6.22206317e+05,3.45311886e+06
6.22196311e+05,3.45310769e+06
6.22186305e+05,3.45309651e+06
6.22176417e+05,3.45308523e+06
6.22166786e+05,3.45307373e+06
6.22157284e+05,3.45306212e+06
6.22147785e+05,3.45305051e+06
6.22138286e+05,3.45303890e+06
6.22128786e+05,3.45302729e+06
6.22119287e+05,3.45301568e+06
6.22109951e+05,3.45300394e+06
6.22102196e+05,3.45299134e+06
6.22097639e+05,3.45297705e+06
6.22093083e+05,3.45296276e+06
6.22088526e+05,3.45294847e+06
6.22083969e+05,3.45293417e+06
6.22079412e+05,3.45291988e+06
6.22074855e+05,3.45290559e+06
6.22070298e+05,3.45289130e+06
6.22065741e+05,3.45287701e+06
6.22061184e+05,3.45286271e+06
6.22052093e+05,3.45285080e+06
6.22042340e+05,3.45283941e+06
6.22032295e+05,3.45282827e+06
6.22022250e+05,3.45281713e+06
6.22012205e+05,3.45280599e+06
6.22002160e+05,3.45279485e+06
6.21992115e+05,3.45278371e+06
6.21982069e+05,3.45277257e+06
6.21972024e+05,3.45276143e+06
6.21961979e+05,3.45275029e+06
6.21951608e+05,3.45273947e+06
6.21940590e+05,3.45272929e+06
6.21928988e+05,3.45271978e+06
6.21917387e+05,3.45271027e+06
6.21905785e+05,3.45270076e+06
6.21894164e+05,3.45269129e+06
6.21879556e+05,3.45268788e+06
6.21864656e+05,3.45268700e+06
6.21849655e+05,3.45268700e+06
6.21834655e+05,3.45268701e+06
6.21819654e+05,3.45268717e+06
6.21804817e+05,3.45268911e+06
6.21790037e+05,3.45269167e+06
6.21775256e+05,3.45269423e+06
6.21760475e+05,3.45269679e+06
6.21745694e+05,3.45269935e+06
6.21730913e+05,3.45270191e+06
6.21716133e+05,3.45270447e+06
6.21701352e+05,3.45270703e+06
6.21686692e+05,3.45271019e+06
6.21672125e+05,3.45271377e+06
6.21657630e+05,3.45271763e+06
6.21643136e+05,3.45272150e+06
6.21628642e+05,3.45272536e+06
6.21614147e+05,3.45272923e+06
6.21599640e+05,3.45273304e+06
6.21584978e+05,3.45273621e+06
6.21570062e+05,3.45273700e+06
6.21555061e+05,3.45273700e+06
6.21540060e+05,3.45273700e+06
6.21525059e+05,3.45273700e+06
6.21510058e+05,3.45273700e+06
6.21495502e+05,3.45273932e+06
6.21482186e+05,3.45274581e+06
6.21471579e+05,3.45275642e+06
6.21460972e+05,3.45276703e+06
6.21450364e+05,3.45277764e+06
6.21439524e+05,3.45278798e+06
6.21427669e+05,3.45279717e+06
6.21412952e+05,3.45279800e+06
6.21397951e+05,3.45279800e+06
6.21382976e+05,3.45279843e+06
6.21368081e+05,3.45280021e+06
6.21353639e+05,3.45280421e+06
6.21339235e+05,3.45280840e+06
6.21324857e+05,3.45281268e+06
6.21310556e+05,3.45281721e+06
6.21296335e+05,3.45282198e+06
6.21282122e+05,3.45282678e+06
6.21267908e+05,3.45283157e+06
6.21253694e+05,3.45283637e+06
6.21239296e+05,3.45284057e+06
6.21224556e+05,3.45284290e+06
6.21209594e+05,3.45284398e+06
6.21194632e+05,3.45284506e+06
6.21179670e+05,3.45284614e+06
6.21164708e+05,3.45284723e+06
6.21149751e+05,3.45284837e+06
6.21134806e+05,3.45284966e+06
6.21119861e+05,3.45285096e+06
6.21104916e+05,3.45285225e+06
6.21089971e+05,3.45285355e+06
6.21075026e+05,3.45285484e+06
6.21060081e+05,3.45285613e+06
6.21045136e+05,3.45285743e+06
6.21030263e+05,3.45285921e+06
6.21015593e+05,3.45286234e+06
6.21001156e+05,3.45286641e+06
6.20986736e+05,3.45287054e+06
6.20972315e+05,3.45287467e+06
6.20957894e+05,3.45287880e+06
6.20943474e+05,3.45288293e+06
6.20929053e+05,3.45288707e+06
6.20914633e+05,3.45289120e+06
6.20900212e+05,3.45289533e+06
6.20885792e+05,3.45289946e+06
6.20871371e+05,3.45290360e+06
6.20856959e+05,3.45290776e+06
6.20842571e+05,3.45291200e+06
6.20828194e+05,3.45291628e+06
6.20813817e+05,3.45292057e+06
6.20799441e+05,3.45292485e+06
6.20785064e+05,3.45292913e+06
6.20770687e+05,3.45293341e+06
6.20755944e+05,3.45293552e+06
6.20740954e+05,3.45293600e+06
6.20725953e+05,3.45293600e+06
6.20710952e+05,3.45293600e+06
6.20695951e+05,3.45293600e+06
6.20680950e+05,3.45293600e+06
6.20665949e+05,3.45293600e+06
6.20651066e+05,3.45293782e+06
6.20636330e+05,3.45294056e+06
6.20621681e+05,3.45294379e+06
6.20607032e+05,3.45294702e+06
6.20592383e+05,3.45295025e+06
6.20577734e+05,3.45295348e+06
6.20563085e+05,3.45295671e+06
6.20548436e+05,3.45295994e+06
6.20533771e+05,3.45296310e+06
6.20519024e+05,3.45296582e+06
6.20504225e+05,3.45296827e+06
6.20489426e+05,3.45297073e+06
6.20474627e+05,3.45297318e+06
6.20459829e+05,3.45297564e+06
6.20445030e+05,3.45297809e+06
6.20430231e+05,3.45298054e+06
6.20415432e+05,3.45298300e+06
6.20400633e+05,3.45298545e+06
