1.281132010752539463e+00
-1.046362300628473241e+00
7.560051055620434779e-01
2.123245492334118634e+00
1.534752401059643834e+00
-6.986957482053957058e-01
1.910110897951765585e+00
-1.105336157817115694e+00
1.814120416951209736e+00
-9.727819916328247496e-01
1.829930404061937743e+00
-7.818938750858499542e-01
1.799790127403785300e+00
-9.810727572201979330e-01
1.973197988321496954e+00
-9.699084086815450423e-01
1.687052616385239734e+00
-1.263011611508982224e+00
1.421807719015366622e+00
-9.399447892131943538e-01
1.577264451974783599e+00
-4.973380073709628979e-01
1.755383342252347045e+00
-7.807289462863702401e-01
1.891697738516603611e+00
-1.178003738302086489e+00
1.477196151768118915e+00
-5.225577103332460505e-01
1.773190323152156855e+00
-9.617403165609061944e-01
2.025890067676885398e+00
-7.953248682135222181e-01
1.914921642357468645e+00
-9.237414644284177578e-01
1.485735976293422134e+00
-1.137585771053526873e+00
1.649947947946455606e+00
-1.134192237354538779e+00
1.386925933387002985e+00
-1.088876192600021886e+00
1.727250605960859442e+00
-1.186856762030958024e+00
1.421219933148436310e+00
-1.108958718520735687e+00
1.544906767771108580e+00
-1.165638887929154821e+00
1.498722007944854440e+00
-9.040047755050899525e-01
1.374773745183541340e+00
-1.132623296493381782e+00
1.402686815010505184e+00
-1.175686783346290065e+00
1.190132795853861447e+00
-1.087944620613615410e+00
1.178779730640577617e+00
-1.133197186631893949e+00
1.292467747776742115e+00
-1.260928162520267293e+00
1.054888808835998448e+00
-1.325205814731158949e+00
1.310933100200695645e+00
-1.347977643057616692e+00
1.410487028644175522e+00
-1.543498612456307928e+00
1.175804000559674378e+00
-1.371075019787781901e+00
9.549173142378533097e-01
-1.252202141408689462e+00
1.155485628384914865e+00
-1.559122644020193293e+00
1.361039955668564616e+00
-1.644263562725121641e+00
9.551934002370323640e-01
-1.346445111607798673e+00
1.081289913173955952e+00
-1.351744350485607704e+00
1.167391464976087256e+00
-1.113435059425169182e+00
1.384947035868695497e+00
-1.639929801507836071e+00
1.064221737594322592e+00
-1.088983468732133142e+00
1.318469644871059998e+00
-1.005307857601647425e+00
1.561189141291431381e+00
-1.110633946338122513e+00
1.740620914399123587e+00
-8.213915697384981396e-01
2.010591126084427582e+00
-8.478822293276266908e-01
1.698875263013267078e+00
-5.415093639562356120e-01
1.823757477337619282e+00
-9.316376178666980756e-01
1.961359416150751267e+00
-9.134128741181719580e-01
1.244076848441277194e+00
-5.346103654561785712e-01
1.368015105399867926e+00
-3.960258389545199265e-01
1.266720537787106249e+00
1.467895929547966827e-01
1.274700624615756617e+00
1.493829703372740181e-01
1.448829242756033864e+00
1.000646115793683899e+00
1.784864233644904763e+00
9.788854029822594560e-01
2.079320115173297623e+00
1.567778828684539105e+00
2.131118274149314651e+00
1.301776277096911905e+00
1.887477058900927540e+00
1.496877300959214008e+00
2.390088097026483283e+00
1.746377241325868912e+00
2.453041168698039343e+00
1.304829619677736474e+00
1.929109497081059610e+00
9.935030724919966527e-01
1.874322651602662537e+00
1.863515250054397887e+00
2.077051950933185953e+00
2.430942718923776003e+00
2.121228532712592152e+00
1.887023474549329061e+00
2.307653806412922393e+00
2.071848808416552057e+00
2.243982125297828478e+00
1.853155738103060779e+00
2.289520703785509426e+00
8.095444597166672196e-01
1.865676380633479958e+00
8.414197297936074627e-01
1.332068511672164224e+00
7.350520505427461382e-01
1.242359404078892338e+00
1.003104596355874234e+00
1.816710429757662171e+00
1.260187262580065637e+00
1.810485018198709994e+00
1.309680656296358769e+00
1.340188378899499266e+00
1.439602524632696001e+00
1.163310617354152310e+00
1.356041587471568777e+00
1.087453506626485211e+00
1.229287195774486641e+00
1.611340121207403442e+00
1.573972726898630548e+00
1.029902267671833016e+00
1.061305305890433814e+00
1.090903346439543897e+00
1.430578261152849695e+00
7.359525325252167516e-01
1.089071922993409824e+00
9.227866041168620859e-01
1.428474122428073700e+00
1.064077538227883757e+00
1.809424688274799076e+00
1.193711886931757338e+00
1.762653933386330030e+00
8.503551912158828774e-01
1.977515626761891410e+00
7.129642773176729786e-01
2.071770128029271518e+00
8.992538019061088184e-01
2.156465304298915697e+00
7.639156283778583134e-01
2.201986286886036481e+00
1.110385778809729107e+00
-1.187312854706392473e+00
7.280570814355439291e-01
2.041632891347355816e+00
1.448865807547478290e+00
-8.332858822569925161e-01
1.538225096620867927e+00
-8.524385791537965051e-01
1.257332222991434767e+00
-9.808475399150476948e-01
1.705745914859424950e+00
-1.054423661095543974e+00
1.720699931123184978e+00
-8.562422912108774709e-01
1.764472201873373169e+00
-1.102412231277929866e+00
1.403327328047331513e+00
-8.272931014036567499e-01
1.494588538973951275e+00
-7.780985175916625973e-01
1.702345674138922016e+00
-9.434937854215555975e-01
1.565823103965311214e+00
-7.800544425345861121e-01
1.633940930437791428e+00
-1.010936210605461794e+00
1.635445147362395879e+00
-6.605685407210032389e-01
1.971084288004333773e+00
-7.825883477066397642e-01
1.846850715248262720e+00
-8.679473962992587666e-01
1.824630611956309378e+00
-1.072981152571874430e+00
1.724898450834150054e+00
-9.733281810539259338e-01
1.379577943017935571e+00
-1.151284611644590727e+00
1.547805104341087423e+00
-1.555902976849597774e+00
1.602099003536706645e+00
-1.210176990782759088e+00
1.559071999459897162e+00
-1.262789047474986548e+00
1.549083288405382008e+00
-1.015929327130157933e+00
1.453594936407263338e+00
-1.133648381492211143e+00
1.658106756151432659e+00
-1.295256287985360855e+00
1.567759408447131131e+00
-1.291188420852614538e+00
1.576713323819285417e+00
-1.534801696648040892e+00
1.415500393312749017e+00
-1.110212862788692911e+00
1.436370129412529728e+00
-1.261036900220438906e+00
1.296454101461067321e+00
-1.090713758107103137e+00
1.212397671788050912e+00
-1.316825966151371707e+00
1.185463750407753647e+00
-1.287752285869391278e+00
1.276413297022207516e+00
-1.395306176875547033e+00
1.086055331158018999e+00
-1.141055157362061090e+00
1.089745959741304171e+00
-1.374585192834677061e+00
1.474823959828941655e+00
-1.416872180092342060e+00
1.181495621521306161e+00
-1.309411375588104276e+00
9.711887736589998044e-01
-1.447144575836335711e+00
1.337077484039822073e+00
-1.096362052065057435e+00
1.180158671690651584e+00
-1.256377135514711307e+00
1.270114327796318054e+00
-1.355295483017458835e+00
1.443326896036819740e+00
-1.112546607898091011e+00
1.977517328087375459e+00
-1.259149064195475676e+00
1.897763179059780647e+00
-1.162306540588068593e+00
2.002166253050619016e+00
-9.611124680926995678e-01
1.875482764167790695e+00
-9.710203069883589500e-01
2.082621673173629340e+00
-8.494731522318553774e-01
2.147488627856468213e+00
-8.857154157815144702e-01
1.613355359648964704e+00
-4.871230167124071531e-01
1.485533008282940770e+00
-1.977199206783220031e-01
1.557940781662332963e+00
1.368920204938500196e-01
1.693170424086229309e+00
6.371731767992392381e-01
1.676495942939856709e+00
8.681759172590405305e-01
1.952112140290113595e+00
1.012258609687524125e+00
2.028501182584884877e+00
1.492993067214027691e+00
2.260085650775754296e+00
1.516985492379488543e+00
2.198162733289941606e+00
1.731182056727023300e+00
2.952117935479499966e+00
1.542957297241513315e+00
2.248404971406871233e+00
1.260339093136974231e+00
1.951650919827207842e+00
1.484426844342716434e+00
1.916237287877726292e+00
2.370923270543886741e+00
2.218940080435948481e+00
2.139614321701689637e+00
2.462825249538276751e+00
2.050452519503852322e+00
2.412701487859653771e+00
1.953505816181763777e+00
2.487395287189980486e+00
1.620595308111388189e+00
2.238776711489013582e+00
1.206377842105163190e+00
1.937673680071909654e+00
1.254878595549832943e+00
1.832876232901013314e+00
1.095036080533114964e+00
1.646882551294844399e+00
1.479151850894733444e+00
1.554601392186140796e+00
1.646541071652349197e+00
1.296103068646750955e+00
1.579525180179301991e+00
1.387609632551700223e+00
1.407759053899210189e+00
7.758549876553366698e-01
1.413558708279409659e+00
1.196761540811292601e+00
1.526933260139748283e+00
1.089598663419327096e+00
1.499558084396266144e+00
1.191731886923699468e+00
1.542679371404348743e+00
6.202199560189357586e-01
1.689092620595315619e+00
7.605256576418185643e-01
1.687813381893152886e+00
6.936229210163881165e-01
1.725679424566529452e+00
9.059464591024304347e-01
1.922877054639791305e+00
5.486705049711160243e-01
2.148569171253439158e+00
7.264616563327951360e-01
1.817114965616484668e+00
6.154392496569243143e-01
2.175504860448970401e+00
7.687146340538925093e-01
2.254853243917545491e+00
1.498054377156906813e+00
-1.425069850611275557e+00
6.525029671293264277e-01
1.724117648529676305e+00
1.739942720249795682e+00
-1.571305275313310323e+00
1.712659337971186080e+00
-1.212918896647943168e+00
1.889239828501643848e+00
-8.590786571429182006e-01
1.511538148538631887e+00
-1.099325276369905291e+00
2.018873988425438526e+00
-1.144025929729673541e+00
1.802630734971702342e+00
-1.025676527288031048e+00
1.914985322605780249e+00
-9.836792142708283837e-01
1.751328917009491892e+00
-1.126643469723892288e+00
1.781071074058501624e+00
-1.007275507423729177e+00
1.859833523266962052e+00
-9.527256623849796879e-01
1.891776974645807519e+00
-9.186707188425695669e-01
1.638331589907249919e+00
-1.121685025706684602e+00
1.735157431948043838e+00
-1.007880280350824442e+00
1.799898417382566063e+00
-1.097362640803264622e+00
1.737402860781511071e+00
-1.107716980794378747e+00
1.574388898469095466e+00
-1.116148837272903371e+00
1.401136133869201883e+00
-1.033483807625184214e+00
2.088894371870689159e+00
-9.877037407144776404e-01
1.603121487197326500e+00
-1.185716904187859466e+00
1.287632187382453219e+00
-1.168116385667194113e+00
2.022703994474591482e+00
-1.380778559135469541e+00
1.473787274206570741e+00
-1.078807702769088106e+00
1.436753590184739027e+00
-1.184809405659916326e+00
1.361099701635765769e+00
-1.294408210394514258e+00
1.567517918919257625e+00
-1.247837815484701407e+00
1.314621454739427486e+00
-1.443584571961835206e+00
1.357795425340042605e+00
-1.286291224188135018e+00
1.298165337940772712e+00
-1.359781815117734549e+00
1.470064625061203722e+00
-1.162552794492017538e+00
1.294580154563170549e+00
-9.867766806634159504e-01
9.506733644744616019e-01
-1.333455788317468915e+00
1.022468307051926484e+00
-1.520366006122282343e+00
1.219036386263188110e+00
-1.560453793988819227e+00
1.573815680904058878e+00
-1.252894986943529965e+00
1.268460178296806573e+00
-1.495386248908054272e+00
1.141856259030126663e+00
-1.452161762357150110e+00
1.303393505924391294e+00
-1.366799967887388334e+00
1.561444285571443658e+00
-1.567536965485001099e+00
1.274550567244433941e+00
-1.315877597372750785e+00
1.472301124959088270e+00
-1.359058724527071105e+00
1.554028220487848166e+00
-1.410822301389709654e+00
2.022161309265566143e+00
-1.382973180962707271e+00
2.176763312840345410e+00
-1.255523984406054394e+00
1.831923999926259539e+00
-1.128995149138783294e+00
2.114769681021067882e+00
-7.569294389384279009e-01
2.345107118339633256e+00
-8.489216759602696838e-01
2.150126737141089261e+00
-2.342298059658336484e-01
2.011319956819101140e+00
3.374403280167700275e-02
2.488403405388688761e+00
6.626110157533208200e-01
2.700116861415679637e+00
7.664998721822677830e-01
2.240492906620890512e+00
1.062905494584182264e+00
2.269014062533368570e+00
1.690919730944810739e+00
1.846120212841696695e+00
1.744676254066119370e+00
2.413988795361213580e+00
1.670994963053226812e+00
1.943354957836828323e+00
2.079107319041193058e+00
2.492022749893266553e+00
2.183660060914025980e+00
2.009060362817239653e+00
1.966180442560240049e+00
1.922495512244463800e+00
1.976152942639212151e+00
2.183709054611851386e+00
1.918778448941446557e+00
1.463405925598872503e+00
1.994629213806255352e+00
2.143619900691192903e+00
1.641414303921328033e+00
1.836714433408349390e+00
1.681829709177046883e+00
1.748758028220145810e+00
1.726269432082231381e+00
1.567984873323104988e+00
1.520300790472533192e+00
1.350061713704469923e+00
1.417377222174314610e+00
1.110437875312423106e+00
1.757706355326821290e+00
1.070117966962620626e+00
1.724306989564076797e+00
1.276531962057396052e+00
1.521818790497160290e+00
1.050881957053826810e+00
1.664769723397910628e+00
1.277546375893645170e+00
2.012531297307610156e+00
1.068725613278257214e+00
1.691121604842515946e+00
1.057998406922649792e+00
1.779564618870679293e+00
9.056334875333401646e-01
1.447302353731678926e+00
1.063711309679278960e+00
1.767674803913290571e+00
6.600094590827297880e-01
1.816994259677017665e+00
8.161497026611546080e-01
1.850871565118057838e+00
8.649012948361430864e-01
1.497899072155640443e+00
6.808080768612170264e-01
2.059141614330529002e+00
1.907442289261384927e+00
-1.103032462437044892e+00
6.559271947308529249e-01
1.373036779989156964e+00
1.883723674529841574e+00
-9.520959370939574562e-01
1.804543400457053748e+00
-1.407945042858352203e+00
1.702088833762532394e+00
-1.066063544930062390e+00
1.761193615939028456e+00
-1.352105449955082639e+00
2.097048707341738538e+00
-9.390362987227642844e-01
1.858393889298862289e+00
-9.031540198500009886e-01
1.426050678997733190e+00
-1.134719462919309141e+00
1.603884506787087716e+00
-9.636549696517759944e-01
1.870857794361781679e+00
-9.175923742801888050e-01
1.508335831720694298e+00
-1.007636528327088721e+00
1.402717982595592883e+00
-1.220453595403215186e+00
1.776080216013951496e+00
-9.746470219162131077e-01
1.626172705854855183e+00
-9.948884637234396422e-01
1.541703715263733399e+00
-9.083696112623350638e-01
1.544642982109361462e+00
-8.041337300994779724e-01
9.907899135132852697e-01
-9.247497515208042973e-01
1.268946133235018037e+00
-1.054842129301621911e+00
1.685267668384096584e+00
-1.070808732936024743e+00
1.625275660194692939e+00
-1.082555501458766001e+00
8.869058324553893424e-01
-9.522296743286607912e-01
1.209521530364383368e+00
-9.012752113877184890e-01
1.388456828833480428e+00
-1.361357596471899800e+00
1.482352862819108941e+00
-1.210289865500095319e+00
1.057726931858275377e+00
-1.303746042934237348e+00
1.035353677427086616e+00
-1.182768033318797762e+00
8.956680533952359191e-01
-6.654701340332580539e-01
1.573317199254248733e+00
-1.283688196124784353e+00
1.299163223475404694e+00
-1.184768272433818659e+00
9.342207247838386630e-01
-7.979337507829241671e-01
1.154574891778037848e+00
-8.797751955086018372e-01
8.525964668350687337e-01
-8.486824095737623974e-01
1.123200182140239978e+00
-6.877150282055830566e-01
1.167044234427644156e+00
-8.039098065652486858e-01
6.236263009001935531e-01
-7.572588406759295232e-01
1.023949708857646135e+00
-1.231798675545822563e+00
7.564838611411867086e-01
-9.599995902866484965e-01
5.055545647549136712e-01
-7.190266465285362063e-01
6.262322144293344106e-01
-7.904302036617625316e-01
6.665605628935167282e-01
-1.046894771979618000e+00
1.010973000196101923e+00
-1.873548021707003741e+00
1.379632381995478996e+00
-1.606730929810555653e+00
1.678297362374912449e+00
-1.214079226800834244e+00
1.685685939949198797e+00
-1.071499917961169057e+00
2.001941277582373502e+00
-1.052042421226110136e+00
1.894952007932041216e+00
-8.489099604769742013e-01
1.983085662276084626e+00
-8.183419640156333053e-01
2.643044616657999946e+00
-2.889596937700464885e-01
2.494716078403624415e+00
1.335969734809927811e-01
2.459134565883644097e+00
6.129410494698420697e-01
2.195230814389148133e+00
9.564580775839315319e-01
1.899787883550837497e+00
1.245426707151934265e+00
2.075134500968327078e+00
1.136668035206852112e+00
1.868576751602873509e+00
1.476975477807963566e+00
2.074595861839119149e+00
1.596105424695461794e+00
1.676464628108378374e+00
1.653436778980979405e+00
1.576309699484749638e+00
1.669771200556478208e+00
1.194880098986385919e+00
1.258108516009763589e+00
1.166212627840587768e+00
1.478634429296776576e+00
6.806049559155729067e-01
1.069166279629254257e+00
1.161248646304010590e+00
1.391180103047193750e+00
6.660703187919343460e-01
1.144867108761098429e+00
7.101737827779479595e-01
1.375455182373904073e+00
6.045119475183216018e-01
1.096727060734779435e+00
5.148576220310567830e-01
1.252755910750392498e+00
5.115070842667572837e-01
8.230156482079589164e-01
7.263208663906333129e-01
1.016541992484680579e+00
6.241991979801915225e-01
7.767851997029331379e-01
7.114594758350599735e-01
1.337972484274998042e+00
5.901089462104618377e-01
1.165710506098764920e+00
5.656959119878308684e-01
1.399765401422264466e+00
6.470784244513514416e-01
1.496420212424436791e+00
7.231948175627151976e-01
1.543455814233597012e+00
3.370117495886991721e-01
1.521979897203993293e+00
5.627520228310003425e-01
1.467928700797702879e+00
6.884667465283000887e-01
1.442231574230362412e+00
1.432595515454323509e+00
-1.167872357435961295e+00
9.829769002238463171e-01
2.156755452177613552e+00
1.364773383139648244e+00
-1.202012577493798418e+00
1.530760164797552392e+00
-1.108730665954015926e+00
1.461125206887949446e+00
-1.039612619276657934e+00
1.766045623098549733e+00
-1.088711877018886609e+00
1.827475567290473890e+00
-1.071251008076109068e+00
1.707436425724685458e+00
-9.969283732050623348e-01
1.613628504350683279e+00
-8.304718015568129941e-01
1.633621695485120373e+00
-1.201841836030139499e+00
1.752518992629745309e+00
-9.947646067884379217e-01
1.537252263561380783e+00
-1.070332590428142439e+00
1.788596029975542123e+00
-7.583713381428849321e-01
1.806242804503508603e+00
-6.398810901271145823e-01
1.828355697937448010e+00
-7.622166867299180470e-01
1.622466378911888052e+00
-8.350420339646085210e-01
1.658217999056533110e+00
-1.340403158803330941e+00
1.526723608266664201e+00
-1.298864043786897460e+00
1.586102032799208139e+00
-1.300455676866725696e+00
1.218307947503400879e+00
-1.243973372906196584e+00
1.896877360005880142e+00
-1.270991458349771674e+00
1.759982087297901066e+00
-1.201113752560370340e+00
1.739994866671872753e+00
-1.342283997442495380e+00
1.593460522817506275e+00
-1.290093185777976048e+00
1.945950896839072408e+00
-1.188750873666035046e+00
1.593941670432750923e+00
-1.171327245663035699e+00
1.264119378117370962e+00
-1.327399177756708015e+00
1.338045802730604139e+00
-1.373438935463590305e+00
1.399789933741903969e+00
-1.391985838267919773e+00
1.623374780663579431e+00
-1.407481293676376755e+00
1.234912342388387874e+00
-1.311805553526513624e+00
1.412342909977119199e+00
-1.600359323267395606e+00
1.337747392519273326e+00
-1.476261186975661666e+00
1.240451264937724396e+00
-1.789519488015184567e+00
1.388737552243970441e+00
-1.374894475062363952e+00
1.394049653858569604e+00
-1.582601994498737286e+00
1.124542253916792856e+00
-1.886389849773574268e+00
1.361556973262844084e+00
-1.749762113685449982e+00
1.300368186830590522e+00
-1.132765703055046203e+00
1.214465842040935772e+00
-1.626843746485553632e+00
1.354441267153207562e+00
-1.439594021869033291e+00
1.659809608943877413e+00
-1.328722763609587965e+00
1.935464220977881178e+00
-1.047115726176248707e+00
2.146273789287074685e+00
-1.333629202288075799e+00
1.890600445991929446e+00
-1.068332877229691391e+00
1.928719801622738261e+00
-9.183511467281242346e-01
2.169672832531376994e+00
-9.785374751618172162e-01
1.616481532778339059e+00
-7.893399628105201016e-01
1.708836514805712081e+00
-3.841968334645661232e-01
1.899215369722130342e+00
1.656921238644365746e-01
2.197833809787756110e+00
2.552920878147272865e-01
2.047914338021524561e+00
8.894914162516375233e-01
2.369373065846771542e+00
1.071909252879527985e+00
2.285455660609511330e+00
1.385470321543560646e+00
2.292260471438985370e+00
1.381718627970189628e+00
2.190977094163542915e+00
1.302702553055434809e+00
2.460102539096646002e+00
1.684657554434862536e+00
1.897623147132565746e+00
1.875048325671106353e+00
2.188194868675653826e+00
1.995630521141390279e+00
2.157639127109135302e+00
2.381785687449191613e+00
2.028820051271353009e+00
1.815560011056381651e+00
2.289962379396173642e+00
2.111767279634019001e+00
2.041098339878284484e+00
1.937380123828686962e+00
2.562676450037089992e+00
1.735596713386007739e+00
2.269014242280231297e+00
1.524982431914963188e+00
2.070721674181494887e+00
1.586542635114215560e+00
1.657118671147856714e+00
1.412255581920782488e+00
1.663430249208102341e+00
1.586062603346192423e+00
1.548354523837395025e+00
1.203548564470253046e+00
1.464153714566988951e+00
1.379984315945462336e+00
1.297390356450732529e+00
1.569953622285344963e+00
1.557034530850564202e+00
1.680289135851872118e+00
1.160918835707798191e+00
1.569323088460144566e+00
1.090800276049523454e+00
1.669067375300423928e+00
8.707309265979252810e-01
1.702296795639808513e+00
9.502183070609826476e-01
1.399163233433249998e+00
9.008754936609576491e-01
1.642182328533388747e+00
1.050982842371327886e+00
1.747146166772173714e+00
5.133451986326555971e-01
2.056279937260743651e+00
1.003237431559212967e+00
2.004320194530034627e+00
5.873051262540494033e-01
1.825603762024780918e+00
6.000380033455955386e-01
1.989408629478135015e+00
