4464
53074
53075
65086
65087
77098
77099
89110
89111
101122
101123
113134
113135
125146
125147
137158
137159
149170
149171
53082
53083
65094
65095
77106
77107
89118
89119
101130
101131
113142
113143
125154
125155
137166
137167
149178
149179
53090
53091
65102
65103
77114
77115
89126
89127
101138
101139
113150
113151
125162
125163
137174
137175
149186
149187
53098
53099
65110
65111
77122
77123
89134
89135
101146
101147
113158
113159
125170
125171
137182
137183
149194
149195
53106
53107
65118
65119
77130
77131
89142
89143
101154
101155
113166
113167
125178
125179
137190
137191
149202
149203
53114
53115
65126
65127
77138
77139
89150
89151
101162
101163
113174
113175
125186
125187
137198
137199
149210
149211
53122
53123
65134
65135
77146
77147
89158
89159
101170
101171
113182
113183
125194
125195
137206
137207
149218
149219
53130
53131
65142
65143
77154
77155
89166
89167
101178
101179
113190
113191
125202
125203
137214
137215
149226
149227
53138
53139
65150
65151
77162
77163
89174
89175
101186
101187
113198
113199
125210
125211
137222
137223
149234
149235
53146
53147
65158
65159
77170
77171
89182
89183
101194
101195
113206
113207
125218
125219
137230
137231
149242
149243
53154
53155
65166
65167
77178
77179
89190
89191
101202
101203
113214
113215
125226
125227
137238
137239
149250
149251
53162
53163
65174
65175
77186
77187
89198
89199
101210
101211
113222
113223
125234
125235
137246
137247
149258
149259
53170
53171
65182
65183
77194
77195
89206
89207
101218
101219
113230
113231
125242
125243
137254
137255
149266
149267
53178
53179
65190
65191
77202
77203
89214
89215
101226
101227
113238
113239
125250
125251
137262
137263
149274
149275
53186
53187
65198
65199
77210
77211
89222
89223
101234
101235
113246
113247
125258
125259
137270
137271
149282
149283
53194
53195
65206
65207
77218
77219
89230
89231
101242
101243
113254
113255
125266
125267
137278
137279
149290
149291
53202
53203
65214
65215
77226
77227
89238
89239
101250
101251
113262
113263
125274
125275
137286
137287
149298
149299
53210
53211
65222
65223
77234
77235
89246
89247
101258
101259
113270
113271
125282
125283
137294
137295
149306
149307
53218
53219
65230
65231
77242
77243
89254
89255
101266
101267
113278
113279
125290
125291
137302
137303
149314
149315
53226
53227
65238
65239
77250
77251
89262
89263
101274
101275
113286
113287
125298
125299
137310
137311
149322
149323
53234
53235
65246
65247
77258
77259
89270
89271
101282
101283
113294
113295
125306
125307
137318
137319
149330
149331
53242
53243
65254
65255
77266
77267
89278
89279
101290
101291
113302
113303
125314
125315
137326
137327
149338
149339
53250
53251
65262
65263
77274
77275
89286
89287
101298
101299
113310
113311
125322
125323
137334
137335
149346
149347
53258
53259
65270
65271
77282
77283
89294
89295
101306
101307
113318
113319
125330
125331
137342
137343
149354
149355
53266
53267
65278
65279
77290
77291
89302
89303
101314
101315
113326
113327
125338
125339
137350
137351
149362
149363
53274
53275
65286
65287
77298
77299
89310
89311
101322
101323
113334
113335
125346
125347
137358
137359
149370
149371
53282
53283
65294
65295
77306
77307
89318
89319
101330
101331
113342
113343
125354
125355
137366
137367
149378
149379
53290
53291
65302
65303
77314
77315
89326
89327
101338
101339
113350
113351
125362
125363
137374
137375
149386
149387
53298
53299
65310
65311
77322
77323
89334
89335
101346
101347
113358
113359
125370
125371
137382
137383
149394
149395
53306
53307
65318
65319
77330
77331
89342
89343
101354
101355
113366
113367
125378
125379
137390
137391
149402
149403
53314
53315
65326
65327
77338
77339
89350
89351
101362
101363
113374
113375
125386
125387
137398
137399
149410
149411
53322
53323
65334
65335
77346
77347
89358
89359
101370
101371
113382
113383
125394
125395
137406
137407
149418
149419
53330
53331
65342
65343
77354
77355
89366
89367
101378
101379
113390
113391
125402
125403
137414
137415
149426
149427
53338
53339
65350
65351
77362
77363
89374
89375
101386
101387
113398
113399
125410
125411
137422
137423
149434
149435
53346
53347
65358
65359
77370
77371
89382
89383
101394
101395
113406
113407
125418
125419
137430
137431
149442
149443
53354
53355
65366
65367
77378
77379
89390
89391
101402
101403
113414
113415
125426
125427
137438
137439
149450
149451
53362
53363
65374
65375
77386
77387
89398
89399
101410
101411
113422
113423
125434
125435
137446
137447
149458
149459
53370
53371
65382
65383
77394
77395
89406
89407
101418
101419
113430
113431
125442
125443
137454
137455
149466
149467
53378
53379
65390
65391
77402
77403
89414
89415
101426
101427
113438
113439
125450
125451
137462
137463
149474
149475
53386
53387
65398
65399
77410
77411
89422
89423
101434
101435
113446
113447
125458
125459
137470
137471
149482
149483
53394
53395
65406
65407
77418
77419
89430
89431
101442
101443
113454
113455
125466
125467
137478
137479
149490
149491
53402
53403
65414
65415
77426
77427
89438
89439
101450
101451
113462
113463
125474
125475
137486
137487
149498
149499
53410
53411
65422
65423
77434
77435
89446
89447
101458
101459
113470
113471
125482
125483
137494
137495
149506
149507
53418
53419
65430
65431
77442
77443
89454
89455
101466
101467
113478
113479
125490
125491
137502
137503
149514
149515
53426
53427
65438
65439
77450
77451
89462
89463
101474
101475
113486
113487
125498
125499
137510
137511
149522
149523
53434
53435
65446
65447
77458
77459
89470
89471
101482
101483
113494
113495
125506
125507
137518
137519
149530
149531
53442
53443
65454
65455
77466
77467
89478
89479
101490
101491
113502
113503
125514
125515
137526
137527
149538
149539
53450
53451
65462
65463
77474
77475
89486
89487
101498
101499
113510
113511
125522
125523
137534
137535
149546
149547
53458
53459
65470
65471
77482
77483
89494
89495
101506
101507
113518
113519
125530
125531
137542
137543
149554
149555
53466
53467
65478
65479
77490
77491
89502
89503
101514
101515
113526
113527
125538
125539
137550
137551
149562
149563
53474
53475
65486
65487
77498
77499
89510
89511
101522
101523
113534
113535
125546
125547
137558
137559
149570
149571
53482
53483
65494
65495
77506
77507
89518
89519
101530
101531
113542
113543
125554
125555
137566
137567
149578
149579
53490
53491
65502
65503
77514
77515
89526
89527
101538
101539
113550
113551
125562
125563
137574
137575
149586
149587
53498
53499
65510
65511
77522
77523
89534
89535
101546
101547
113558
113559
125570
125571
137582
137583
149594
149595
53506
53507
65518
65519
77530
77531
89542
89543
101554
101555
113566
113567
125578
125579
137590
137591
149602
149603
53514
53515
65526
65527
77538
77539
89550
89551
101562
101563
113574
113575
125586
125587
137598
137599
149610
149611
53522
53523
65534
65535
77546
77547
89558
89559
101570
101571
113582
113583
125594
125595
137606
137607
149618
149619
53530
53531
65542
65543
77554
77555
89566
89567
101578
101579
113590
113591
125602
125603
137614
137615
149626
149627
53538
53539
65550
65551
77562
77563
89574
89575
101586
101587
113598
113599
125610
125611
137622
137623
149634
149635
53546
53547
65558
65559
77570
77571
89582
89583
101594
101595
113606
113607
125618
125619
137630
137631
149642
149643
53554
53555
65566
65567
77578
77579
89590
89591
101602
101603
113614
113615
125626
125627
137638
137639
149650
149651
53562
53563
65574
65575
77586
77587
89598
89599
101610
101611
113622
113623
125634
125635
137646
137647
149658
149659
53570
53571
65582
65583
77594
77595
89606
89607
101618
101619
113630
113631
125642
125643
137654
137655
149666
149667
53578
53579
65590
65591
77602
77603
89614
89615
101626
101627
113638
113639
125650
125651
137662
137663
149674
149675
53586
53587
65598
65599
77610
77611
89622
89623
101634
101635
113646
113647
125658
125659
137670
137671
149682
149683
53594
53595
65606
65607
77618
77619
89630
89631
101642
101643
113654
113655
125666
125667
137678
137679
149690
149691
53602
53603
65614
65615
77626
77627
89638
89639
101650
101651
113662
113663
125674
125675
137686
137687
149698
149699
53610
53611
65622
65623
77634
77635
89646
89647
101658
101659
113670
113671
125682
125683
137694
137695
149706
149707
53618
53619
65630
65631
77642
77643
89654
89655
101666
101667
113678
113679
125690
125691
137702
137703
149714
149715
53626
53627
65638
65639
77650
77651
89662
89663
101674
101675
113686
113687
125698
125699
137710
137711
149722
149723
53634
53635
65646
65647
77658
77659
89670
89671
101682
101683
113694
113695
125706
125707
137718
137719
149730
149731
53642
53643
65654
65655
77666
77667
89678
89679
101690
101691
113702
113703
125714
125715
137726
137727
149738
149739
53650
53651
65662
65663
77674
77675
89686
89687
101698
101699
113710
113711
125722
125723
137734
137735
149746
149747
53658
53659
65670
65671
77682
77683
89694
89695
101706
101707
113718
113719
125730
125731
137742
137743
149754
149755
53666
53667
65678
65679
77690
77691
89702
89703
101714
101715
113726
113727
125738
125739
137750
137751
149762
149763
53674
53675
65686
65687
77698
77699
89710
89711
101722
101723
113734
113735
125746
125747
137758
137759
149770
149771
53682
53683
65694
65695
77706
77707
89718
89719
101730
101731
113742
113743
125754
125755
137766
137767
149778
149779
53690
53691
65702
65703
77714
77715
89726
89727
101738
101739
113750
113751
125762
125763
137774
137775
149786
149787
53698
53699
65710
65711
77722
77723
89734
89735
101746
101747
113758
113759
125770
125771
137782
137783
149794
149795
53706
53707
65718
65719
77730
77731
89742
89743
101754
101755
113766
113767
125778
125779
137790
137791
149802
149803
53714
53715
65726
65727
77738
77739
89750
89751
101762
101763
113774
113775
125786
125787
137798
137799
149810
149811
53722
53723
65734
65735
77746
77747
89758
89759
101770
101771
113782
113783
125794
125795
137806
137807
149818
149819
53730
53731
65742
65743
77754
77755
89766
89767
101778
101779
113790
113791
125802
125803
137814
137815
149826
149827
53738
53739
65750
65751
77762
77763
89774
89775
101786
101787
113798
113799
125810
125811
137822
137823
149834
149835
53746
53747
65758
65759
77770
77771
89782
89783
101794
101795
113806
113807
125818
125819
137830
137831
149842
149843
53754
53755
65766
65767
77778
77779
89790
89791
101802
101803
113814
113815
125826
125827
137838
137839
149850
149851
53762
53763
65774
65775
77786
77787
89798
89799
101810
101811
113822
113823
125834
125835
137846
137847
149858
149859
53770
53771
65782
65783
77794
77795
89806
89807
101818
101819
113830
113831
125842
125843
137854
137855
149866
149867
53778
53779
65790
65791
77802
77803
89814
89815
101826
101827
113838
113839
125850
125851
137862
137863
149874
149875
53786
53787
65798
65799
77810
77811
89822
89823
101834
101835
113846
113847
125858
125859
137870
137871
149882
149883
53794
53795
65806
65807
77818
77819
89830
89831
101842
101843
113854
113855
125866
125867
137878
137879
149890
149891
53802
53803
65814
65815
77826
77827
89838
89839
101850
101851
113862
113863
125874
125875
137886
137887
149898
149899
53810
53811
65822
65823
77834
77835
89846
89847
101858
101859
113870
113871
125882
125883
137894
137895
149906
149907
53818
53819
65830
65831
77842
77843
89854
89855
101866
101867
113878
113879
125890
125891
137902
137903
149914
149915
53826
53827
65838
65839
77850
77851
89862
89863
101874
101875
113886
113887
125898
125899
137910
137911
149922
149923
53834
53835
65846
65847
77858
77859
89870
89871
101882
101883
113894
113895
125906
125907
137918
137919
149930
149931
53842
53843
65854
65855
77866
77867
89878
89879
101890
101891
113902
113903
125914
125915
137926
137927
149938
149939
53850
53851
65862
65863
77874
77875
89886
89887
101898
101899
113910
113911
125922
125923
137934
137935
149946
149947
53858
53859
65870
65871
77882
77883
89894
89895
101906
101907
113918
113919
125930
125931
137942
137943
149954
149955
53866
53867
65878
65879
77890
77891
89902
89903
101914
101915
113926
113927
125938
125939
137950
137951
149962
149963
53874
53875
65886
65887
77898
77899
89910
89911
101922
101923
113934
113935
125946
125947
137958
137959
149970
149971
53882
53883
65894
65895
77906
77907
89918
89919
101930
101931
113942
113943
125954
125955
137966
137967
149978
149979
53890
53891
65902
65903
77914
77915
89926
89927
101938
101939
113950
113951
125962
125963
137974
137975
149986
149987
53898
53899
65910
65911
77922
77923
89934
89935
101946
101947
113958
113959
125970
125971
137982
137983
149994
149995
53906
53907
65918
65919
77930
77931
89942
89943
101954
101955
113966
113967
125978
125979
137990
137991
150002
150003
53914
53915
65926
65927
77938
77939
89950
89951
101962
101963
113974
113975
125986
125987
137998
137999
150010
150011
53922
53923
65934
65935
77946
77947
89958
89959
101970
101971
113982
113983
125994
125995
138006
138007
150018
150019
53930
53931
65942
65943
77954
77955
89966
89967
101978
101979
113990
113991
126002
126003
138014
138015
150026
150027
53938
53939
65950
65951
77962
77963
89974
89975
101986
101987
113998
113999
126010
126011
138022
138023
150034
150035
53946
53947
65958
65959
77970
77971
89982
89983
101994
101995
114006
114007
126018
126019
138030
138031
150042
150043
53954
53955
65966
65967
77978
77979
89990
89991
102002
102003
114014
114015
126026
126027
138038
138039
150050
150051
53962
53963
65974
65975
77986
77987
89998
89999
102010
102011
114022
114023
126034
126035
138046
138047
150058
150059
53970
53971
65982
65983
77994
77995
90006
90007
102018
102019
114030
114031
126042
126043
138054
138055
150066
150067
53978
53979
65990
65991
78002
78003
90014
90015
102026
102027
114038
114039
126050
126051
138062
138063
150074
150075
53986
53987
65998
65999
78010
78011
90022
90023
102034
102035
114046
114047
126058
126059
138070
138071
150082
150083
53994
53995
66006
66007
78018
78019
90030
90031
102042
102043
114054
114055
126066
126067
138078
138079
150090
150091
54002
54003
66014
66015
78026
78027
90038
90039
102050
102051
114062
114063
126074
126075
138086
138087
150098
150099
54010
54011
66022
66023
78034
78035
90046
90047
102058
102059
114070
114071
126082
126083
138094
138095
150106
150107
54018
54019
66030
66031
78042
78043
90054
90055
102066
102067
114078
114079
126090
126091
138102
138103
150114
150115
54026
54027
66038
66039
78050
78051
90062
90063
102074
102075
114086
114087
126098
126099
138110
138111
150122
150123
54034
54035
66046
66047
78058
78059
90070
90071
102082
102083
114094
114095
126106
126107
138118
138119
150130
150131
54042
54043
66054
66055
78066
78067
90078
90079
102090
102091
114102
114103
126114
126115
138126
138127
150138
150139
54050
54051
66062
66063
78074
78075
90086
90087
102098
102099
114110
114111
126122
126123
138134
138135
150146
150147
54058
54059
66070
66071
78082
78083
90094
90095
102106
102107
114118
114119
126130
126131
138142
138143
150154
150155
54066
54067
66078
66079
78090
78091
90102
90103
102114
102115
114126
114127
126138
126139
138150
138151
150162
150163
54074
54075
66086
66087
78098
78099
90110
90111
102122
102123
114134
114135
126146
126147
138158
138159
150170
150171
54082
54083
66094
66095
78106
78107
90118
90119
102130
102131
114142
114143
126154
126155
138166
138167
150178
150179
54090
54091
66102
66103
78114
78115
90126
90127
102138
102139
114150
114151
126162
126163
138174
138175
150186
150187
54098
54099
66110
66111
78122
78123
90134
90135
102146
102147
114158
114159
126170
126171
138182
138183
150194
150195
54106
54107
66118
66119
78130
78131
90142
90143
102154
102155
114166
114167
126178
126179
138190
138191
150202
150203
54114
54115
66126
66127
78138
78139
90150
90151
102162
102163
114174
114175
126186
126187
138198
138199
150210
150211
54122
54123
66134
66135
78146
78147
90158
90159
102170
102171
114182
114183
126194
126195
138206
138207
150218
150219
54130
54131
66142
66143
78154
78155
90166
90167
102178
102179
114190
114191
126202
126203
138214
138215
150226
150227
54138
54139
66150
66151
78162
78163
90174
90175
102186
102187
114198
114199
126210
126211
138222
138223
150234
150235
54146
54147
66158
66159
78170
78171
90182
90183
102194
102195
114206
114207
126218
126219
138230
138231
150242
150243
54154
54155
66166
66167
78178
78179
90190
90191
102202
102203
114214
114215
126226
126227
138238
138239
150250
150251
54162
54163
66174
66175
78186
78187
90198
90199
102210
102211
114222
114223
126234
126235
138246
138247
150258
150259
54170
54171
66182
66183
78194
78195
90206
90207
102218
102219
114230
114231
126242
126243
138254
138255
150266
150267
54178
54179
66190
66191
78202
78203
90214
90215
102226
102227
114238
114239
126250
126251
138262
138263
150274
150275
54186
54187
66198
66199
78210
78211
90222
90223
102234
102235
114246
114247
126258
126259
138270
138271
150282
150283
54194
54195
66206
66207
78218
78219
90230
90231
102242
102243
114254
114255
126266
126267
138278
138279
150290
150291
54202
54203
66214
66215
78226
78227
90238
90239
102250
102251
114262
114263
126274
126275
138286
138287
150298
150299
54210
54211
66222
66223
78234
78235
90246
90247
102258
102259
114270
114271
126282
126283
138294
138295
150306
150307
54218
54219
66230
66231
78242
78243
90254
90255
102266
102267
114278
114279
126290
126291
138302
138303
150314
150315
54226
54227
66238
66239
78250
78251
90262
90263
102274
102275
114286
114287
126298
126299
138310
138311
150322
150323
54234
54235
66246
66247
78258
78259
90270
90271
102282
102283
114294
114295
126306
126307
138318
138319
150330
150331
54242
54243
66254
66255
78266
78267
90278
90279
102290
102291
114302
114303
126314
126315
138326
138327
150338
150339
54250
54251
66262
66263
78274
78275
90286
90287
102298
102299
114310
114311
126322
126323
138334
138335
150346
150347
54258
54259
66270
66271
78282
78283
90294
90295
102306
102307
114318
114319
126330
126331
138342
138343
150354
150355
54266
54267
66278
66279
78290
78291
90302
90303
102314
102315
114326
114327
126338
126339
138350
138351
150362
150363
54274
54275
66286
66287
78298
78299
90310
90311
102322
102323
114334
114335
126346
126347
138358
138359
150370
150371
54282
54283
66294
66295
78306
78307
90318
90319
102330
102331
114342
114343
126354
126355
138366
138367
150378
150379
54290
54291
66302
66303
78314
78315
90326
90327
102338
102339
114350
114351
126362
126363
138374
138375
150386
150387
54298
54299
66310
66311
78322
78323
90334
90335
102346
102347
114358
114359
126370
126371
138382
138383
150394
150395
54306
54307
66318
66319
78330
78331
90342
90343
102354
102355
114366
114367
126378
126379
138390
138391
150402
150403
54314
54315
66326
66327
78338
78339
90350
90351
102362
102363
114374
114375
126386
126387
138398
138399
150410
150411
54322
54323
66334
66335
78346
78347
90358
90359
102370
102371
114382
114383
126394
126395
138406
138407
150418
150419
54330
54331
66342
66343
78354
78355
90366
90367
102378
102379
114390
114391
126402
126403
138414
138415
150426
150427
54338
54339
66350
66351
78362
78363
90374
90375
102386
102387
114398
114399
126410
126411
138422
138423
150434
150435
54346
54347
66358
66359
78370
78371
90382
90383
102394
102395
114406
114407
126418
126419
138430
138431
150442
150443
54354
54355
66366
66367
78378
78379
90390
90391
102402
102403
114414
114415
126426
126427
138438
138439
150450
150451
54362
54363
66374
66375
78386
78387
90398
90399
102410
102411
114422
114423
126434
126435
138446
138447
150458
150459
54370
54371
66382
66383
78394
78395
90406
90407
102418
102419
114430
114431
126442
126443
138454
138455
150466
150467
54378
54379
66390
66391
78402
78403
90414
90415
102426
102427
114438
114439
126450
126451
138462
138463
150474
150475
54386
54387
66398
66399
78410
78411
90422
90423
102434
102435
114446
114447
126458
126459
138470
138471
150482
150483
54394
54395
66406
66407
78418
78419
90430
90431
102442
102443
114454
114455
126466
126467
138478
138479
150490
150491
54402
54403
66414
66415
78426
78427
90438
90439
102450
102451
114462
114463
126474
126475
138486
138487
150498
150499
54410
54411
66422
66423
78434
78435
90446
90447
102458
102459
114470
114471
126482
126483
138494
138495
150506
150507
54418
54419
66430
66431
78442
78443
90454
90455
102466
102467
114478
114479
126490
126491
138502
138503
150514
150515
54426
54427
66438
66439
78450
78451
90462
90463
102474
102475
114486
114487
126498
126499
138510
138511
150522
150523
54434
54435
66446
66447
78458
78459
90470
90471
102482
102483
114494
114495
126506
126507
138518
138519
150530
150531
54442
54443
66454
66455
78466
78467
90478
90479
102490
102491
114502
114503
126514
126515
138526
138527
150538
150539
54450
54451
66462
66463
78474
78475
90486
90487
102498
102499
114510
114511
126522
126523
138534
138535
150546
150547
54458
54459
66470
66471
78482
78483
90494
90495
102506
102507
114518
114519
126530
126531
138542
138543
150554
150555
54466
54467
66478
66479
78490
78491
90502
90503
102514
102515
114526
114527
126538
126539
138550
138551
150562
150563
54474
54475
66486
66487
78498
78499
90510
90511
102522
102523
114534
114535
126546
126547
138558
138559
150570
150571
54482
54483
66494
66495
78506
78507
90518
90519
102530
102531
114542
114543
126554
126555
138566
138567
150578
150579
54490
54491
66502
66503
78514
78515
90526
90527
102538
102539
114550
114551
126562
126563
138574
138575
150586
150587
54498
54499
66510
66511
78522
78523
90534
90535
102546
102547
114558
114559
126570
126571
138582
138583
150594
150595
54506
54507
66518
66519
78530
78531
90542
90543
102554
102555
114566
114567
126578
126579
138590
138591
150602
150603
54514
54515
66526
66527
78538
78539
90550
90551
102562
102563
114574
114575
126586
126587
138598
138599
150610
150611
54522
54523
66534
66535
78546
78547
90558
90559
102570
102571
114582
114583
126594
126595
138606
138607
150618
150619
54530
54531
66542
66543
78554
78555
90566
90567
102578
102579
114590
114591
126602
126603
138614
138615
150626
150627
54538
54539
66550
66551
78562
78563
90574
90575
102586
102587
114598
114599
126610
126611
138622
138623
150634
150635
54546
54547
66558
66559
78570
78571
90582
90583
102594
102595
114606
114607
126618
126619
138630
138631
150642
150643
54554
54555
66566
66567
78578
78579
90590
90591
102602
102603
114614
114615
126626
126627
138638
138639
150650
150651
54562
54563
66574
66575
78586
78587
90598
90599
102610
102611
114622
114623
126634
126635
138646
138647
150658
150659
54570
54571
66582
66583
78594
78595
90606
90607
102618
102619
114630
114631
126642
126643
138654
138655
150666
150667
54578
54579
66590
66591
78602
78603
90614
90615
102626
102627
114638
114639
126650
126651
138662
138663
150674
150675
54586
54587
66598
66599
78610
78611
90622
90623
102634
102635
114646
114647
126658
126659
138670
138671
150682
150683
54594
54595
66606
66607
78618
78619
90630
90631
102642
102643
114654
114655
126666
126667
138678
138679
150690
150691
54602
54603
66614
66615
78626
78627
90638
90639
102650
102651
114662
114663
126674
126675
138686
138687
150698
150699
54610
54611
66622
66623
78634
78635
90646
90647
102658
102659
114670
114671
126682
126683
138694
138695
150706
150707
54618
54619
66630
66631
78642
78643
90654
90655
102666
102667
114678
114679
126690
126691
138702
138703
150714
150715
54626
54627
66638
66639
78650
78651
90662
90663
102674
102675
114686
114687
126698
126699
138710
138711
150722
150723
54634
54635
66646
66647
78658
78659
90670
90671
102682
102683
114694
114695
126706
126707
138718
138719
150730
150731
54642
54643
66654
66655
78666
78667
90678
90679
102690
102691
114702
114703
126714
126715
138726
138727
150738
150739
54650
54651
66662
66663
78674
78675
90686
90687
102698
102699
114710
114711
126722
126723
138734
138735
150746
150747
54658
54659
66670
66671
78682
78683
90694
90695
102706
102707
114718
114719
126730
126731
138742
138743
150754
150755
54666
54667
66678
66679
78690
78691
90702
90703
102714
102715
114726
114727
126738
126739
138750
138751
150762
150763
54674
54675
66686
66687
78698
78699
90710
90711
102722
102723
114734
114735
126746
126747
138758
138759
150770
150771
54682
54683
66694
66695
78706
78707
90718
90719
102730
102731
114742
114743
126754
126755
138766
138767
150778
150779
54690
54691
66702
66703
78714
78715
90726
90727
102738
102739
114750
114751
126762
126763
138774
138775
150786
150787
54698
54699
66710
66711
78722
78723
90734
90735
102746
102747
114758
114759
126770
126771
138782
138783
150794
150795
54706
54707
66718
66719
78730
78731
90742
90743
102754
102755
114766
114767
126778
126779
138790
138791
150802
150803
54714
54715
66726
66727
78738
78739
90750
90751
102762
102763
114774
114775
126786
126787
138798
138799
150810
150811
54722
54723
66734
66735
78746
78747
90758
90759
102770
102771
114782
114783
126794
126795
138806
138807
150818
150819
54730
54731
66742
66743
78754
78755
90766
90767
102778
102779
114790
114791
126802
126803
138814
138815
150826
150827
54738
54739
66750
66751
78762
78763
90774
90775
102786
102787
114798
114799
126810
126811
138822
138823
150834
150835
54746
54747
66758
66759
78770
78771
90782
90783
102794
102795
114806
114807
126818
126819
138830
138831
150842
150843
54754
54755
66766
66767
78778
78779
90790
90791
102802
102803
114814
114815
126826
126827
138838
138839
150850
150851
54762
54763
66774
66775
78786
78787
90798
90799
102810
102811
114822
114823
126834
126835
138846
138847
150858
150859
54770
54771
66782
66783
78794
78795
90806
90807
102818
102819
114830
114831
126842
126843
138854
138855
150866
150867
54778
54779
66790
66791
78802
78803
90814
90815
102826
102827
114838
114839
126850
126851
138862
138863
150874
150875
54786
54787
66798
66799
78810
78811
90822
90823
102834
102835
114846
114847
126858
126859
138870
138871
150882
150883
54794
54795
66806
66807
78818
78819
90830
90831
102842
102843
114854
114855
126866
126867
138878
138879
150890
150891
54802
54803
66814
66815
78826
78827
90838
90839
102850
102851
114862
114863
126874
126875
138886
138887
150898
150899
54810
54811
66822
66823
78834
78835
90846
90847
102858
102859
114870
114871
126882
126883
138894
138895
150906
150907
54818
54819
66830
66831
78842
78843
90854
90855
102866
102867
114878
114879
126890
126891
138902
138903
150914
150915
54826
54827
66838
66839
78850
78851
90862
90863
102874
102875
114886
114887
126898
126899
138910
138911
150922
150923
54834
54835
66846
66847
78858
78859
90870
90871
102882
102883
114894
114895
126906
126907
138918
138919
150930
150931
54842
54843
66854
66855
78866
78867
90878
90879
102890
102891
114902
114903
126914
126915
138926
138927
150938
150939
54850
54851
66862
66863
78874
78875
90886
90887
102898
102899
114910
114911
126922
126923
138934
138935
150946
150947
54858
54859
66870
66871
78882
78883
90894
90895
102906
102907
114918
114919
126930
126931
138942
138943
150954
150955
54866
54867
66878
66879
78890
78891
90902
90903
102914
102915
114926
114927
126938
126939
138950
138951
150962
150963
54874
54875
66886
66887
78898
78899
90910
90911
102922
102923
114934
114935
126946
126947
138958
138959
150970
150971
54882
54883
66894
66895
78906
78907
90918
90919
102930
102931
114942
114943
126954
126955
138966
138967
150978
150979
54890
54891
66902
66903
78914
78915
90926
90927
102938
102939
114950
114951
126962
126963
138974
138975
150986
150987
54898
54899
66910
66911
78922
78923
90934
90935
102946
102947
114958
114959
126970
126971
138982
138983
150994
150995
54906
54907
66918
66919
78930
78931
90942
90943
102954
102955
114966
114967
126978
126979
138990
138991
151002
151003
54914
54915
66926
66927
78938
78939
90950
90951
102962
102963
114974
114975
126986
126987
138998
138999
151010
151011
54922
54923
66934
66935
78946
78947
90958
90959
102970
102971
114982
114983
126994
126995
139006
139007
151018
151019
54930
54931
66942
66943
78954
78955
90966
90967
102978
102979
114990
114991
127002
127003
139014
139015
151026
151027
54938
54939
66950
66951
78962
78963
90974
90975
102986
102987
114998
114999
127010
127011
139022
139023
151034
151035
54946
54947
66958
66959
78970
78971
90982
90983
102994
102995
115006
115007
127018
127019
139030
139031
151042
151043
54954
54955
66966
66967
78978
78979
90990
90991
103002
103003
115014
115015
127026
127027
139038
139039
151050
151051
54962
54963
66974
66975
78986
78987
90998
90999
103010
103011
115022
115023
127034
127035
139046
139047
151058
151059
54970
54971
66982
66983
78994
78995
91006
91007
103018
103019
115030
115031
127042
127043
139054
139055
151066
151067
54978
54979
66990
66991
79002
79003
91014
91015
103026
103027
115038
115039
127050
127051
139062
139063
151074
151075
54986
54987
66998
66999
79010
79011
91022
91023
103034
103035
115046
115047
127058
127059
139070
139071
151082
151083
54994
54995
67006
67007
79018
79019
91030
91031
103042
103043
115054
115055
127066
127067
139078
139079
151090
151091
55002
55003
67014
67015
79026
79027
91038
91039
103050
103051
115062
115063
127074
127075
139086
139087
151098
151099
55010
55011
67022
67023
79034
79035
91046
91047
103058
103059
115070
115071
127082
127083
139094
139095
151106
151107
55018
55019
67030
67031
79042
79043
91054
91055
103066
103067
115078
115079
127090
127091
139102
139103
151114
151115
55026
55027
67038
67039
79050
79051
91062
91063
103074
103075
115086
115087
127098
127099
139110
139111
151122
151123
55034
55035
67046
67047
79058
79059
91070
91071
103082
103083
115094
115095
127106
127107
139118
139119
151130
151131
55042
55043
67054
67055
79066
79067
91078
91079
103090
103091
115102
115103
127114
127115
139126
139127
151138
151139
55050
55051
67062
67063
79074
79075
91086
91087
103098
103099
115110
115111
127122
127123
139134
139135
151146
151147
