1.072342610178205445e-02
5.760204310824430102e-03
9.095552280239890125e-03
1.603273005507255961e-02
6.274698452890932476e-02
9.482805469734997827e-02
9.100679475102266269e-02
1.087655175899413518e-01
8.938146552346701301e-02
1.021875780302086423e-01
1.085225027438336959e-01
1.008525245539731718e-01
1.232022678142241923e-01
1.149370011592254909e-01
1.201500421954303788e-01
1.161649085945589410e-01
1.478338055751044489e-01
1.694352507657938822e-01
2.070889831678502657e-01
1.806029246003792443e-01
1.923492215001071926e-01
2.001755498736309258e-01
2.114402601040379359e-01
1.969415961336720977e-01
1.704187752455276483e-01
1.976834727914820178e-01
1.982315064802215310e-01
1.995915442929707961e-01
2.219074181019855541e-01
1.968943380219912442e-01
2.038152364395217075e-01
2.086020339714870775e-01
2.448894655213949834e-01
2.429746844394398697e-01
2.620975324327113887e-01
2.754447833013393132e-01
2.859253076290602102e-01
2.812451522546761118e-01
2.992862600023864506e-01
2.918481829487868939e-01
3.025881662640712566e-01
3.110795238433698984e-01
3.042050758300086644e-01
3.277272189160693738e-01
3.213859334021775815e-01
3.268866213451654401e-01
3.693856572529624627e-01
3.725397462360918177e-01
3.882084237650657021e-01
4.012069665892866732e-01
1.974154567228432466e-02
0.000000000000000000e+00
8.711298367003681917e-03
1.411801838097065213e-02
8.418775028307995401e-02
9.421579186330109046e-02
9.114657241885316952e-02
8.713559178995143595e-02
1.002901788513421988e-01
1.063611551039366082e-01
9.184796504600474532e-02
1.109406229673402383e-01
1.102503213795263948e-01
1.113489165609592296e-01
9.637752359331032415e-02
1.029768431846744270e-01
1.414781668969507522e-01
1.543681815340443575e-01
1.736834117038529302e-01
1.859597394234818180e-01
2.044771720587587605e-01
2.009255483904766881e-01
2.125902187960321821e-01
1.927494308366507758e-01
2.136534120434074313e-01
2.021792416287614969e-01
2.102787376420106602e-01
2.042849235264894148e-01
2.072038281218251676e-01
1.898345823205568050e-01
1.926585877165251648e-01
1.972008382867796172e-01
2.276170005897979465e-01
2.247831982252772864e-01
2.630814534853138653e-01
2.818838074012691708e-01
3.006952804195702766e-01
2.908575322959598974e-01
3.072812425879570819e-01
2.861249689423784881e-01
3.039656229326880843e-01
2.989544156699510680e-01
3.133874678063593988e-01
3.209231572094487506e-01
3.365141292566236064e-01
3.455588622715044522e-01
3.567583485700087653e-01
3.653492205039490237e-01
3.864827695724129542e-01
3.915580178662450561e-01
1.852496681579428317e-02
1.766697066745012701e-02
1.429687776279618162e-02
3.993790247282444361e-02
9.420944527854491213e-02
1.112231902428603703e-01
9.070529701750454366e-02
1.228302907782134745e-01
9.382409795475193937e-02
8.114507208553156659e-02
9.633147467460861924e-02
1.082838288693858120e-01
9.844188964058971092e-02
9.273610888512158479e-02
1.087835652476453613e-01
1.239912065126670959e-01
1.144847622432395018e-01
1.251051799468667070e-01
1.641461277207534319e-01
1.900541809913761093e-01
1.887495981883028917e-01
2.045882198137823627e-01
2.010936864757680853e-01
2.002162314866537118e-01
2.126364724028394770e-01
2.129334823282933165e-01
2.138146089100457226e-01
1.993125379930789642e-01
2.149557135842401212e-01
2.211927623432077827e-01
2.281123259194952624e-01
2.278588462673328263e-01
2.298666685301269108e-01
2.515186096539830385e-01
2.775122239563633242e-01
2.846555330396144945e-01
3.043040840742085029e-01
3.111673763096232115e-01
2.964326778392590289e-01
3.047720625229887181e-01
3.151018458256161781e-01
3.014513164798590661e-01
3.107032556869898099e-01
3.263724550775319866e-01
3.414534720539288415e-01
3.463921373935076042e-01
3.729611386378500204e-01
3.917917857444922491e-01
3.951828450686574179e-01
3.994276500280738995e-01
1.368599674942133290e-03
2.018821362917582948e-02
2.279109545715987672e-03
1.423862538350788472e-02
5.860961830754266716e-02
9.126942017867306634e-02
9.734995418248768018e-02
1.135177337670864178e-01
8.889528519230455172e-02
1.065407925329320826e-01
8.913858376982163045e-02
1.065332763548391543e-01
1.005182466758573478e-01
9.024806425772698149e-02
9.660265134362956696e-02
1.103670340920827470e-01
1.163677337673939827e-01
1.237545635874865990e-01
1.498047470632821176e-01
1.764550470309430852e-01
1.940316753168881136e-01
1.771970174825366895e-01
2.013765982776627717e-01
2.020280428341637291e-01
2.107244302643220824e-01
2.055966772984105240e-01
1.912802329796504663e-01
2.298705478714671568e-01
2.199897787881028577e-01
2.322707450122921680e-01
2.482534746837810058e-01
2.480971972713890417e-01
2.447941414157950857e-01
2.625591741417033775e-01
2.989360263408622487e-01
3.029140280723779388e-01
3.276193860286616966e-01
3.039250237912688446e-01
3.138681042971093182e-01
3.166900403574500200e-01
3.173740193770415718e-01
3.288988431632756115e-01
3.355164976407483124e-01
3.592611371797750919e-01
3.736555341116731821e-01
3.626182325677786977e-01
3.921828880597202915e-01
3.999632156705380526e-01
3.975365996350558317e-01
4.193438886204607363e-01
1.827041894079447712e-02
2.940412624425580573e-03
1.797806699157719623e-02
2.024217880291760002e-02
6.928145584017138259e-02
1.002401355861179955e-01
1.052287136513431337e-01
1.123103940957698998e-01
9.767455663967584967e-02
1.114348567862613049e-01
1.107604564235258326e-01
1.033526188731212075e-01
7.462406211988914517e-02
9.972205380280510512e-02
1.157586524144355034e-01
1.166908730760645163e-01
1.009791017693174725e-01
1.254789159869391657e-01
1.416041702387696999e-01
1.921718990079866740e-01
1.902672060097248541e-01
2.027684500142979962e-01
1.885527816102066934e-01
2.103481656659696997e-01
2.016535148527197341e-01
2.023064583550916173e-01
1.953908428058428737e-01
2.108760245665171063e-01
2.229209612334465129e-01
2.433182642042599486e-01
2.605020692054548226e-01
2.606773788624434096e-01
2.821991227449607842e-01
2.939802948127700488e-01
3.047214884658240863e-01
3.122429731384939178e-01
3.261934321521921532e-01
3.248196664737419415e-01
3.293374564771647250e-01
3.278222604379342764e-01
3.362247670994151227e-01
3.465887017646004931e-01
3.497884701529047069e-01
3.707689318560085656e-01
3.717251452194453853e-01
3.801091744269704531e-01
3.881013886876822361e-01
4.140499042946883534e-01
4.307208906794425807e-01
4.329995676210842137e-01
4.019995754259661838e-03
1.466478060291987948e-02
7.447463752426346575e-03
1.543282328646465584e-02
4.295514289173764377e-02
8.310024991074915768e-02
7.849924630126008107e-02
9.880739898399019949e-02
1.074395975338909570e-01
1.067035216553378629e-01
9.476378405661635418e-02
9.680169031425771287e-02
1.049210549351562299e-01
1.169372081464266494e-01
1.150618144070361115e-01
1.003705735693021517e-01
1.052628946015989886e-01
1.340601418416584589e-01
1.454465864478551307e-01
1.799570230249563918e-01
1.858270235616999444e-01
2.045111131527107551e-01
2.004240678978432277e-01
2.103706428203691303e-01
2.243308645484523023e-01
2.240985619037508814e-01
2.417854940207293246e-01
2.311758341494666857e-01
2.731332714010787921e-01
2.718775767321284231e-01
2.724836260313425185e-01
3.050625053683030941e-01
3.135965708201799984e-01
3.092903919390900258e-01
3.134565461083392846e-01
3.209834773423766441e-01
3.376671208103046995e-01
3.294465800480120277e-01
3.367581221334435271e-01
3.423316753968257409e-01
3.514687520474913951e-01
3.570869075200435172e-01
3.721745831747443334e-01
3.772838696017071225e-01
3.855753380969073052e-01
4.089191330871111973e-01
4.101158986516027505e-01
4.411634767350766095e-01
4.416812511194327939e-01
4.300689222498279563e-01
2.054013499890012737e-02
1.594365346382934506e-02
1.207964131586227244e-02
0.000000000000000000e+00
2.126842922102996358e-02
5.425899370878969896e-02
1.081539932274081239e-01
8.528035034981629181e-02
9.746633340875536511e-02
9.319224280853789788e-02
1.010168566543874630e-01
9.367804426126245809e-02
1.025627549544040062e-01
9.292397266509436204e-02
1.155195882149589598e-01
1.039363562329957136e-01
1.220189880282525896e-01
1.283167486588349393e-01
1.622871545112341829e-01
1.857734160763914455e-01
1.885485783078058586e-01
2.214911769068577674e-01
2.041633165655654392e-01
2.225569053505399297e-01
2.267096650727263296e-01
2.602675592014521144e-01
2.570209680807337138e-01
2.680555917139523792e-01
2.645132690178000900e-01
3.076398229036184651e-01
3.003072528524411422e-01
3.128620736490589360e-01
3.335674512270834779e-01
3.244800809350973925e-01
3.387628621443635191e-01
3.498145715454330507e-01
3.412692991888385263e-01
3.341974469489478738e-01
3.547940898049302128e-01
3.722030495277601769e-01
3.807777938395502382e-01
4.020787320933873477e-01
4.096617034111664779e-01
4.051786518154255612e-01
4.103386929073402634e-01
4.119335306035802891e-01
4.375764386779761872e-01
4.278813395854684232e-01
4.622520098824808854e-01
4.565848188391523621e-01
2.899596441416157910e-02
0.000000000000000000e+00
1.379529324929723751e-02
5.730588768570518861e-03
1.018915788691407073e-02
4.061908646987313909e-02
9.113665439253315625e-02
8.799866863025442021e-02
9.213953162054105972e-02
1.206589337823608249e-01
7.902480510745690800e-02
8.575872162484553252e-02
8.000795986944043980e-02
8.526952260543545214e-02
9.969600768989562989e-02
1.013056745953819643e-01
1.257697943002410723e-01
1.590552640726967115e-01
1.783837389898660641e-01
2.091153463475761975e-01
2.203249100478823497e-01
2.303871530363715558e-01
2.246098077249072400e-01
2.465828301012773782e-01
2.591167020442676772e-01
2.702912044883047926e-01
2.972427521947874074e-01
2.881381301041378573e-01
3.049856976635222372e-01
3.027419704305616688e-01
3.390448660869869180e-01
3.260440942365422923e-01
3.415383742256165034e-01
3.361894956442972870e-01
3.702996769721305093e-01
3.648764036320589765e-01
3.702068969243095253e-01
3.776964591033620255e-01
3.838480997158918440e-01
4.012769074612071440e-01
4.212813571851893313e-01
4.187056829817136228e-01
4.239919046500055244e-01
4.467490763420369215e-01
4.510131742997753324e-01
4.419092897089818561e-01
4.822840907974749736e-01
4.695408946612358303e-01
4.833425302822476066e-01
4.799987825022518084e-01
0.000000000000000000e+00
0.000000000000000000e+00
2.198792585551386652e-02
0.000000000000000000e+00
1.905890581579082130e-03
4.857756469382374515e-02
9.560200658212061886e-02
9.394878024756522783e-02
1.118530290903484020e-01
1.085356705319763249e-01
1.047538123731134030e-01
8.386304608319289366e-02
1.044803934130246470e-01
1.020877913947869781e-01
1.067988954228960841e-01
1.211970876543324999e-01
1.382095153289400746e-01
1.763164364117562333e-01
1.896188788516202095e-01
2.141458842304942989e-01
2.171308095636717839e-01
2.433169934590757033e-01
2.498594954756115927e-01
2.698935138636727182e-01
2.939784949003981795e-01
2.890665041041300398e-01
3.087719951148384379e-01
3.158820080408051845e-01
3.338491957338456384e-01
3.368401022791415733e-01
3.670445670137374439e-01
3.683921083900345006e-01
3.713395757301217182e-01
3.503479009309788395e-01
3.744250777150061604e-01
3.763311794063063931e-01
3.814689177780967722e-01
3.815241892112966049e-01
4.126781681753570741e-01
4.333806366275585464e-01
4.686904305925639891e-01
4.899837203721084666e-01
4.849012831702731452e-01
4.948668895069998075e-01
5.074926551343530434e-01
4.893114097258697281e-01
5.071469608123934103e-01
5.063865948009135254e-01
5.027925329281635047e-01
5.175700279370037959e-01
5.464010025087567488e-03
2.092058290643774437e-02
2.424133422141151739e-02
8.132172158257060246e-03
3.123233880618577624e-02
7.634055926232191647e-02
1.045870181056696574e-01
1.022746396920681117e-01
8.953812792770089735e-02
9.907317059148185168e-02
1.173909440769698859e-01
8.355123717071073763e-02
8.533474631256472709e-02
8.224734631470979884e-02
1.197432548488702314e-01
1.246072181873505158e-01
1.601394725818007791e-01
1.894636186333963634e-01
1.913345326121589640e-01
2.210845105831237278e-01
2.296517980729314012e-01
2.333203185387617562e-01
2.634524523153732867e-01
2.640453454754382312e-01
2.836528857041924478e-01
3.182618857631849818e-01
3.313678471483198495e-01
3.460127302050865494e-01
3.466463005340542081e-01
3.670483125539215630e-01
3.786860509725873958e-01
3.975370678009249592e-01
4.005565434899263089e-01
4.055214475352232895e-01
4.112701849404055143e-01
4.129728626344843501e-01
4.293035566875661457e-01
4.368257113641212386e-01
4.462609632899121048e-01
4.582460422729922600e-01
4.861746325036587768e-01
5.070324996695434461e-01
5.048357584018677846e-01
5.253054734597889519e-01
5.342956367810067775e-01
5.325774520856052519e-01
5.610455693079899886e-01
5.579626916491792210e-01
5.565682841277834747e-01
5.813919763587770406e-01
6.285599381369215075e-03
2.770890100172091787e-03
8.962558578264898448e-03
2.459818341367993669e-02
9.396173769879459514e-02
1.060137283238097305e-01
1.007412336421093374e-01
9.496182564130786763e-02
9.172762722447397321e-02
8.971278666943917346e-02
1.028654058007296979e-01
9.784995997970169501e-02
1.075240619849087559e-01
9.373921981048784213e-02
1.173545622407839856e-01
1.491594155983091141e-01
1.663728990190475321e-01
1.927132408759678339e-01
2.041504158911982836e-01
2.146065345043664530e-01
2.243994672871671980e-01
2.427922453014059734e-01
2.544387536601313560e-01
2.932594000615025287e-01
2.850174444305502708e-01
3.170812521291581643e-01
3.380418942882814082e-01
3.418724241158490051e-01
3.612439776256564095e-01
4.117541268199606530e-01
4.151359084074053296e-01
4.503221017393403969e-01
4.444181401054703162e-01
4.757283908557856655e-01
4.604094280156526553e-01
4.601611544429822787e-01
4.590736409243389993e-01
4.954568966485933257e-01
5.085505018005997968e-01
5.346323148156644223e-01
5.599331548777547463e-01
5.637225257667320966e-01
5.862174065075406171e-01
5.836505253947844585e-01
5.843919035256343042e-01
5.945661076731663108e-01
6.003112150980013384e-01
5.949357677700377600e-01
6.213846203272292978e-01
6.352515324698270183e-01
0.000000000000000000e+00
0.000000000000000000e+00
0.000000000000000000e+00
3.598194397875514178e-02
9.622581648425691803e-02
9.796034670881752227e-02
9.992065366120009284e-02
1.050139382498280483e-01
1.013355050225220322e-01
8.579524635566558588e-02
1.011707854813550383e-01
1.021384172181868527e-01
1.157215942089174915e-01
1.081125375737024552e-01
1.179787040810229698e-01
1.611739976575209676e-01
1.855736291594795861e-01
1.950476691849971356e-01
2.028732963801150313e-01
2.278554690200777499e-01
2.236360517300378381e-01
2.415368221410853500e-01
2.515205419381608132e-01
2.857419859488994907e-01
2.832479481236267471e-01
3.276011504311691080e-01
3.503157656439779277e-01
3.670947475925065984e-01
3.960380578135758722e-01
4.039424430134351818e-01
4.337118256154385842e-01
4.681512771747954327e-01
4.744611848955407329e-01
4.790058941508393842e-01
5.239970480879927450e-01
4.960291701850290114e-01
5.440480110729601915e-01
5.459190738940259413e-01
5.655118838669247472e-01
5.872009614544131395e-01
5.871839596460201038e-01
6.274791136837928329e-01
6.412550148985696197e-01
6.460805806945959517e-01
6.378518641724580940e-01
6.664518629871708510e-01
6.539713608776339671e-01
6.692863261468566805e-01
6.842479569366047842e-01
6.768486679004691586e-01
2.916891080737458834e-03
1.660591814258685628e-02
5.687143837527688234e-04
2.582834893806046361e-02
8.571382396552684746e-02
1.098312143430273252e-01
9.231941315713655671e-02
1.164263968759591539e-01
1.065804676760183783e-01
1.102406580505624761e-01
1.130764509114677574e-01
9.019193483978836523e-02
8.707144640851648132e-02
8.868905942658183994e-02
1.036993574314700600e-01
1.484683007017066625e-01
1.729578338463625131e-01
1.931762398618039056e-01
1.918393014511969585e-01
2.106038726960431096e-01
2.102787641787542128e-01
2.302900107453354217e-01
2.458106474871287750e-01
2.501569474054580189e-01
2.927866040501801992e-01
3.109548858061718657e-01
3.420105240879189878e-01
3.610588507467991648e-01
4.041353711414629180e-01
4.259254041070732466e-01
4.659915554403882276e-01
4.927219263389794879e-01
5.186913051946768771e-01
5.436516692203643419e-01
5.646519949046260312e-01
5.559327061815723114e-01
5.959684846748556364e-01
6.006995850059557718e-01
6.291254055257264888e-01
6.420415813655169224e-01
6.477218087019989134e-01
6.684850727826409100e-01
6.812727191772796065e-01
7.084700525907189350e-01
6.966131565343125498e-01
7.176910730008493333e-01
7.143167566795652901e-01
7.243510497037187745e-01
7.141005022204526265e-01
7.549339617778237921e-01
0.000000000000000000e+00
1.589955981099944182e-02
1.015442858797259082e-02
3.438474128728398471e-02
8.407802231874839105e-02
1.050323742269653887e-01
1.160667719048054519e-01
1.074582465724751718e-01
1.084127423998871853e-01
1.015369777674946794e-01
1.142403544264802284e-01
1.154000809954548595e-01
1.139758849313247946e-01
1.218909097889295523e-01
1.299301891140774712e-01
1.594997854252398206e-01
1.782883463797418355e-01
1.919155743238531442e-01
2.216108195376204071e-01
2.136184934925019485e-01
2.039111417221877165e-01
2.144489363329755982e-01
2.181094238896869320e-01
2.765980369321630050e-01
3.012928067608191540e-01
3.194745929610481872e-01
3.421937399716813433e-01
3.821330045760563121e-01
4.198596771264398453e-01
4.485371959281711507e-01
4.890431048831904159e-01
4.946718092710353232e-01
5.257912619808126076e-01
5.547924885923327665e-01
5.874769371660589767e-01
5.987504459952480707e-01
6.301823015757154201e-01
6.486208611226594867e-01
6.826081963128957097e-01
6.913355724525207524e-01
7.281652918504111227e-01
7.377059615115325597e-01
7.490041276714790586e-01
7.604761756122959682e-01
7.589450001261480727e-01
7.607404032082855094e-01
7.677193247580449409e-01
7.740700847652443040e-01
7.966698023077496416e-01
7.730585888029463115e-01
3.888904214319765379e-03
1.477203334152676906e-02
2.410195084253364400e-02
6.263244602639258217e-03
4.981105267823745381e-02
1.000762677340681639e-01
1.125929439667670562e-01
8.728791506966669667e-02
1.074846283390834406e-01
9.520317730701849390e-02
1.080418368023267350e-01
1.052896098414404374e-01
1.092557797224444904e-01
1.047659060525998054e-01
1.485341295990950938e-01
1.376813590558488842e-01
1.747645612946567284e-01
1.978227096970034404e-01
1.769028439983812429e-01
2.014038658706665819e-01
2.155901113439677996e-01
2.150808922166227710e-01
2.366761465731793135e-01
2.604557325533977674e-01
3.126135189995887798e-01
3.179428955186237027e-01
3.478482265079207991e-01
3.930566198152578017e-01
4.071495727234014650e-01
4.666758009296573806e-01
4.805374512513029273e-01
5.213844008016316200e-01
5.484384588362800628e-01
5.898713676810216633e-01
5.983687119259809561e-01
6.320167374689619200e-01
6.715167824640101424e-01
6.804187397179409791e-01
7.134645183901485721e-01
7.456077970012182643e-01
7.493254580306417667e-01
7.638066720331199155e-01
7.783380223041226342e-01
8.018731557459324311e-01
8.061948652896655521e-01
8.166343381230385390e-01
8.099493313978916031e-01
8.311844647116654050e-01
8.223261079984374167e-01
8.539827996157834944e-01
0.000000000000000000e+00
0.000000000000000000e+00
4.090235437612961718e-03
8.309797068995134969e-03
2.924046926410470149e-02
1.065172339575294475e-01
8.521085573387653100e-02
9.014232063287258567e-02
1.011432626982400329e-01
9.464267299422501889e-02
1.005684705683222574e-01
9.929417213732130709e-02
1.239016662015634401e-01
9.897255285798484126e-02
1.431040074384484495e-01
1.573251776111606881e-01
1.890592912353250832e-01
2.027151983670903712e-01
2.023165518680029584e-01
1.985115872242966817e-01
2.075881241060614502e-01
2.203131597401518094e-01
2.334282976379225827e-01
2.733330169234422513e-01
3.032235745936197047e-01
3.230179542125365399e-01
3.528212131928724626e-01
3.721664758604363854e-01
4.180443526604835647e-01
4.587309222398202047e-01
4.861319190934482726e-01
5.284030382986060204e-01
5.557633782404860501e-01
5.793302082520660479e-01
6.240742246536770121e-01
6.536052763961368584e-01
6.766202595863812785e-01
7.171816829502210000e-01
7.415980156584578431e-01
7.660339054164393424e-01
7.826146110680969326e-01
7.863814686544747801e-01
7.991617616070265662e-01
8.447366831299190082e-01
8.480800762711551144e-01
8.365525332180652196e-01
8.441924317464541971e-01
8.787332938615324274e-01
8.743707396847252289e-01
8.751486704764124269e-01
3.417607008210862569e-03
3.038126923305943181e-02
2.309535347807323627e-02
1.701231780601994079e-02
1.603995834184217956e-02
6.922160427127710403e-02
9.687939909389214899e-02
1.066217213463392655e-01
9.935685200640478887e-02
9.335701972428189777e-02
1.126499204029758894e-01
1.068736511472743733e-01
1.186745068887802151e-01
1.214819248355721165e-01
1.486617411116410159e-01
1.572255145970864187e-01
1.833695789465712433e-01
1.908142831277809259e-01
2.073739247674426245e-01
1.925599457931311542e-01
2.195702824750762894e-01
2.175774693962166662e-01
2.295995320020492170e-01
2.577931914664229329e-01
2.852087287497016566e-01
3.102825914193898527e-01
3.293813793865687511e-01
3.777374829209469431e-01
3.905757514986268331e-01
4.425211023368783025e-01
4.885046897293972012e-01
5.447900836049115458e-01
5.718997753757582014e-01
5.919961378136033847e-01
6.380002981118184646e-01
6.718408055968554393e-01
6.775513484081421289e-01
7.145823394034254150e-01
7.331922484456974143e-01
7.696388752667804312e-01
8.121819119023880873e-01
8.259767236127434353e-01
8.332637139470813192e-01
8.388990834049134815e-01
8.490243838798549048e-01
8.738418330173225446e-01
8.813835602404604952e-01
8.950971401676998118e-01
9.018806396134753101e-01
9.031938043970106911e-01
7.567522056198852133e-03
1.402777272997578900e-02
2.840149326813123931e-02
0.000000000000000000e+00
1.821939124726239256e-02
3.360475236065569443e-02
9.889580508334017139e-02
1.073968124957894316e-01
1.056987180119055014e-01
1.134015659061357595e-01
9.946340136558937117e-02
1.246595222899926636e-01
1.383447133977775134e-01
1.168723382539578887e-01
1.358268549499476452e-01
1.646432267684045381e-01
1.818165675014613014e-01
1.907116615165572182e-01
2.062388222090152656e-01
2.191368544988387956e-01
2.146761590186332669e-01
2.253527136225728644e-01
2.285039273997081788e-01
2.675025407903120489e-01
2.895717519045153399e-01
3.080367633321457466e-01
3.352949335047769042e-01
3.802131748237874143e-01
4.025791801681264381e-01
4.529806042696224444e-01
4.942666925409414658e-01
5.346415121818577365e-01
5.679841303546987463e-01
5.954477610397265197e-01
6.189281733217664172e-01
6.776065976940164326e-01
6.851631112305527349e-01
7.114500886361132537e-01
7.564196144913727382e-01
7.897412700549454323e-01
7.805095467457345837e-01
7.955455023321388319e-01
8.330699496050375519e-01
8.595052846332358332e-01
8.672410483468522280e-01
8.672852363495568984e-01
8.891570314799953634e-01
8.729164073665973689e-01
9.077790719686896770e-01
9.049561061613915491e-01
0.000000000000000000e+00
5.926374337739325968e-03
0.000000000000000000e+00
2.379656282836552228e-02
4.457654754269303743e-02
6.140359508962893453e-02
1.015499937975802985e-01
1.081399171400226344e-01
9.455188500921461736e-02
1.151786288541747361e-01
1.178111237529698707e-01
1.082632610572767246e-01
9.180988547280490020e-02
1.135953260581073210e-01
1.037205250255177208e-01
1.628776322017882749e-01
1.763791829905004549e-01
1.794741633391658264e-01
1.965732625961028601e-01
1.895206114852639734e-01
2.106233220587965804e-01
2.334080672794785205e-01
2.365546729759798739e-01
2.793100320696165206e-01
2.530350101362668913e-01
3.035808315114814637e-01
3.450612653300444421e-01
3.697439274571609480e-01
3.854875997786036401e-01
4.198091981640841852e-01
4.784570112324938451e-01
5.104671477914337618e-01
5.333395748377418588e-01
5.828267697522359070e-01
5.987878667223951457e-01
6.398946568435197602e-01
6.911087396162181040e-01
7.097389120533078577e-01
7.321542323466159186e-01
7.678278864187418895e-01
7.763106736592338963e-01
7.887565436175540956e-01
8.161461003970171824e-01
8.364986266919774982e-01
8.524058333923492103e-01
8.307485376125023357e-01
8.660950858111655659e-01
8.654587742404550310e-01
8.826836033332873255e-01
8.706830995737221413e-01
0.000000000000000000e+00
1.786572518319033687e-02
1.246103837289970657e-02
1.033044353198044399e-02
3.843953255129992086e-02
9.175098870206406521e-02
1.067289160022546202e-01
1.061763270297742673e-01
1.235888016472305451e-01
1.028948406689449563e-01
9.703633208689713130e-02
1.320397470712285914e-01
1.098942337169210859e-01
1.073227959050967878e-01
1.155849998631843789e-01
1.501950078618999318e-01
1.895713542290684006e-01
1.902236510600831820e-01
2.225388082846455340e-01
2.136783043283954076e-01
2.314660943366415868e-01
2.295679085121018481e-01
2.320076244279072886e-01
2.706674943378587495e-01
2.907049696687981077e-01
2.935260731186276062e-01
3.315184552053479505e-01
3.701831574208150344e-01
3.818808608964109896e-01
4.000508447425837333e-01
4.598233027004908768e-01
4.740716624686083791e-01
5.085493898190737161e-01
5.363829879952354274e-01
5.914759088032527368e-01
6.243403561192562012e-01
6.300508174646982651e-01
6.799418673302347615e-01
7.062009330417319264e-01
7.274644477563313449e-01
7.391632634472108387e-01
7.688699536266844214e-01
7.724243540553558107e-01
7.994707991049134765e-01
8.051195130759541962e-01
8.073734795018693289e-01
8.254562124016452396e-01
8.072527364715419429e-01
8.219251042714257327e-01
8.487623236060648502e-01
1.932071500266348968e-02
2.829140164314554451e-02
2.240036660810017233e-02
3.910125828223952327e-02
8.174509004508982712e-02
9.548148328944558449e-02
1.008678219145776322e-01
9.837694385813283704e-02
1.001747144382855864e-01
9.351854333462847335e-02
1.047025607729886731e-01
8.100962292574750978e-02
1.114605521273470956e-01
1.089029067523818034e-01
1.355959695397049303e-01
1.619086879611369989e-01
1.714271040753684028e-01
1.833875429338983343e-01
1.834161043230644050e-01
2.006284238179030510e-01
2.134503328398877076e-01
2.400860968341284041e-01
2.148551404760134509e-01
2.515595395155336145e-01
2.737587598648952847e-01
3.231979942178558329e-01
3.219699893985963346e-01
3.460317132194040135e-01
3.581676281337906609e-01
3.977894860203096128e-01
4.261835526377788508e-01
4.521462393010370895e-01
4.956209683502692531e-01
5.112596632475246983e-01
5.758821577709963835e-01
5.686680699399907502e-01
5.955801978552206499e-01
6.343821075625347694e-01
6.535551131308779960e-01
6.851639326619920478e-01
6.915471866076787766e-01
7.105542103161162082e-01
7.446695047565516923e-01
7.497660954668706745e-01
7.522797202607901523e-01
7.846595446563296994e-01
7.886406169782955722e-01
7.814899659243285113e-01
7.969557084334399910e-01
8.078429365837649367e-01
6.329515954339955987e-03
1.011248722752397522e-02
3.335905768195156218e-02
7.644764423113256657e-02
1.058739317200265984e-01
9.739651720896574938e-02
1.123009751708126530e-01
9.766475969795292145e-02
9.914987349562312535e-02
9.092544833056398490e-02
1.095828667519025967e-01
9.606750146924171452e-02
1.168986987480017392e-01
1.085448862803599229e-01
1.161424749282742447e-01
1.436805840213749574e-01
1.902782846014801077e-01
2.191275876429589764e-01
1.962768024226859698e-01
2.025644113421941339e-01
2.117481980462268543e-01
2.317049378882169719e-01
2.585956276560902323e-01
2.611074526444889243e-01
2.772652363194043068e-01
2.956160793493080585e-01
3.154863228424209520e-01
3.509460592946948565e-01
3.567127983579951866e-01
3.800868906441791095e-01
4.084757644319487735e-01
4.498431321099758962e-01
4.643135714489066146e-01
4.847004119531185817e-01
5.179131116748375563e-01
5.409476192059148314e-01
5.603387131269725874e-01
5.940637566371045342e-01
6.191707335472049767e-01
6.363024981573082162e-01
6.560868202857254028e-01
6.653447876605028677e-01
6.987482080582869681e-01
7.023776381254119849e-01
7.110714980042482924e-01
7.166711579362193829e-01
7.381332086601122278e-01
7.366320763108569203e-01
7.613651213690110220e-01
7.473777056470546354e-01
1.906597999495126747e-03
1.973947266372810816e-02
5.127966853970662015e-02
9.174341691892533290e-02
1.145910425975091157e-01
1.006692550952437148e-01
9.221275457792997565e-02
1.135010024978621440e-01
1.134368517436715462e-01
1.056047984088662323e-01
1.165413638447962835e-01
1.000277777039283583e-01
1.192024585152223898e-01
1.341674093980295690e-01
1.542124400981489118e-01
1.730616747230464547e-01
1.843534295059209016e-01
2.105023132361702742e-01
2.038878155496110511e-01
2.251780614219879018e-01
2.022847712665223896e-01
2.221846929222844047e-01
2.482641018020085022e-01
2.441146112001444379e-01
2.748731717564278920e-01
2.901747596082894232e-01
3.159769125503374965e-01
3.192076433032087768e-01
3.577870660019424331e-01
3.633928107813660935e-01
3.801365101750927011e-01
4.152516902760319817e-01
4.306018988765458744e-01
4.575918548831452992e-01
4.844333676252084442e-01
5.162618754429949552e-01
5.207136642741734267e-01
5.410015816205997474e-01
5.659429542833076532e-01
6.043556105498006925e-01
6.096626115642203025e-01
6.131712014837396030e-01
6.403283594941464596e-01
6.545844066079075096e-01
6.694240005806106897e-01
6.671755561467923590e-01
6.803749810475959725e-01
6.700624793839772275e-01
7.189181191307646435e-01
7.178906743399892099e-01
2.997236911469412790e-02
1.210700022329102253e-02
7.740076116820213126e-02
1.087473271735971414e-01
1.133643532449594427e-01
1.021337318237030833e-01
1.077265384608909471e-01
1.218719618173565444e-01
1.263894784499687007e-01
1.132603623817400457e-01
9.840438949929519730e-02
1.082734568345504050e-01
1.272709636361722962e-01
1.579906708534270787e-01
1.869436586930508792e-01
1.919647009875680432e-01
2.009894305614044752e-01
2.080839640287983627e-01
2.225700300284734201e-01
2.008902303467811623e-01
2.184589328206048009e-01
2.245932729988147081e-01
2.461098890714271126e-01
2.602693341222179768e-01
2.941344011328519970e-01
2.962049342916291406e-01
2.896139103054129471e-01
3.165190446812247149e-01
3.459688779681961979e-01
3.616173168845936425e-01
3.934910678506034487e-01
4.085238688638698212e-01
4.087043003927107732e-01
4.449696027780511987e-01
4.595028754636466539e-01
4.748211036582119515e-01
4.842300262363620211e-01
5.137433423159606383e-01
5.404467734903504184e-01
5.762197471272181293e-01
5.817053539473122648e-01
5.730387702133674654e-01
6.081720827191255951e-01
6.071163201374801810e-01
6.387693224135297942e-01
6.313289509468722471e-01
6.421896135203799538e-01
6.490490230958504414e-01
6.736724057398908450e-01
6.903078622663909591e-01
4.439510731566216270e-03
3.296173924768698582e-02
7.265473550312945283e-02
1.028885154985525602e-01
1.053551125194189253e-01
1.159644490355051794e-01
1.034870881185326746e-01
1.271053648595500130e-01
1.153826197001461829e-01
1.327176131943593185e-01
1.151621701962334265e-01
1.271721255130334460e-01
1.440006292385400399e-01
1.461153547231822392e-01
1.709196537616393397e-01
1.937582442293880602e-01
2.091264082784577427e-01
2.173050020011337569e-01
2.147507542240020550e-01
2.122770367974761707e-01
2.283919112165589405e-01
2.434414191407990036e-01
2.540963854348723960e-01
2.771833515668725156e-01
2.976404593788122277e-01
2.908429708088949295e-01
3.260487196022776590e-01
3.192063525270338320e-01
3.222548396318352659e-01
3.513271644122849535e-01
3.682695341299399017e-01
3.913080795225474806e-01
4.121280759834372032e-01
4.318474506302724114e-01
4.434684362477891439e-01
4.738727928029034531e-01
4.753635202069371735e-01
4.794205215073624182e-01
5.204564626340438815e-01
5.224859074491422506e-01
5.338012963977496472e-01
5.501175570491014799e-01
5.818507971061971373e-01
5.901483748665737883e-01
5.837507835915400900e-01
6.146566920357030561e-01
6.202202052755575457e-01
6.636221781135599462e-01
6.615499084461600177e-01
6.732621231177376986e-01
1.853678025996119069e-02
4.568890955307947782e-02
8.587256422432928971e-02
1.121476963155359913e-01
9.923472071731795352e-02
1.213824679801700640e-01
1.208893292021409743e-01
1.239999792115662747e-01
1.427384294937993348e-01
1.348881177723838531e-01
1.464554573735723231e-01
1.306055625147389265e-01
1.357737959667673355e-01
1.639261420379626022e-01
1.949035024787567350e-01
2.112891869918488985e-01
1.995947971174075464e-01
2.291535778629841535e-01
2.367318672562334358e-01
2.352108050604710954e-01
2.323386011144807917e-01
2.754409175353234041e-01
2.639116618261215241e-01
2.806040130663143284e-01
2.977740437449638566e-01
3.090836939144794848e-01
3.224314401297108668e-01
3.260761256934063268e-01
3.176345395565866592e-01
3.593811844547737944e-01
3.690540234836127698e-01
3.844569433864457597e-01
3.833686664920671894e-01
4.077643205660729242e-01
4.369882015444260803e-01
4.406112057678526761e-01
4.622352225430696460e-01
4.685265834435332621e-01
4.876458297578637469e-01
5.031142757759938799e-01
5.159617663321738323e-01
5.403797380158024133e-01
5.523492796414639638e-01
5.640293174305549551e-01
6.024197098993919752e-01
5.909531384858258685e-01
6.155797020669173669e-01
6.437142220993262720e-01
6.600824436407591866e-01
6.742621079754859137e-01
0.000000000000000000e+00
3.387147024497234871e-02
6.832380584622729791e-02
1.181186814992629952e-01
1.222115598958074673e-01
1.282571241942969120e-01
1.420122480923538266e-01
1.300818731603437528e-01
1.400436909595219881e-01
1.629588059010430579e-01
1.602571740754214213e-01
1.560404289268458033e-01
1.737471482807664835e-01
1.803758604964921242e-01
2.246644256051695543e-01
2.229769651828331645e-01
2.270094010307098231e-01
2.048588358827613531e-01
2.174579221776768434e-01
2.419231687731290548e-01
2.412049793287875943e-01
2.504732191219833370e-01
2.955149278434152094e-01
2.979488190542403658e-01
2.772345647590328532e-01
3.162810437923441187e-01
3.563225285437812695e-01
3.364721525591401474e-01
3.381223427569599038e-01
3.345233783113551462e-01
3.637186502247164999e-01
3.849230189003992053e-01
3.891165142344314987e-01
4.173260324245456898e-01
4.376946623695620597e-01
4.313195132446312474e-01
4.660392268713909880e-01
4.755978836970403134e-01
4.821298668650087493e-01
4.990375979777869064e-01
5.156987452736747635e-01
5.199884949739289608e-01
5.733749241670205166e-01
5.781770437666453599e-01
5.749377344123340894e-01
6.078418985352254111e-01
6.154075175386394259e-01
6.439107106746018161e-01
6.673085881916934747e-01
6.486302752846929698e-01
3.501454800082023922e-02
2.496206075064130031e-02
7.993206740243710695e-02
1.055613823636984278e-01
1.231731883476234607e-01
1.245072414627151347e-01
1.325880566123301130e-01
1.540988019315426560e-01
1.556575036617904584e-01
1.800918260962651729e-01
1.790137484649517163e-01
1.828222223535882485e-01
1.818529877156548902e-01
1.931442546899147239e-01
2.156794763930949266e-01
2.028635323950613578e-01
1.948446027238614764e-01
2.143582253312056041e-01
2.156215206124875716e-01
2.380128315772900294e-01
2.388151244224798464e-01
2.681039486170741504e-01
2.787536965669203948e-01
3.026442003064557795e-01
3.040100018883351574e-01
3.197747690603878756e-01
3.352374353717649802e-01
3.440080952014057947e-01
3.347873303536083034e-01
3.722898345718076429e-01
3.431934391778492799e-01
3.724600921572737700e-01
3.923784813061028665e-01
4.138205256670486887e-01
4.314723057995702438e-01
4.461662673323426032e-01
4.524336304828151523e-01
4.656453430406566341e-01
4.818923762371830066e-01
4.904210835291274440e-01
5.183748620561215992e-01
5.178815881275402599e-01
5.563729286663685603e-01
5.513647713549197915e-01
5.685724466379638020e-01
6.005334382137406113e-01
6.291294165812549855e-01
6.339335488359756354e-01
6.588023295432173798e-01
6.648151482754502961e-01
3.429592838941884075e-02
4.344313105651401163e-02
7.238623436078903128e-02
1.054835645779306913e-01
1.133286485435567037e-01
1.320982215493738676e-01
1.403241723395554363e-01
1.663350545956896187e-01
1.692882954345245605e-01
1.745557689165291859e-01
1.920765484916370780e-01
2.153619192752452005e-01
2.003856520554619380e-01
1.944180194742887724e-01
2.241127207417454581e-01
2.230926619218469020e-01
2.219058711625397362e-01
2.118791228961260653e-01
2.322986879076377464e-01
2.375968085291313148e-01
2.508817165519792169e-01
2.820543773328644255e-01
2.763775093932089866e-01
3.071478262728085662e-01
3.114349677280895401e-01
3.102985804743497167e-01
3.381504900579729855e-01
3.522542439662038061e-01
3.335065812368133153e-01
3.603623354153164260e-01
3.627592519134663629e-01
3.595842640419362191e-01
3.895957948319953013e-01
4.190989977571616398e-01
4.193480804805816975e-01
4.457927807693843891e-01
4.404019733144594606e-01
4.429234686021390477e-01
4.974413756144498988e-01
4.951209102740979917e-01
5.121462304120018016e-01
5.120055279977328011e-01
5.362602346879475901e-01
5.669424067280258717e-01
5.576044243939558553e-01
5.907542706854121972e-01
6.135479992663809279e-01
6.032329108284532060e-01
6.550539985520298369e-01
6.635660565791556831e-01
1.384188329556050243e-02
2.641821738756755522e-02
8.096198942507697172e-02
1.120947725724179833e-01
1.252465497054340848e-01
1.119417669082604372e-01
1.338934365178522379e-01
1.710346301323453500e-01
1.807799249110575712e-01
1.921503260282485803e-01
2.096450240458127279e-01
2.107305759612015106e-01
1.901135918684342674e-01
2.172120265276213658e-01
2.349219634118321076e-01
2.228370260831614713e-01
2.444499897628269469e-01
2.337532135465054395e-01
2.379524411899908987e-01
2.258898088677773197e-01
2.472374655442237668e-01
2.520473482989027958e-01
2.734058168000683131e-01
2.759504206259502657e-01
2.938967785792933052e-01
3.185689962479121840e-01
3.265462805690080295e-01
3.438045053585501720e-01
3.499318227138747406e-01
3.489659321157567162e-01
3.638883797361637806e-01
3.668674657673983708e-01
3.619610939306103226e-01
3.670592436738763231e-01
3.980283968452517085e-01
4.281355244278151617e-01
4.294796084562511052e-01
4.394571496646323960e-01
4.750000974737599857e-01
4.788412450811104226e-01
4.673234015189561830e-01
5.141867570676339483e-01
5.356726393022307464e-01
5.385519777337234304e-01
5.586436377760277683e-01
5.854172216609152546e-01
6.147578748251137926e-01
6.243178843517631638e-01
6.424845657468142290e-01
6.681475353727026611e-01
1.555918161677419080e-02
3.197895537612231720e-02
8.109937972400163564e-02
1.003418960927044412e-01
1.148796029914483374e-01
1.507917278953765927e-01
1.263779668641063503e-01
1.556977728011254003e-01
1.774624603379352517e-01
1.922621689613800977e-01
2.167376663833203154e-01
2.206764788561600410e-01
2.393504255208219189e-01
2.313557178848627827e-01
2.295983310957938339e-01
2.365056977762787782e-01
2.408690634729289126e-01
2.366353670370909823e-01
2.541187417085281619e-01
2.632541644705393979e-01
2.454849869112888106e-01
2.640682375322204178e-01
2.739292351224104083e-01
2.830323471173376570e-01
2.976292758921297299e-01
3.203544794733900747e-01
3.306670991417202110e-01
3.336729103717155365e-01
3.470277840750156106e-01
3.479980540659578514e-01
3.680642895784125290e-01
3.643536620172543872e-01
3.852602541918754842e-01
3.937984451255877039e-01
3.918475009864766379e-01
4.013561313667645680e-01
3.999177612313336017e-01
4.336369755035405782e-01
4.566198282340606651e-01
4.687821721921165974e-01
4.872757738077398981e-01
4.977404350323626492e-01
5.384928680796697842e-01
5.377418509166390637e-01
5.623612636048370694e-01
5.858497661673869317e-01
6.010497868105812991e-01
5.984818405178489176e-01
6.339339349416031055e-01
6.432220880596392076e-01
1.461819572027030049e-02
3.262792288588770712e-02
8.119198647895352339e-02
1.163573025047293652e-01
1.398289960236749618e-01
1.295905902401387200e-01
1.307450478320177356e-01
1.838838389420743569e-01
1.889875636073370946e-01
2.013434328899502967e-01
2.329514685106478245e-01
2.282921636209640226e-01
2.499768759042130806e-01
2.397334555310576265e-01
2.465289588300772772e-01
2.673243794938406359e-01
2.422292172434170887e-01
2.621429512590722766e-01
2.396217362128096051e-01
2.435192187000046471e-01
2.604389537064917270e-01
2.762581892104913339e-01
2.823964002788127425e-01
3.023454019413918670e-01
3.285798752810567547e-01
3.145055913528764235e-01
3.273512924757102649e-01
3.228327664949999232e-01
3.484695642917106095e-01
3.627776034436719921e-01
3.548095550715374413e-01
3.686888792680618199e-01
3.765573827520656836e-01
3.972698469371071517e-01
3.936209713526905851e-01
4.108572627469428418e-01
4.159674843277000877e-01
4.312492602463127156e-01
4.524589359462466986e-01
4.506047882188303211e-01
4.704991171369429237e-01
5.117172954084588943e-01
5.086187937466765119e-01
5.179221533474633876e-01
5.501012073972041394e-01
5.646221294312882000e-01
5.865785264057185033e-01
6.250678160405008787e-01
6.439291956019274066e-01
6.529378094498695662e-01
1.516661314509718667e-02
3.522139808062167698e-02
1.006466324223960207e-01
9.468013205713379787e-02
1.256057836445981790e-01
1.398204497548779790e-01
1.442107920595439852e-01
1.760053019420508846e-01
1.814634914729026383e-01
2.146879865048191838e-01
2.369630513536714611e-01
2.440023637749233476e-01
2.777985221278476691e-01
2.709715618354656130e-01
2.844402444283361531e-01
2.916547166974201022e-01
2.774143257701974230e-01
2.678182703368648943e-01
2.747079240249976073e-01
2.803065888844378239e-01
2.931225824303673178e-01
2.776199714509780536e-01
2.905928732750980847e-01
3.077648055943294492e-01
3.107474459025740265e-01
3.248037020618659287e-01
3.353250240903428159e-01
3.367972173963728055e-01
3.488657973954183977e-01
3.503559245520491694e-01
3.673578467650721602e-01
3.609928934391519739e-01
3.805165493271256971e-01
3.858969784936676084e-01
4.005497504085637206e-01
4.319436634205011116e-01
4.129788859060041228e-01
4.562874169606264685e-01
4.459033538446257605e-01
4.742251592090535595e-01
4.685770105024044119e-01
4.863842656735177239e-01
5.098926390846213463e-01
5.297578677074838982e-01
5.538333736863166878e-01
5.822778908971628642e-01
5.816493609041131219e-01
6.147212401796977588e-01
6.238622929645645243e-01
6.428010183730686888e-01
3.996349468137196104e-02
4.539913621695139401e-02
9.813150940071324602e-02
1.029782707825380728e-01
1.380534769218995095e-01
1.371380383899331312e-01
1.281212119921127102e-01
1.776116032892402496e-01
1.931280100772293506e-01
2.289157770698563021e-01
2.415567854975425865e-01
2.633374708500256234e-01
2.956509741786557677e-01
2.829346543886530618e-01
2.911770447017495989e-01
2.916701681214901032e-01
3.128447053862513094e-01
3.055279814871184607e-01
3.022880507873416112e-01
3.063532771292543089e-01
3.222189802850273233e-01
3.077722468346768547e-01
3.107114850675770645e-01
3.221834205957269659e-01
3.512639499637040807e-01
3.134922371335199243e-01
3.399733370486996975e-01
3.582944573454093229e-01
3.777843336037405853e-01
3.874139487618478705e-01
3.627344254660584411e-01
3.785143296196843421e-01
4.028250426794185435e-01
4.011255797234039022e-01
4.096428705266875747e-01
4.044525897391718083e-01
4.071896549348050787e-01
4.207297583399132734e-01
4.625062785074095517e-01
4.851980079811750723e-01
4.767957136305737698e-01
4.838076744491559555e-01
5.213655835691699547e-01
5.461011367199726241e-01
5.441142270288901184e-01
5.688335822403035591e-01
6.089923905597623977e-01
6.057928205194086368e-01
6.344084813854378169e-01
6.326067018818494203e-01
1.736107953602960413e-02
2.838864586438329118e-02
8.914985160632313277e-02
1.038971675529807848e-01
1.106236753269646544e-01
1.485632036116424914e-01
1.729581081276657661e-01
1.834355027798197924e-01
2.114614302209205376e-01
2.295714831628654085e-01
2.585973302682421648e-01
2.883906532091385366e-01
2.940511423468038510e-01
2.941929460321264789e-01
3.155441171130108358e-01
3.262178002687686762e-01
3.290336198800555834e-01
3.341927399696963952e-01
3.236565212871430619e-01
3.439893842289530879e-01
3.404341353310306739e-01
3.497357393102136225e-01
3.463021700832468741e-01
3.720103842500180891e-01
3.507848036016952831e-01
3.672470542325770304e-01
3.523121637368427650e-01
3.678825153023058681e-01
3.862375618869013372e-01
3.897519687882276540e-01
4.067315074346106174e-01
4.135521478513729532e-01
4.141021302714562036e-01
4.231636597521811205e-01
4.152858192677689186e-01
4.289199318991625542e-01
4.478773645946109161e-01
4.418736404003931750e-01
4.607427357385285860e-01
4.838129253050362788e-01
5.030379629674052167e-01
5.251630541017878739e-01
5.202494353136422056e-01
5.551162436549974544e-01
5.509985067005848114e-01
5.673256935653564481e-01
6.154554379233079242e-01
6.128293300649855224e-01
6.553452241692907521e-01
6.372920292845722923e-01
1.752119731267048897e-02
4.770467854981781664e-02
7.129680441682971492e-02
1.434924982210351863e-01
1.281942205228857323e-01
1.373142157350979720e-01
1.612870744622013353e-01
1.937405025413858062e-01
2.094435984970810516e-01
2.535618253967760194e-01
2.684952499220021327e-01
3.083710776641891416e-01
3.329975523370110602e-01
3.166428147626401679e-01
3.414005332792093284e-01
3.526445321014938794e-01
3.699660047200919455e-01
3.725724203144858415e-01
3.639690745308160058e-01
3.525862241913410022e-01
3.716676720125691169e-01
3.830458344524201864e-01
3.972285709255599651e-01
3.751486540397480640e-01
3.758216556240996931e-01
3.993457636766716834e-01
3.759228341401683049e-01
3.846068295405244419e-01
3.958718340366261246e-01
4.034292008533667540e-01
4.137305664354095081e-01
4.310948643276371617e-01
4.377702532250623557e-01
4.464907888423660376e-01
4.151216778110751737e-01
4.467436492210144494e-01
4.616062805618508791e-01
4.482980350255218460e-01
4.792909004647011306e-01
4.763422130901950324e-01
4.901672223349357038e-01
5.057050868375758679e-01
5.249819674610005649e-01
5.218967606048817709e-01
5.497180997232173905e-01
5.731528648083220601e-01
5.964859675734507372e-01
6.005891420495113042e-01
6.165552075508609065e-01
6.563091195171533165e-01
0.000000000000000000e+00
3.168470784916229549e-02
9.474692318769863120e-02
1.230695619423722437e-01
1.242727606080175767e-01
1.553693817318103909e-01
1.685244850823846563e-01
2.101869979489119356e-01
2.409418105520787501e-01
2.656725706385354435e-01
2.774114555612932076e-01
2.966201138253030667e-01
3.319458572246857253e-01
3.510354753393128413e-01
3.522221895076772524e-01
3.479495874086988016e-01
3.786052739726626926e-01
3.827329130648239874e-01
4.040552694020369540e-01
3.792089748654516868e-01
4.077869656975131041e-01
4.012638544510457872e-01
4.072713253743757145e-01
4.225858064020007188e-01
4.025419266769160176e-01
4.255632441846894376e-01
4.018484495664462197e-01
4.368797854109851553e-01
4.242141170236231607e-01
4.435398852954979265e-01
4.510118118341595039e-01
4.404739256987790785e-01
4.577013863434707397e-01
4.468445009166264192e-01
4.525319129004049534e-01
4.655271803616268800e-01
4.623097496875195889e-01
4.675461998261097873e-01
4.648754321645113818e-01
4.829025090621422156e-01
4.970760297978411568e-01
5.129047065228101721e-01
5.148308866155786312e-01
5.267567112605681112e-01
5.668862738665372270e-01
5.673487378751552734e-01
5.720328399302373468e-01
5.957113118037216104e-01
6.122968314471846085e-01
6.285963864616712637e-01
7.941550539496841643e-03
3.756878392542926243e-02
8.702866439187206815e-02
1.408810180199834838e-01
1.366427972237498623e-01
1.410359503169734685e-01
2.030829665828957631e-01
2.336909912517862453e-01
2.507588046539432902e-01
2.829479363735541431e-01
2.729978192087668121e-01
3.272373418991535443e-01
3.299326077288727288e-01
3.500798396515451549e-01
3.735238242252577057e-01
3.861140383785662822e-01
3.910846583958354494e-01
4.078710638323047588e-01
4.139320409859419958e-01
4.121953505355292480e-01
4.215278332566977926e-01
4.150120517821502819e-01
4.224231662386611075e-01
4.251676228805376656e-01
4.179636358436029098e-01
4.406059076631634319e-01
4.527097939558731854e-01
4.413151223875048657e-01
4.628522511350411373e-01
4.648388323907657882e-01
4.679910095347932231e-01
4.974383018081687813e-01
4.688454817635690497e-01
4.758897165594054290e-01
4.924166557575001546e-01
5.063657039996013465e-01
4.822791340287534423e-01
4.819497117324932911e-01
4.856825062565290896e-01
4.923526397243448427e-01
5.064978260759307460e-01
5.055500821187144389e-01
5.216127139888916409e-01
5.299974707701033960e-01
5.418673056112016662e-01
5.563896681496103280e-01
5.821917444924930019e-01
5.828597171973006752e-01
6.088454519061061720e-01
6.344261981698351427e-01
2.963394073456093389e-02
5.024232142043269511e-02
1.074409177513139246e-01
1.416588333377006570e-01
1.511550630694323827e-01
1.744721085115041315e-01
1.868603521887142738e-01
2.120244833431149112e-01
2.465105485024487730e-01
2.863210629523280093e-01
2.994561205777480084e-01
3.137988056309264917e-01
3.342532022988516927e-01
3.555182272972273183e-01
3.853729585190640572e-01
4.001942966139916957e-01
4.344676220349598661e-01
4.253055584165181258e-01
4.420892743942153036e-01
4.473248785880193368e-01
4.512245214830497009e-01
4.495703935374489868e-01
4.494764659092488346e-01
4.627367434919613109e-01
4.758137356567615495e-01
4.724392249928519028e-01
4.786825291407280636e-01
4.794118029972583295e-01
4.736736485986043910e-01
4.895761933242011588e-01
5.034123198845692482e-01
4.952881757560287923e-01
4.953650985326436551e-01
5.270526824553048995e-01
5.450464589275126892e-01
5.112189126357232771e-01
5.125670202129573028e-01
5.337290145004303099e-01
4.954651425758724859e-01
5.323400633557757722e-01
5.354256341321507184e-01
5.390261415698869296e-01
5.279677983320891776e-01
5.377542283491838493e-01
5.537064321170447334e-01
5.592253059741043586e-01
5.784405652539291731e-01
5.846477301138083282e-01
6.099434136360090131e-01
6.293285592989206201e-01
4.166580652577447225e-02
6.814670039197660845e-02
1.121715824568122188e-01
1.338575640382326515e-01
1.549754172862453094e-01
1.675586387474308769e-01
1.825364574603620949e-01
2.067049394841790344e-01
2.843902716482977766e-01
2.464013401838594797e-01
2.926949714510068690e-01
3.042421644506626555e-01
3.500717474003307572e-01
3.523783103723721610e-01
3.869341147525416913e-01
3.897821430492189321e-01
4.094675740325055546e-01
4.323875174035568536e-01
4.423245262742711570e-01
4.393014481819522143e-01
4.645735331809627278e-01
4.652761503466090187e-01
4.716602453439077136e-01
5.080394864471827754e-01
5.001620198782212867e-01
4.860243077868930950e-01
5.137410811792512133e-01
5.153918820596345984e-01
5.166674733955345378e-01
5.036558728026071519e-01
5.321167187969745305e-01
5.223167051757844348e-01
5.424050858668536534e-01
5.442503478063720479e-01
5.708568271969765018e-01
5.638190317327300694e-01
5.721858842514224719e-01
5.748149625386718142e-01
5.572587236579119585e-01
5.611943605392262224e-01
5.530151468780082347e-01
5.578221888232781644e-01
5.536053736584700680e-01
5.417569494350982229e-01
5.539093219941170210e-01
5.860473964013477310e-01
5.863179315782143242e-01
6.201621798629056714e-01
6.112106420966857412e-01
6.206497175638303609e-01
3.947533696518679136e-02
5.444926620503957176e-02
1.019536302993882815e-01
1.267626924819786893e-01
1.505587339400305258e-01
1.881681477408953529e-01
1.853806170975814405e-01
2.068424136882711650e-01
2.289347055030152012e-01
2.541009297650632659e-01
2.651925346101269287e-01
3.083318363467099643e-01
3.291711013846098655e-01
3.505624262208644204e-01
3.560650175742587353e-01
3.918047972278739244e-01
4.235703742858730747e-01
4.400539151210492439e-01
4.661133656389629398e-01
4.744961644713246995e-01
4.987839496286076701e-01
4.980210303423466822e-01
5.051770681090572701e-01
5.036684353564906402e-01
5.237104267668222235e-01
5.311116922834735465e-01
5.353766238962186508e-01
5.518714664774216905e-01
5.489429981760601818e-01
5.693189430153356989e-01
5.511070347617456067e-01
5.544966564222572059e-01
5.716304838420654955e-01
5.707254046864411734e-01
5.773515319628419462e-01
5.925822833707271586e-01
5.946429294666558674e-01
5.955538776852907779e-01
5.929907445647525366e-01
6.160287391588628036e-01
6.032955998948601462e-01
5.960160819696809220e-01
5.972110025127856936e-01
5.828290498800655639e-01
5.950863577865465048e-01
6.053652038090192589e-01
5.742786102737011955e-01
6.178661838866710276e-01
6.308741044453565205e-01
6.284988497192445234e-01
1.093182989132679764e-02
4.964925538634102492e-02
9.091881254470318696e-02
1.331943088143665854e-01
1.355536455776933658e-01
1.734053655116330472e-01
1.871156865580421158e-01
1.719916365566466765e-01
2.243859454058742542e-01
2.301481267787673646e-01
2.510675608837432682e-01
2.993274696459602424e-01
3.298381118506287235e-01
3.512872563296429718e-01
3.743142915826091488e-01
3.977166791784200184e-01
4.095765611762747227e-01
4.362111095700175745e-01
4.708100376398373088e-01
4.961274747968602017e-01
5.121358369681061617e-01
5.114232219387403466e-01
5.346079722497599773e-01
5.532423795526906218e-01
5.413555373974605622e-01
5.495751107687676384e-01
5.712751232018554726e-01
5.906372038521554568e-01
6.086905230225015950e-01
6.090047939884064565e-01
5.958365145762674064e-01
5.769379183206547745e-01
6.009134221240505225e-01
6.074745378156594100e-01
6.253682339506730914e-01
6.197331302786301954e-01
6.174274191159878633e-01
6.261767476036185220e-01
6.522220247182359820e-01
6.500637422333654936e-01
6.614303377398955686e-01
6.235424374187444885e-01
6.297224891228653254e-01
6.090138685600057222e-01
6.125232420025344959e-01
6.239342162545663539e-01
6.233768545994395893e-01
6.109377367049588781e-01
6.387819854821112919e-01
6.471211671881302863e-01
0.000000000000000000e+00
4.160420732126548365e-02
8.069043893618260688e-02
1.147876365127154519e-01
1.407421070965283183e-01
1.427264846362807649e-01
1.634070523461277902e-01
1.825394988988276734e-01
2.074901350383681620e-01
2.377595603391714496e-01
2.604629282528178047e-01
2.895550442921110412e-01
3.039189284944789349e-01
3.283398559196264443e-01
3.821986443749999518e-01
4.193957872184375102e-01
4.529021472628289025e-01
4.874896504732638691e-01
5.135202734375623468e-01
5.191263990444673349e-01
5.560328306937238896e-01
5.355000422472003807e-01
5.532118161175327842e-01
5.680894621096601593e-01
5.892486418167791618e-01
5.891111672307161040e-01
5.935588156306758068e-01
6.176779193162684756e-01
6.327048121109428713e-01
6.473140761874403015e-01
6.365887582642723030e-01
6.485292694435216276e-01
6.253946947558598479e-01
6.217659748721816593e-01
6.521970474253098171e-01
6.451820161442328727e-01
6.710397404195548310e-01
6.769516902361372157e-01
6.825563706064429192e-01
7.019133844101335118e-01
6.961643076963269783e-01
6.858307631701857643e-01
6.909031783738621701e-01
6.866993781155752430e-01
6.523317336580103376e-01
6.711290671091750815e-01
6.619672882535599934e-01
6.770617064522588269e-01
7.012723607603270626e-01
6.639142722099921068e-01
1.158750751641391893e-02
2.886239470646311672e-02
9.902426769403882556e-02
1.127133043438921095e-01
1.336315113423204581e-01
1.452376103953863795e-01
1.781809214301595390e-01
1.879744588432541164e-01
2.235441434737894251e-01
2.619114513253489873e-01
2.823042316659126194e-01
3.003617468813594704e-01
3.504651018567279674e-01
3.852001418425424761e-01
4.060392583249735621e-01
4.637674537346117010e-01
4.716988814373872518e-01
5.039923942979784854e-01
5.378039167390302744e-01
5.671253433918720388e-01
5.870530203513418810e-01
6.307981570437997121e-01
5.974733368355018559e-01
6.129592775309811170e-01
6.115308542455751839e-01
6.140993238594506520e-01
6.197314005022984684e-01
6.594097768053923669e-01
6.507717413445963661e-01
6.844382268892911236e-01
6.883387846044349834e-01
6.936946621856334705e-01
6.896760243292536785e-01
6.633762145617804196e-01
6.904445696451289027e-01
6.876811198359957800e-01
7.077829936591218951e-01
7.407276284564228153e-01
7.259679876608731153e-01
7.455132532262054301e-01
7.589168595258353189e-01
7.432125072555583190e-01
7.448587146509955126e-01
7.372381473440924315e-01
7.301983240757613514e-01
7.257109252276859879e-01
7.367283243535929227e-01
7.539557342757104985e-01
7.654736162148177980e-01
7.550692608468257960e-01
1.691775592757885360e-02
7.364930159674457077e-02
1.032429768286547977e-01
1.211515624733023599e-01
1.493660685747206229e-01
1.518624021363297882e-01
1.882456491682447386e-01
1.985438239370765634e-01
2.551110436116579283e-01
2.560333102687725737e-01
3.051439691083840944e-01
3.299510325500509822e-01
3.697441506979075032e-01
3.950698646301082917e-01
4.416812207425257486e-01
4.854750228002572277e-01
5.007246897648600648e-01
5.226862562288128178e-01
5.659757172703617778e-01
6.023453297552631147e-01
6.165404684046391637e-01
6.274858501775801845e-01
6.481259338682235915e-01
6.497948543282272560e-01
6.434136264539961347e-01
6.589481408550184049e-01
6.737084469602876435e-01
6.857749985961253403e-01
7.190212759149363642e-01
7.104464911359816837e-01
7.350505540408391880e-01
7.415849947183925650e-01
7.246101115315513042e-01
7.303262206797226375e-01
7.360198011908627436e-01
7.232730601939412196e-01
7.714393243187626092e-01
7.732964546792264748e-01
7.947331914158015653e-01
7.928566415857104532e-01
7.940625337595539346e-01
8.098269188404673136e-01
7.890830390561751617e-01
7.881124883556135385e-01
7.911149705454417758e-01
7.818385272054023671e-01
7.903353441478707664e-01
7.890876201673058254e-01
7.858179722869570449e-01
8.012251593517105697e-01
1.663298938010655814e-02
6.631835851203056464e-02
1.029575745110023755e-01
1.355857372809460282e-01
1.639859933753406440e-01
1.861293155910989372e-01
2.189881839416063236e-01
2.416057960691981032e-01
2.532394827229710876e-01
2.872362511988990064e-01
3.009016178537358699e-01
3.531342900833468468e-01
3.664073814999185275e-01
4.054881993010343577e-01
4.481227138898747908e-01
5.018231098044625416e-01
5.269282306069881239e-01
5.558190414938186663e-01
5.613895601667322488e-01
6.096673300172249510e-01
6.160100898928499991e-01
6.521223062262304637e-01
6.721634873404593868e-01
6.702928968183178293e-01
6.765160166780317397e-01
7.107830827996862721e-01
7.099629174389817665e-01
7.406039569753490870e-01
7.218439554168276651e-01
7.252718406931005779e-01
7.602160220783950040e-01
7.668443858619877762e-01
7.630275464562886745e-01
7.695275731543722575e-01
7.907818814401885721e-01
7.862674932725974841e-01
7.733969230697012032e-01
8.188540136777050504e-01
8.090047161282881705e-01
8.192168314844302524e-01
8.240318518846204698e-01
8.579069546455924122e-01
8.300580286779960515e-01
8.341192301256300512e-01
8.525427675525707460e-01
8.363799469279113996e-01
8.446654003630964525e-01
8.530992450633159141e-01
8.390232087891977830e-01
8.733385631874752697e-01
2.691744470793282912e-02
5.101924377421735574e-02
1.210185688430685524e-01
1.400927977644053357e-01
1.762132354000306989e-01
1.747953839336641169e-01
1.941868968907697335e-01
2.417033855427067057e-01
2.696648553653967495e-01
3.160958574156397805e-01
3.321786517618194323e-01
3.718636213571594462e-01
3.872602406536459485e-01
4.177602784538136382e-01
4.419252941598439954e-01
4.827895263278791926e-01
5.125325318570220778e-01
5.558338465353118707e-01
5.575377063201824024e-01
6.176821838286357114e-01
6.400051869554391759e-01
6.751369075933175701e-01
6.983570087096756529e-01
7.024778915017508840e-01
6.993738403812489457e-01
7.201534766287679412e-01
7.202088354995432873e-01
7.441217415367755716e-01
7.737042501152751051e-01
7.796144433198952672e-01
7.983410698611782541e-01
7.905665480175173565e-01
8.107112689767386193e-01
8.067927319890226823e-01
8.047766324168160734e-01
8.282546138581904360e-01
8.429859850270741140e-01
8.460009532117236386e-01
8.614485180638057349e-01
8.705146524564398858e-01
8.838715882372325527e-01
8.973585177743663710e-01
8.869697459180068133e-01
9.121764290765380645e-01
8.960942088125604110e-01
8.838696764822170371e-01
9.011889980530772837e-01
9.124114001529791684e-01
9.186589830227557263e-01
9.111871931847627115e-01
2.342697861064416825e-02
4.073874675273361085e-02
1.238559603906820988e-01
1.450019678906399045e-01
1.715070170928524318e-01
2.025697065988111001e-01
2.005769420907546341e-01
2.540975922600391956e-01
2.888265814758261274e-01
3.382721902212676435e-01
3.575166599676370960e-01
3.782968571109295297e-01
3.850565087281335175e-01
4.278091011905639229e-01
4.565041343289467646e-01
4.749884545448226913e-01
5.192365916172562157e-01
5.440486080386607304e-01
5.717322906253612391e-01
6.069786841323387971e-01
6.229685636392384707e-01
6.547874775935880187e-01
6.923807590844727189e-01
7.148393058981716841e-01
7.185695650297737602e-01
7.471557870961811343e-01
7.476481356077199214e-01
7.675409007685839446e-01
7.834555215688513430e-01
8.154981550199794649e-01
8.129703218387794861e-01
8.187734940484656665e-01
8.315951311652443056e-01
8.452210160530305716e-01
8.668414864087370386e-01
8.587014440717961605e-01
8.734523837095753418e-01
8.737339974466195036e-01
8.884743202285311225e-01
8.895511169906447080e-01
9.162321281792207284e-01
9.203616378041511448e-01
9.092054375246606535e-01
9.362771292810205814e-01
9.558804107629766955e-01
9.494381910033335981e-01
9.620737719881665706e-01
9.579224224033314750e-01
9.612362156202398644e-01
9.652917462131842541e-01
3.183521955447129320e-02
3.603780720130886350e-02
1.147013837570555889e-01
1.601639040468809116e-01
1.465882002833896747e-01
2.086824350405867001e-01
2.258447070354113739e-01
2.616431967535167158e-01
2.902395719798404050e-01
3.170235337275572052e-01
3.426552442867263903e-01
3.778603709995664861e-01
4.134293626309587522e-01
4.409568878396044611e-01
4.637176342601672663e-01
4.681140259405994208e-01
5.118839258061980146e-01
5.390690147521547404e-01
5.557007598152925443e-01
5.871648264085350677e-01
6.134468573822025039e-01
6.492913979132428626e-01
6.882122691296036487e-01
7.176360724069295038e-01
7.212153009422348493e-01
7.507380712408817658e-01
7.555406246028614214e-01
7.879313362894060369e-01
7.953740704565677166e-01
8.209716035723897409e-01
8.193392354483450823e-01
8.259801637657093742e-01
8.348151958292446828e-01
8.672700818809945256e-01
8.692530813903651676e-01
9.024764431824443545e-01
8.964142597351160147e-01
8.990971659738922206e-01
9.059523271930572941e-01
9.328841681038120281e-01
9.278790843002029387e-01
9.310851447524308711e-01
9.661873048413519571e-01
9.332856778978487755e-01
9.503293722614464256e-01
9.772302069737530683e-01
9.604660261324688975e-01
9.897229930278509391e-01
9.914804000090932101e-01
9.838508226415939584e-01
2.871628277460830034e-02
6.496093026527229031e-02
1.266891578762324999e-01
1.439820003259879022e-01
1.399942033786958362e-01
1.885321046065618900e-01
2.190547371858021508e-01
2.669543288805052428e-01
2.837781402502794759e-01
3.423578320561369570e-01
3.669695670220791683e-01
4.093975333154830087e-01
4.159839007688087009e-01
4.212563222486659376e-01
4.615354440348318765e-01
4.907638763829135775e-01
5.026782005447832935e-01
5.443362199281550629e-01
5.580240819592191537e-01
5.983691197722914579e-01
6.155382376032781933e-01
6.543834145912499345e-01
6.742233784601814328e-01
7.278663901393108704e-01
7.466650586028221737e-01
7.438096301546255340e-01
7.737152611775687250e-01
7.842372915913597975e-01
7.825068214530019883e-01
8.232084137358683940e-01
8.067220471579183982e-01
8.358263489231561039e-01
8.560673757895667091e-01
8.661970823042005607e-01
8.735279166184828359e-01
8.865823686846434626e-01
8.895769488985066920e-01
9.193948820041635273e-01
9.250409405713095889e-01
9.510475809567978667e-01
9.382986209888479756e-01
9.662783310449323260e-01
9.827367241517048768e-01
9.598125207721166507e-01
9.765958431914587567e-01
9.752546740692549232e-01
9.900687946143794660e-01
1.007326551188449493e+00
9.909592117459539162e-01
9.965786434659175130e-01
