-2.9795e+01
-2.9363e+01
-2.9801e+01
-2.9804e+01
-2.9154e+01
-2.9901e+01
-2.9818e+01
-2.9600e+01
-2.9678e+01
-2.9410e+01
-2.9491e+01
-2.9481e+01
-2.9338e+01
-2.9714e+01
-3.0158e+01
-3.0218e+01
-2.9980e+01
-2.9846e+01
-2.9992e+01
-2.9527e+01
-2.9957e+01
-3.0648e+01
-3.0031e+01
-3.0402e+01
-3.0062e+01
-3.0047e+01
-2.9457e+01
-2.9671e+01
-2.8808e+01
-2.9348e+01
-2.9598e+01
-2.9443e+01
-2.9644e+01
-3.0075e+01
-2.9977e+01
-3.0115e+01
-3.0353e+01
-3.0441e+01
-3.0786e+01
-3.0492e+01
-3.0608e+01
-3.1041e+01
-3.0563e+01
-3.0922e+01
-3.0944e+01
-3.0515e+01
-3.0864e+01
-3.0962e+01
-3.0826e+01
-3.1477e+01
-2.9853e+01
-2.9899e+01
-2.9760e+01
-3.0110e+01
-2.9891e+01
-3.0035e+01
-3.0116e+01
-2.9753e+01
-2.9689e+01
-2.9833e+01
-2.9483e+01
-2.9351e+01
-2.9057e+01
-2.9106e+01
-2.9626e+01
-3.0144e+01
-2.9715e+01
-2.9369e+01
-2.9693e+01
-3.0509e+01
-3.0545e+01
-3.0656e+01
-3.0003e+01
-3.0455e+01
-2.9735e+01
-2.9712e+01
-2.9577e+01
-2.9614e+01
-2.8708e+01
-2.9456e+01
-2.9007e+01
-2.9231e+01
-2.9421e+01
-2.9989e+01
-3.0531e+01
-3.0988e+01
-3.0206e+01
-3.0530e+01
-3.0399e+01
-3.0333e+01
-3.0464e+01
-3.0639e+01
-3.0513e+01
-3.0580e+01
-3.1024e+01
-3.0552e+01
-3.0910e+01
-3.0988e+01
-3.0639e+01
-3.0946e+01
-2.9212e+01
-2.9626e+01
-2.9807e+01
-2.9781e+01
-2.9592e+01
-3.0325e+01
-2.9556e+01
-2.9739e+01
-2.9785e+01
-2.9628e+01
-2.9376e+01
-2.8690e+01
-2.8879e+01
-2.8937e+01
-3.0114e+01
-2.9709e+01
-2.9765e+01
-2.9766e+01
-3.0327e+01
-2.9973e+01
-3.0736e+01
-3.0330e+01
-3.0593e+01
-3.0174e+01
-2.9749e+01
-3.0131e+01
-2.9835e+01
-2.9676e+01
-2.9535e+01
-2.9161e+01
-2.8847e+01
-2.8722e+01
-2.9439e+01
-3.0378e+01
-3.0734e+01
-3.1055e+01
-3.0968e+01
-3.0387e+01
-3.0896e+01
-3.0338e+01
-3.0444e+01
-3.0773e+01
-3.0891e+01
-3.1327e+01
-3.0827e+01
-3.0406e+01
-3.0605e+01
-3.0738e+01
-3.0759e+01
-3.1083e+01
-2.9408e+01
-2.9200e+01
-2.9751e+01
-2.9521e+01
-2.9933e+01
-3.0785e+01
-3.0133e+01
-2.9611e+01
-2.9363e+01
-2.9142e+01
-2.9013e+01
-2.8848e+01
-2.8408e+01
-2.9551e+01
-2.9716e+01
-2.9880e+01
-2.9658e+01
-2.9838e+01
-3.0300e+01
-3.0748e+01
-3.0934e+01
-3.0719e+01
-3.0790e+01
-3.0323e+01
-2.9838e+01
-3.0198e+01
-2.9884e+01
-3.0180e+01
-2.9599e+01
-2.9488e+01
-2.8950e+01
-2.9247e+01
-3.0036e+01
-3.0365e+01
-3.0693e+01
-3.1005e+01
-3.0998e+01
-3.0981e+01
-3.0973e+01
-3.0645e+01
-3.0808e+01
-3.0989e+01
-3.0760e+01
-3.1027e+01
-3.0719e+01
-3.0526e+01
-3.0541e+01
-3.0867e+01
-3.1389e+01
-3.0833e+01
-2.8729e+01
-2.9142e+01
-2.9712e+01
-3.0000e+01
-3.0247e+01
-3.0963e+01
-3.0892e+01
-3.0791e+01
-2.9643e+01
-2.9295e+01
-2.8608e+01
-2.8810e+01
-2.8565e+01
-2.8944e+01
-2.9431e+01
-2.9804e+01
-3.0095e+01
-3.0026e+01
-3.0526e+01
-3.0958e+01
-3.0708e+01
-3.1088e+01
-3.0854e+01
-3.0732e+01
-3.0320e+01
-3.0417e+01
-3.0079e+01
-2.9990e+01
-3.0051e+01
-3.0065e+01
-2.9481e+01
-2.9906e+01
-3.0281e+01
-3.0159e+01
-3.0311e+01
-3.0656e+01
-3.1393e+01
-3.1236e+01
-3.1475e+01
-3.1113e+01
-3.0691e+01
-3.0900e+01
-3.0352e+01
-3.0520e+01
-3.0413e+01
-2.9911e+01
-3.0355e+01
-3.0739e+01
-3.1648e+01
-3.0971e+01
-2.8309e+01
-2.8880e+01
-2.9471e+01
-3.0274e+01
-3.0554e+01
-3.0592e+01
-3.0536e+01
-2.9579e+01
-2.9405e+01
-2.8996e+01
-2.8797e+01
-2.9246e+01
-2.9147e+01
-2.9098e+01
-2.9183e+01
-2.9802e+01
-2.9759e+01
-2.9908e+01
-3.0438e+01
-3.0924e+01
-3.0954e+01
-3.1272e+01
-3.1252e+01
-3.0926e+01
-3.0143e+01
-2.9759e+01
-2.9586e+01
-2.9890e+01
-3.0086e+01
-2.9891e+01
-2.9945e+01
-2.9823e+01
-3.0354e+01
-3.0544e+01
-3.0312e+01
-3.0178e+01
-3.0501e+01
-3.1090e+01
-3.0929e+01
-3.0640e+01
-3.0845e+01
-3.0190e+01
-2.9931e+01
-2.9801e+01
-3.0206e+01
-3.0060e+01
-3.0830e+01
-3.1044e+01
-3.1194e+01
-3.1550e+01
-2.9035e+01
-2.8935e+01
-2.9208e+01
-2.9363e+01
-2.9699e+01
-2.9825e+01
-2.9772e+01
-2.9624e+01
-2.9070e+01
-2.8511e+01
-2.8388e+01
-2.8876e+01
-2.9399e+01
-2.9323e+01
-2.9394e+01
-2.9851e+01
-2.9929e+01
-3.0396e+01
-3.0535e+01
-3.1001e+01
-3.1734e+01
-3.1361e+01
-3.1448e+01
-3.1107e+01
-3.0469e+01
-3.0408e+01
-2.9944e+01
-3.0250e+01
-3.0128e+01
-3.0003e+01
-2.9626e+01
-3.0295e+01
-3.0523e+01
-3.0624e+01
-3.0712e+01
-3.0870e+01
-3.0991e+01
-3.1053e+01
-3.0749e+01
-3.0404e+01
-3.0692e+01
-3.0868e+01
-3.0371e+01
-3.0137e+01
-3.0218e+01
-3.0506e+01
-3.0978e+01
-3.0818e+01
-3.0947e+01
-3.1227e+01
-2.8440e+01
-2.9008e+01
-2.9032e+01
-2.9084e+01
-2.9316e+01
-2.9542e+01
-2.9633e+01
-2.9424e+01
-2.9219e+01
-2.8417e+01
-2.8663e+01
-2.9675e+01
-2.9709e+01
-2.9059e+01
-2.9710e+01
-2.9980e+01
-3.0529e+01
-3.0622e+01
-3.0956e+01
-3.1284e+01
-3.1866e+01
-3.1550e+01
-3.1086e+01
-3.1009e+01
-3.0562e+01
-3.0403e+01
-2.9680e+01
-2.9910e+01
-3.0252e+01
-2.9686e+01
-2.9323e+01
-2.9828e+01
-3.0305e+01
-3.0668e+01
-3.0297e+01
-3.0750e+01
-3.0743e+01
-3.0864e+01
-3.1243e+01
-3.0484e+01
-3.0549e+01
-3.0356e+01
-3.0304e+01
-3.0469e+01
-3.0330e+01
-3.0484e+01
-3.1022e+01
-3.1377e+01
-3.0633e+01
-3.0816e+01
-2.9014e+01
-2.8837e+01
-2.8946e+01
-2.9324e+01
-2.9401e+01
-2.9987e+01
-2.9746e+01
-2.9724e+01
-2.9024e+01
-2.9316e+01
-2.9419e+01
-2.9574e+01
-2.9759e+01
-2.9902e+01
-2.9729e+01
-3.0364e+01
-3.0161e+01
-3.0627e+01
-3.1154e+01
-3.1635e+01
-3.1894e+01
-3.2150e+01
-3.1637e+01
-3.0920e+01
-3.0844e+01
-3.0605e+01
-3.0008e+01
-2.9954e+01
-3.0319e+01
-2.9953e+01
-2.8994e+01
-3.0026e+01
-3.0668e+01
-3.0471e+01
-3.0356e+01
-3.0219e+01
-3.0489e+01
-3.0867e+01
-3.0638e+01
-3.0943e+01
-3.1083e+01
-3.0707e+01
-3.0268e+01
-3.0429e+01
-3.1519e+01
-3.1546e+01
-3.1465e+01
-3.1302e+01
-3.0319e+01
-3.0384e+01
-2.9402e+01
-2.9355e+01
-2.9443e+01
-2.9482e+01
-2.9584e+01
-3.0138e+01
-3.0241e+01
-2.9482e+01
-2.9289e+01
-2.8642e+01
-2.9041e+01
-2.9567e+01
-2.9726e+01
-2.9744e+01
-3.0671e+01
-3.0434e+01
-3.0859e+01
-3.0420e+01
-3.1004e+01
-3.2019e+01
-3.1921e+01
-3.2033e+01
-3.1899e+01
-3.1627e+01
-3.1068e+01
-3.0585e+01
-3.0273e+01
-3.0323e+01
-3.0189e+01
-3.0708e+01
-3.0059e+01
-3.0855e+01
-3.0170e+01
-3.0156e+01
-3.0018e+01
-3.0124e+01
-3.0714e+01
-3.0853e+01
-3.0671e+01
-3.0674e+01
-3.1170e+01
-3.1008e+01
-3.1207e+01
-3.1370e+01
-3.1077e+01
-3.1705e+01
-3.1220e+01
-3.0938e+01
-3.0679e+01
-3.0883e+01
-2.9193e+01
-2.9950e+01
-3.0160e+01
-3.0025e+01
-2.9946e+01
-2.9972e+01
-2.9667e+01
-2.9524e+01
-2.9274e+01
-2.8954e+01
-2.9009e+01
-2.9957e+01
-2.9941e+01
-3.0163e+01
-3.0813e+01
-3.0619e+01
-3.0658e+01
-3.0788e+01
-3.1210e+01
-3.1752e+01
-3.1127e+01
-3.1822e+01
-3.1697e+01
-3.1459e+01
-3.1468e+01
-3.1134e+01
-3.0809e+01
-3.0570e+01
-3.0618e+01
-3.1234e+01
-3.0795e+01
-3.1213e+01
-3.1189e+01
-3.1840e+01
-3.0811e+01
-3.0990e+01
-3.0945e+01
-3.1224e+01
-3.0994e+01
-3.1041e+01
-3.2094e+01
-3.1889e+01
-3.1420e+01
-3.2043e+01
-3.1684e+01
-3.1425e+01
-3.1668e+01
-3.1274e+01
-3.1650e+01
-3.1354e+01
-2.9553e+01
-2.9577e+01
-3.0208e+01
-3.0128e+01
-2.9564e+01
-2.9478e+01
-2.9389e+01
-2.9970e+01
-2.9764e+01
-2.8830e+01
-2.9422e+01
-2.9650e+01
-3.0072e+01
-3.0228e+01
-3.0867e+01
-3.0596e+01
-3.0180e+01
-2.9926e+01
-3.0520e+01
-3.1312e+01
-3.1099e+01
-3.1454e+01
-3.0893e+01
-3.1050e+01
-3.1496e+01
-3.1475e+01
-3.0691e+01
-3.0765e+01
-3.1118e+01
-3.1208e+01
-3.1565e+01
-3.1515e+01
-3.1434e+01
-3.2054e+01
-3.1498e+01
-3.1407e+01
-3.1617e+01
-3.1627e+01
-3.0768e+01
-3.1085e+01
-3.1567e+01
-3.2616e+01
-3.2246e+01
-3.1921e+01
-3.1181e+01
-3.1931e+01
-3.1854e+01
-3.1619e+01
-3.1084e+01
-3.1476e+01
-2.9710e+01
-2.9843e+01
-3.0383e+01
-3.0197e+01
-2.9529e+01
-2.9731e+01
-3.0080e+01
-3.0088e+01
-2.9963e+01
-2.9244e+01
-2.8995e+01
-2.9392e+01
-2.9552e+01
-2.9686e+01
-3.0508e+01
-3.0580e+01
-3.0574e+01
-3.0183e+01
-3.0469e+01
-3.0435e+01
-3.0833e+01
-3.0802e+01
-3.1090e+01
-3.1483e+01
-3.1371e+01
-3.1562e+01
-3.1206e+01
-3.1548e+01
-3.1723e+01
-3.1829e+01
-3.1785e+01
-3.1671e+01
-3.1107e+01
-3.2088e+01
-3.2454e+01
-3.2337e+01
-3.1931e+01
-3.1941e+01
-3.1909e+01
-3.1222e+01
-3.2291e+01
-3.1858e+01
-3.2278e+01
-3.2138e+01
-3.1857e+01
-3.1707e+01
-3.1628e+01
-3.1611e+01
-3.1399e+01
-3.1597e+01
-2.9305e+01
-2.9893e+01
-3.0198e+01
-3.0040e+01
-3.0242e+01
-3.0391e+01
-3.0088e+01
-2.9787e+01
-2.9796e+01
-2.9556e+01
-2.9830e+01
-2.9525e+01
-2.9691e+01
-2.9335e+01
-3.0065e+01
-3.0564e+01
-3.0616e+01
-2.9714e+01
-2.9762e+01
-2.9889e+01
-3.0449e+01
-3.1095e+01
-3.1512e+01
-3.1212e+01
-3.0862e+01
-3.1317e+01
-3.1441e+01
-3.2148e+01
-3.1949e+01
-3.2144e+01
-3.1684e+01
-3.1870e+01
-3.1196e+01
-3.1972e+01
-3.2215e+01
-3.1923e+01
-3.1976e+01
-3.2303e+01
-3.2012e+01
-3.1548e+01
-3.1956e+01
-3.1922e+01
-3.2300e+01
-3.2624e+01
-3.2341e+01
-3.2158e+01
-3.1664e+01
-3.1772e+01
-3.1420e+01
-3.1074e+01
-2.9361e+01
-2.9319e+01
-2.9307e+01
-2.9311e+01
-2.9709e+01
-2.9987e+01
-2.9989e+01
-3.0162e+01
-2.9315e+01
-2.9781e+01
-3.0219e+01
-3.0075e+01
-3.0029e+01
-2.9936e+01
-2.9955e+01
-3.0624e+01
-3.0590e+01
-3.0074e+01
-2.9710e+01
-3.0130e+01
-3.0781e+01
-3.1265e+01
-3.1208e+01
-3.1159e+01
-3.1380e+01
-3.1407e+01
-3.1479e+01
-3.2329e+01
-3.2652e+01
-3.2594e+01
-3.1765e+01
-3.1971e+01
-3.1678e+01
-3.1852e+01
-3.1890e+01
-3.2205e+01
-3.2103e+01
-3.1669e+01
-3.1447e+01
-3.1978e+01
-3.2757e+01
-3.2639e+01
-3.2770e+01
-3.2474e+01
-3.2178e+01
-3.1826e+01
-3.2086e+01
-3.1602e+01
-3.1204e+01
-3.0888e+01
-2.9643e+01
-2.9317e+01
-2.9503e+01
-2.9764e+01
-3.0198e+01
-3.0097e+01
-3.0246e+01
-3.0055e+01
-2.9681e+01
-3.0037e+01
-3.0658e+01
-3.0842e+01
-3.0708e+01
-3.0568e+01
-3.0537e+01
-3.0713e+01
-3.0591e+01
-3.0163e+01
-2.9786e+01
-3.0511e+01
-3.0719e+01
-3.0095e+01
-3.0817e+01
-3.1423e+01
-3.1785e+01
-3.1121e+01
-3.1988e+01
-3.2192e+01
-3.2042e+01
-3.2670e+01
-3.2573e+01
-3.2346e+01
-3.1561e+01
-3.1430e+01
-3.1896e+01
-3.2173e+01
-3.2435e+01
-3.2138e+01
-3.1692e+01
-3.2201e+01
-3.3070e+01
-3.3146e+01
-3.2912e+01
-3.2550e+01
-3.1927e+01
-3.1786e+01
-3.1160e+01
-3.1372e+01
-3.0817e+01
-3.0943e+01
-2.9217e+01
-2.9277e+01
-2.9116e+01
-2.9267e+01
-2.9482e+01
-3.0072e+01
-2.9332e+01
-2.9809e+01
-2.9329e+01
-2.8963e+01
-3.0338e+01
-3.0948e+01
-3.0623e+01
-3.0466e+01
-3.0288e+01
-3.0132e+01
-3.0301e+01
-3.0265e+01
-3.0207e+01
-3.0495e+01
-3.0416e+01
-2.9933e+01
-3.0503e+01
-3.1108e+01
-3.1057e+01
-3.1481e+01
-3.1632e+01
-3.1392e+01
-3.1794e+01
-3.2469e+01
-3.2652e+01
-3.2505e+01
-3.2261e+01
-3.2074e+01
-3.1679e+01
-3.2292e+01
-3.2225e+01
-3.2239e+01
-3.2386e+01
-3.2643e+01
-3.2736e+01
-3.2984e+01
-3.2773e+01
-3.2809e+01
-3.2124e+01
-3.1840e+01
-3.1342e+01
-3.1563e+01
-3.0532e+01
-3.0586e+01
-2.9174e+01
-2.9120e+01
-2.9404e+01
-2.9095e+01
-2.9186e+01
-2.9509e+01
-2.9788e+01
-3.0062e+01
-2.9619e+01
-2.9398e+01
-3.0450e+01
-3.0849e+01
-3.0503e+01
-3.0572e+01
-3.0230e+01
-3.0121e+01
-3.0734e+01
-3.0229e+01
-3.0213e+01
-3.0121e+01
-3.0560e+01
-3.0573e+01
-3.0400e+01
-3.0707e+01
-3.0764e+01
-3.1051e+01
-3.1377e+01
-3.1644e+01
-3.1740e+01
-3.2161e+01
-3.2598e+01
-3.2608e+01
-3.2632e+01
-3.2450e+01
-3.2283e+01
-3.2432e+01
-3.2304e+01
-3.2255e+01
-3.2615e+01
-3.2685e+01
-3.2844e+01
-3.3399e+01
-3.2342e+01
-3.2741e+01
-3.2669e+01
-3.2382e+01
-3.1326e+01
-3.1249e+01
-3.0443e+01
-3.0332e+01
-2.8777e+01
-2.8706e+01
-2.8981e+01
-2.9519e+01
-2.9534e+01
-2.9570e+01
-3.0078e+01
-3.0718e+01
-3.0287e+01
-2.9823e+01
-3.0200e+01
-3.0557e+01
-3.0471e+01
-3.0852e+01
-3.0696e+01
-3.0244e+01
-2.9654e+01
-2.9919e+01
-3.0021e+01
-3.0283e+01
-3.0716e+01
-3.0675e+01
-3.0409e+01
-3.0270e+01
-3.0540e+01
-3.0965e+01
-3.1448e+01
-3.2105e+01
-3.2048e+01
-3.2214e+01
-3.1686e+01
-3.2122e+01
-3.2568e+01
-3.2406e+01
-3.2836e+01
-3.2585e+01
-3.1770e+01
-3.1923e+01
-3.2693e+01
-3.3103e+01
-3.2967e+01
-3.2529e+01
-3.2459e+01
-3.3019e+01
-3.2553e+01
-3.2170e+01
-3.1448e+01
-3.1131e+01
-3.0171e+01
-3.0413e+01
-2.9920e+01
-2.9592e+01
-2.9908e+01
-2.9380e+01
-2.9575e+01
-3.0284e+01
-3.0147e+01
-3.0609e+01
-2.9971e+01
-3.0114e+01
-2.9864e+01
-3.0101e+01
-3.0245e+01
-3.0808e+01
-3.0721e+01
-3.0114e+01
-3.0125e+01
-3.0215e+01
-3.0103e+01
-3.0774e+01
-3.0372e+01
-3.0116e+01
-3.0079e+01
-3.0477e+01
-3.1177e+01
-3.1040e+01
-3.1137e+01
-3.1744e+01
-3.2163e+01
-3.1798e+01
-3.1012e+01
-3.1177e+01
-3.1595e+01
-3.1694e+01
-3.1618e+01
-3.1910e+01
-3.2076e+01
-3.1747e+01
-3.2337e+01
-3.2546e+01
-3.2443e+01
-3.2281e+01
-3.2433e+01
-3.2507e+01
-3.2427e+01
-3.1854e+01
-3.1383e+01
-3.0700e+01
-2.9974e+01
-3.0413e+01
-3.0210e+01
-3.0005e+01
-2.9919e+01
-2.9767e+01
-2.9672e+01
-2.9970e+01
-3.0660e+01
-3.0318e+01
-3.0131e+01
-3.0060e+01
-2.9468e+01
-2.9859e+01
-3.0086e+01
-3.0314e+01
-3.0430e+01
-2.9701e+01
-3.0296e+01
-2.9813e+01
-3.0428e+01
-3.0763e+01
-3.1057e+01
-3.0385e+01
-3.0064e+01
-2.9643e+01
-3.0689e+01
-3.1263e+01
-3.1465e+01
-3.1556e+01
-3.1019e+01
-3.1098e+01
-3.1221e+01
-3.1283e+01
-3.1317e+01
-3.1035e+01
-3.1513e+01
-3.1682e+01
-3.1640e+01
-3.1679e+01
-3.2276e+01
-3.2167e+01
-3.2090e+01
-3.2001e+01
-3.2277e+01
-3.2133e+01
-3.1951e+01
-3.1993e+01
-3.1642e+01
-3.0973e+01
-3.0632e+01
-3.0667e+01
-3.0560e+01
-3.0782e+01
-3.0483e+01
-3.0637e+01
-3.0652e+01
-3.0610e+01
-3.0679e+01
-3.0680e+01
-3.0018e+01
-3.0020e+01
-2.9884e+01
-3.0658e+01
-3.0472e+01
-3.0223e+01
-3.1111e+01
-3.0556e+01
-3.0464e+01
-2.9887e+01
-3.0092e+01
-3.0458e+01
-3.1358e+01
-3.1122e+01
-3.0165e+01
-3.0602e+01
-3.0635e+01
-3.1218e+01
-3.1348e+01
-3.1626e+01
-3.1221e+01
-3.1534e+01
-3.1082e+01
-3.1473e+01
-3.1081e+01
-3.1034e+01
-3.1304e+01
-3.1344e+01
-3.1567e+01
-3.1647e+01
-3.1930e+01
-3.1664e+01
-3.1815e+01
-3.1989e+01
-3.2180e+01
-3.2581e+01
-3.1537e+01
-3.1551e+01
-3.1553e+01
-3.1348e+01
-3.0685e+01
-3.0877e+01
-3.0384e+01
-3.0669e+01
-3.0541e+01
-3.0643e+01
-3.0431e+01
-3.1261e+01
-3.1136e+01
-3.1063e+01
-2.9841e+01
-2.9991e+01
-2.9796e+01
-3.0981e+01
-3.1210e+01
-3.0710e+01
-3.1085e+01
-3.0750e+01
-3.0720e+01
-3.0454e+01
-2.9951e+01
-3.0148e+01
-3.0685e+01
-3.0771e+01
-3.0126e+01
-3.0311e+01
-3.0640e+01
-3.0737e+01
-3.1005e+01
-3.1282e+01
-3.0807e+01
-3.1133e+01
-3.0490e+01
-3.0648e+01
-3.0760e+01
-3.0178e+01
-3.1073e+01
-3.0700e+01
-3.1197e+01
-3.1758e+01
-3.1768e+01
-3.1510e+01
-3.1411e+01
-3.1556e+01
-3.1869e+01
-3.2261e+01
-3.1733e+01
-3.0796e+01
-3.0906e+01
-3.0899e+01
-3.0517e+01
-3.0636e+01
-3.0943e+01
-3.0976e+01
-3.0986e+01
-3.1054e+01
-3.0661e+01
-3.0719e+01
-3.1623e+01
-3.1311e+01
-3.0384e+01
-2.9843e+01
-3.0031e+01
-3.0330e+01
-3.0995e+01
-3.1223e+01
-3.1617e+01
-3.0639e+01
-3.0782e+01
-3.0238e+01
-3.0171e+01
-3.0974e+01
-3.1172e+01
-3.0335e+01
-3.0312e+01
-2.9747e+01
-3.0325e+01
-3.0417e+01
-3.0537e+01
-3.1015e+01
-3.1078e+01
-3.1184e+01
-3.0631e+01
-3.0761e+01
-3.0606e+01
-3.0220e+01
-3.0614e+01
-3.0752e+01
-3.1386e+01
-3.0849e+01
-3.1416e+01
-3.1645e+01
-3.1225e+01
-3.1400e+01
-3.1708e+01
-3.2003e+01
-3.1441e+01
-3.1305e+01
-3.1002e+01
-3.1336e+01
-3.0745e+01
-3.0620e+01
-3.1006e+01
-3.0850e+01
-3.1471e+01
-3.1182e+01
-3.0458e+01
-3.0226e+01
-3.0269e+01
-3.1024e+01
-3.0553e+01
-3.0484e+01
-2.9954e+01
-2.9701e+01
-3.0080e+01
-3.0385e+01
-3.0905e+01
-3.0239e+01
-3.0086e+01
-3.0442e+01
-3.0636e+01
-3.0769e+01
-3.1073e+01
-3.0466e+01
-3.0190e+01
-3.0424e+01
-3.0717e+01
-3.0315e+01
-3.0540e+01
-3.0860e+01
-3.0681e+01
-3.1247e+01
-3.0592e+01
-3.0352e+01
-2.9778e+01
-3.0795e+01
-3.0218e+01
-3.0708e+01
-3.0937e+01
-3.0748e+01
-3.0313e+01
-3.0705e+01
-3.0899e+01
-3.1412e+01
-3.1143e+01
-3.1657e+01
-3.1322e+01
-3.1078e+01
-3.0524e+01
-3.1087e+01
-3.0865e+01
-3.0885e+01
-3.1516e+01
-3.0825e+01
-3.1069e+01
-3.1298e+01
-3.0984e+01
-3.0912e+01
-3.0722e+01
-3.1337e+01
-3.1052e+01
-3.0811e+01
-3.0430e+01
-3.0319e+01
-3.0239e+01
-3.1028e+01
-3.0660e+01
-3.0624e+01
-3.0138e+01
-3.0345e+01
-3.0407e+01
-3.0257e+01
-3.1277e+01
-3.0738e+01
-3.0867e+01
-3.0763e+01
-3.1057e+01
-3.1002e+01
-3.1014e+01
-3.0756e+01
-3.0846e+01
-3.0911e+01
-3.0405e+01
-2.9916e+01
-2.9845e+01
-3.0452e+01
-3.0395e+01
-3.0609e+01
-3.0964e+01
-3.1044e+01
-3.0654e+01
-3.0774e+01
-3.0889e+01
-3.1142e+01
-3.1430e+01
-3.1907e+01
-3.1813e+01
-3.1833e+01
-3.0918e+01
-3.1367e+01
-3.1256e+01
-3.1599e+01
-3.1057e+01
-3.1079e+01
-3.1163e+01
-3.1159e+01
-3.0980e+01
-3.1075e+01
-3.1160e+01
-3.1496e+01
-3.1151e+01
-3.0814e+01
-3.0067e+01
-2.9529e+01
-3.0701e+01
-3.0215e+01
-3.0558e+01
-3.0425e+01
-2.9741e+01
-3.0183e+01
-3.0004e+01
-3.0512e+01
-3.0944e+01
-3.1075e+01
-3.1042e+01
-3.0636e+01
-3.0695e+01
-3.1155e+01
-3.1864e+01
-3.1457e+01
-3.0897e+01
-3.0152e+01
-2.9829e+01
-2.9511e+01
-2.9710e+01
-3.0600e+01
-3.0798e+01
-3.1109e+01
-3.0836e+01
-3.1320e+01
-3.1148e+01
-3.1181e+01
-3.1699e+01
-3.1505e+01
-3.1813e+01
-3.2175e+01
-3.2113e+01
-3.1707e+01
-3.1592e+01
-3.1633e+01
-3.1314e+01
-3.1871e+01
-3.0804e+01
-3.1044e+01
-3.1259e+01
-3.0769e+01
-3.0911e+01
-3.1372e+01
-3.1360e+01
-3.1212e+01
-3.0565e+01
-3.0045e+01
-3.0378e+01
-2.9533e+01
-3.0132e+01
-2.9669e+01
-3.0280e+01
-2.9833e+01
-2.9796e+01
-3.0114e+01
-3.0724e+01
-3.0465e+01
-3.1158e+01
-3.0654e+01
-3.1029e+01
-3.0453e+01
-3.0683e+01
-3.1156e+01
-3.1467e+01
-3.0685e+01
-3.0156e+01
-2.9789e+01
-2.9411e+01
-2.9426e+01
-3.0065e+01
-3.0577e+01
-3.0934e+01
-3.1727e+01
-3.1127e+01
-3.0753e+01
-3.1051e+01
-3.1128e+01
-3.1591e+01
-3.1247e+01
-3.1887e+01
-3.1988e+01
-3.1895e+01
-3.2002e+01
-3.2100e+01
-3.1938e+01
-3.1348e+01
-3.1891e+01
-3.1345e+01
-3.1625e+01
-3.1705e+01
-3.1479e+01
-3.1059e+01
-3.1450e+01
-3.1295e+01
-3.1106e+01
-3.0722e+01
-2.9754e+01
-3.0135e+01
-3.0055e+01
-2.9773e+01
-2.9420e+01
-2.9930e+01
-2.9931e+01
-2.9982e+01
-3.0332e+01
-2.9976e+01
-2.9525e+01
-3.0439e+01
-3.0552e+01
-3.0643e+01
-3.0479e+01
-3.0767e+01
-3.0767e+01
-3.0930e+01
-3.0205e+01
-3.0297e+01
-3.0138e+01
-2.9500e+01
-2.9630e+01
-2.9951e+01
-3.0680e+01
-3.0692e+01
-3.1064e+01
-3.0521e+01
-3.1150e+01
-3.1207e+01
-3.0665e+01
-3.1273e+01
-3.1147e+01
-3.1601e+01
-3.1553e+01
-3.1944e+01
-3.2281e+01
-3.1612e+01
-3.1892e+01
-3.1601e+01
-3.1967e+01
-3.0674e+01
-3.0998e+01
-3.1370e+01
-3.1425e+01
-3.1371e+01
-3.1499e+01
-3.1019e+01
-3.1014e+01
-3.0680e+01
-3.0647e+01
-3.0074e+01
-2.9472e+01
-2.9316e+01
-2.9492e+01
-2.9765e+01
-2.9803e+01
-3.0107e+01
-2.9982e+01
-2.9607e+01
-2.9167e+01
-2.9894e+01
-3.0121e+01
-3.0172e+01
-2.9903e+01
-3.0090e+01
-3.0383e+01
-3.0436e+01
-3.0216e+01
-3.0177e+01
-2.9580e+01
-2.9473e+01
-2.9340e+01
-2.9581e+01
-3.0098e+01
-2.9982e+01
-2.9969e+01
-3.0306e+01
-3.1175e+01
-3.1456e+01
-3.1042e+01
-3.0995e+01
-3.0707e+01
-3.1247e+01
-3.1598e+01
-3.1550e+01
-3.1864e+01
-3.1796e+01
-3.1576e+01
-3.1179e+01
-3.1573e+01
-3.0982e+01
-3.0885e+01
-3.0943e+01
-3.1710e+01
-3.1451e+01
-3.1472e+01
-3.1284e+01
-3.0776e+01
-3.0835e+01
-3.0654e+01
-3.0519e+01
-3.0113e+01
-2.9706e+01
-2.9704e+01
-3.0721e+01
-3.0105e+01
-3.0082e+01
-2.9858e+01
-2.9848e+01
-2.9859e+01
-3.0237e+01
-3.0450e+01
-3.0551e+01
-3.0063e+01
-3.0274e+01
-3.0078e+01
-3.0616e+01
-3.0340e+01
-3.0115e+01
-3.0143e+01
-3.0185e+01
-2.9441e+01
-2.9534e+01
-3.0015e+01
-2.9205e+01
-2.9954e+01
-3.0335e+01
-3.0943e+01
-3.1204e+01
-3.0776e+01
-3.0972e+01
-3.0857e+01
-3.1259e+01
-3.1648e+01
-3.2089e+01
-3.1839e+01
-3.1731e+01
-3.1848e+01
-3.1235e+01
-3.1622e+01
-3.0764e+01
-3.1301e+01
-3.0943e+01
-3.1865e+01
-3.1615e+01
-3.1870e+01
-3.0763e+01
-3.0936e+01
-3.0919e+01
-3.0819e+01
-3.0597e+01
-3.0699e+01
-3.0235e+01
-3.0791e+01
-3.0807e+01
-3.0276e+01
-3.0147e+01
-3.0194e+01
-3.0124e+01
-3.0245e+01
-3.0757e+01
-3.0048e+01
-2.9755e+01
-3.0069e+01
-3.0093e+01
-2.9881e+01
-3.0122e+01
-3.0582e+01
-3.0245e+01
-2.9856e+01
-3.0039e+01
-2.9742e+01
-2.9860e+01
-2.9764e+01
-2.9906e+01
-3.0143e+01
-3.0546e+01
-3.0656e+01
-3.0620e+01
-3.0776e+01
-3.0833e+01
-3.0569e+01
-3.1424e+01
-3.1669e+01
-3.1386e+01
-3.2155e+01
-3.1396e+01
-3.2018e+01
-3.1312e+01
-3.1474e+01
-3.1498e+01
-3.0945e+01
-3.1509e+01
-3.1566e+01
-3.1662e+01
-3.1668e+01
-3.1197e+01
-3.1163e+01
-3.1096e+01
-3.1161e+01
-3.0860e+01
-3.1053e+01
-3.0741e+01
-3.1400e+01
-3.1113e+01
-3.0792e+01
-3.0453e+01
-2.9587e+01
-2.9867e+01
-3.0295e+01
-3.0303e+01
-3.0072e+01
-3.0013e+01
-3.0111e+01
-3.0206e+01
-3.0255e+01
-2.9978e+01
-2.9885e+01
-2.9908e+01
-2.9670e+01
-2.9732e+01
-2.9917e+01
-2.9628e+01
-3.0002e+01
-2.9725e+01
-3.0481e+01
-3.0597e+01
-3.0971e+01
-3.1560e+01
-3.1045e+01
-3.0652e+01
-3.0800e+01
-3.1795e+01
-3.2013e+01
-3.1572e+01
-3.1747e+01
-3.1423e+01
-3.1547e+01
-3.1730e+01
-3.2406e+01
-3.2001e+01
-3.1148e+01
-3.1058e+01
-3.1149e+01
-3.0968e+01
-3.1298e+01
-3.1207e+01
-3.1405e+01
-3.0979e+01
-3.1072e+01
-3.1270e+01
-3.1353e+01
-3.1202e+01
-3.1152e+01
-3.1478e+01
-3.0639e+01
-3.0577e+01
-3.0082e+01
-3.0503e+01
-3.0445e+01
-3.0145e+01
-2.9880e+01
-2.9933e+01
-2.9537e+01
-2.9935e+01
-3.0125e+01
-2.9947e+01
-3.0883e+01
-3.0557e+01
-3.0615e+01
-3.0344e+01
-3.0388e+01
-2.9861e+01
-3.0314e+01
-3.0192e+01
-3.0499e+01
-3.1133e+01
-3.0579e+01
-3.1036e+01
-3.1435e+01
-3.1113e+01
-3.1326e+01
-3.1346e+01
-3.1596e+01
-3.1464e+01
-3.1901e+01
-3.1927e+01
-3.1529e+01
-3.1835e+01
-3.1971e+01
-3.1705e+01
-3.0881e+01
-3.0649e+01
-3.1311e+01
-3.1275e+01
-3.1572e+01
-3.1622e+01
-3.1035e+01
-3.1478e+01
-3.0785e+01
-3.1231e+01
-3.1120e+01
-3.1333e+01
-3.0889e+01
-3.0891e+01
-3.0704e+01
-3.0114e+01
-3.0380e+01
-3.0101e+01
-3.0919e+01
-3.0493e+01
-2.9993e+01
-2.9930e+01
-2.9981e+01
-3.0219e+01
-3.0463e+01
-3.0505e+01
-3.0395e+01
-3.0174e+01
-3.0606e+01
-3.0516e+01
-2.9843e+01
-2.9623e+01
-3.0466e+01
-3.0786e+01
-3.0929e+01
-3.0964e+01
-3.1012e+01
-3.1119e+01
-3.1037e+01
-3.0948e+01
-3.1207e+01
-3.1457e+01
-3.1016e+01
-3.1777e+01
-3.2240e+01
-3.2149e+01
-3.2367e+01
-3.1985e+01
-3.1344e+01
-3.1113e+01
-3.0845e+01
-3.0999e+01
-3.1241e+01
-3.1468e+01
-3.1697e+01
-3.1378e+01
-3.1519e+01
-3.1635e+01
-3.1100e+01
-3.1105e+01
-3.1342e+01
-3.1193e+01
-3.0740e+01
-3.0611e+01
-3.0592e+01
-3.0393e+01
-2.9913e+01
-2.9952e+01
-3.0497e+01
-3.0944e+01
-3.0442e+01
-3.0262e+01
-3.0287e+01
-3.0535e+01
-3.0564e+01
-3.0176e+01
-3.0572e+01
-3.0453e+01
-3.0693e+01
-2.9966e+01
-3.0359e+01
-3.0247e+01
-3.0684e+01
-3.0566e+01
-3.1084e+01
-3.0531e+01
-3.0673e+01
-3.0771e+01
-3.0692e+01
-3.0913e+01
-3.0568e+01
-3.0914e+01
-3.1154e+01
-3.1232e+01
-3.1928e+01
-3.2060e+01
-3.2306e+01
-3.1413e+01
-3.0624e+01
-3.0762e+01
-3.0820e+01
-3.0992e+01
-3.1486e+01
-3.1610e+01
-3.1717e+01
-3.1891e+01
-3.1928e+01
-3.1368e+01
-3.1032e+01
-3.1085e+01
-3.1176e+01
-3.1583e+01
-3.1368e+01
-3.1398e+01
-3.1004e+01
-3.0054e+01
-3.0085e+01
-3.0085e+01
-3.0439e+01
-3.0831e+01
-3.0190e+01
-3.0221e+01
-3.0279e+01
-3.0970e+01
-3.0843e+01
-3.0635e+01
-3.0315e+01
-3.0269e+01
-3.0711e+01
-3.0693e+01
-3.1006e+01
-3.0506e+01
-3.1233e+01
-3.0325e+01
-3.0496e+01
-3.0386e+01
-3.0360e+01
-3.0498e+01
-3.0694e+01
-3.0233e+01
-2.9939e+01
-3.0545e+01
-3.0584e+01
-3.1377e+01
-3.1598e+01
-3.1189e+01
-3.1729e+01
-3.1525e+01
-3.0526e+01
-3.0657e+01
-3.1165e+01
-3.1402e+01
-3.1607e+01
-3.1182e+01
-3.1829e+01
-3.1958e+01
-3.2611e+01
-3.1742e+01
-3.1642e+01
-3.1337e+01
-3.1500e+01
-3.1784e+01
-3.1356e+01
-3.1633e+01
-3.1374e+01
-3.0937e+01
-3.0548e+01
-3.0093e+01
-3.0456e+01
-3.0076e+01
-3.0300e+01
-2.9969e+01
-3.0523e+01
-3.0349e+01
-3.0379e+01
-3.0359e+01
-3.0227e+01
-3.0128e+01
-3.0800e+01
-3.0473e+01
-3.1319e+01
-3.0850e+01
-3.0633e+01
-3.0085e+01
-3.0365e+01
-3.0422e+01
-2.9831e+01
-3.0538e+01
-3.0574e+01
-2.9711e+01
-3.0175e+01
-3.0452e+01
-3.0858e+01
-3.1105e+01
-3.1963e+01
-3.1450e+01
-3.1386e+01
-3.1060e+01
-3.0846e+01
-3.1587e+01
-3.1683e+01
-3.1276e+01
-3.2077e+01
-3.1669e+01
-3.2152e+01
-3.2476e+01
-3.2686e+01
-3.1930e+01
-3.1736e+01
-3.1744e+01
-3.1947e+01
-3.2126e+01
-3.1513e+01
-3.1605e+01
-3.1824e+01
-3.1051e+01
-3.0667e+01
-3.0927e+01
-3.0432e+01
-3.0362e+01
-3.0492e+01
-3.0901e+01
-2.9820e+01
-3.0101e+01
-3.0259e+01
-3.0379e+01
-3.0389e+01
-3.0485e+01
-3.0187e+01
-3.0438e+01
-3.1339e+01
-3.0733e+01
-3.0451e+01
-3.0085e+01
-3.0701e+01
-3.0548e+01
-3.0784e+01
-3.0251e+01
-3.0636e+01
-3.0279e+01
-3.0022e+01
-3.0380e+01
-3.0572e+01
-3.0810e+01
-3.1365e+01
-3.1291e+01
-3.1523e+01
-3.1262e+01
-3.0686e+01
-3.1433e+01
-3.1920e+01
-3.1103e+01
-3.1117e+01
-3.1560e+01
-3.1626e+01
-3.1861e+01
-3.1910e+01
-3.1481e+01
-3.1093e+01
-3.0951e+01
-3.1374e+01
-3.1878e+01
-3.1477e+01
-3.1167e+01
-3.0980e+01
-3.1202e+01
-3.0838e+01
-3.1093e+01
-3.0917e+01
-3.0479e+01
-3.0565e+01
-3.0541e+01
-2.9888e+01
-3.0420e+01
-3.0615e+01
-3.0902e+01
-3.0504e+01
-3.0442e+01
-3.0351e+01
-3.0381e+01
-3.0538e+01
-3.0733e+01
-3.0808e+01
-3.0621e+01
-3.0922e+01
-2.9952e+01
-3.0460e+01
-3.0455e+01
-3.0437e+01
-2.9912e+01
-2.9367e+01
-3.0037e+01
-3.0659e+01
-3.0388e+01
-3.0601e+01
-3.1146e+01
-3.1550e+01
-3.1315e+01
-3.0501e+01
-3.1666e+01
-3.1945e+01
-3.1752e+01
-3.2114e+01
-3.1508e+01
-3.2180e+01
-3.1722e+01
-3.1584e+01
-3.1173e+01
-3.0520e+01
-3.1472e+01
-3.1144e+01
-3.1759e+01
-3.1624e+01
-3.1546e+01
-3.0816e+01
-3.1032e+01
-3.1286e+01
-3.0644e+01
-3.0963e+01
-3.0828e+01
-3.0617e+01
-3.0668e+01
-3.0154e+01
-3.0514e+01
-3.1317e+01
-3.1324e+01
-3.0881e+01
-3.0952e+01
-3.0511e+01
-3.0340e+01
-3.0005e+01
-3.0480e+01
-3.0759e+01
-3.0643e+01
-3.1233e+01
-3.0987e+01
-3.0674e+01
-3.1024e+01
-3.0829e+01
-3.0256e+01
-2.9971e+01
-2.9986e+01
-3.0619e+01
-3.0587e+01
-3.0790e+01
-3.0821e+01
-3.1083e+01
-3.1362e+01
-3.0413e+01
-3.1447e+01
-3.1258e+01
-3.0927e+01
-3.1472e+01
-3.1586e+01
-3.1677e+01
-3.1001e+01
-3.0988e+01
-3.0614e+01
-3.0213e+01
-3.0908e+01
-3.1491e+01
-3.1336e+01
-3.1092e+01
-3.0867e+01
-3.1035e+01
-3.1001e+01
-3.0822e+01
-3.1088e+01
-3.0629e+01
-3.0896e+01
-3.0088e+01
-3.0097e+01
-3.0041e+01
-3.0411e+01
-3.0956e+01
-3.1008e+01
-3.0883e+01
-3.0552e+01
-3.0301e+01
-3.0293e+01
-3.0229e+01
-3.0115e+01
-3.0152e+01
-3.0511e+01
-3.1180e+01
-3.0912e+01
-3.0611e+01
-3.0144e+01
-3.0015e+01
-3.1030e+01
-3.0309e+01
-3.0252e+01
-3.0645e+01
-3.0331e+01
-3.0677e+01
-3.0441e+01
-3.0430e+01
-2.9727e+01
-2.9770e+01
-3.1534e+01
-3.0760e+01
-3.0646e+01
-3.0760e+01
-3.0809e+01
-3.1326e+01
-3.0560e+01
-3.0370e+01
-3.0727e+01
-3.0618e+01
-3.0875e+01
-3.1317e+01
-3.1649e+01
-3.1159e+01
-3.1032e+01
-3.1455e+01
-3.1707e+01
-3.1723e+01
-3.1369e+01
-3.0923e+01
-3.1052e+01
-3.0887e+01
-3.0231e+01
-3.0418e+01
-3.0674e+01
-3.0068e+01
-3.0483e+01
-3.0920e+01
-3.0933e+01
-3.1221e+01
-3.0827e+01
-3.0638e+01
-3.0567e+01
-3.0082e+01
-3.0528e+01
-3.1246e+01
-3.0989e+01
-3.0873e+01
-3.0608e+01
-3.1110e+01
-3.0871e+01
-3.0569e+01
-3.0323e+01
-3.0718e+01
-3.0359e+01
-3.0562e+01
-3.0108e+01
-3.0456e+01
-3.0317e+01
-2.9584e+01
-3.0853e+01
-3.1233e+01
-3.1157e+01
-3.0997e+01
-3.1270e+01
-3.1558e+01
-3.0762e+01
-3.1158e+01
-3.1535e+01
-3.1216e+01
-3.1437e+01
-3.1212e+01
-3.1737e+01
-3.1691e+01
-3.2481e+01
-3.2614e+01
-3.2506e+01
-3.1695e+01
-3.1444e+01
-3.1594e+01
-3.2045e+01
-3.1248e+01
-3.0946e+01
-3.0116e+01
-3.0931e+01
-3.0322e+01
-3.0483e+01
-3.1501e+01
-3.1209e+01
-3.1692e+01
-3.1445e+01
-3.1051e+01
-3.0707e+01
-3.0898e+01
-3.0600e+01
-3.1397e+01
-3.1254e+01
-3.0188e+01
-3.0835e+01
-3.1215e+01
-3.1163e+01
-3.0705e+01
-3.0983e+01
-3.0474e+01
-3.0695e+01
-3.0392e+01
-3.0327e+01
-3.1015e+01
-3.1109e+01
-3.0621e+01
-3.1168e+01
-3.1879e+01
-3.1044e+01
-3.0612e+01
-3.1643e+01
-3.1450e+01
-3.1270e+01
-3.1554e+01
-3.1583e+01
-3.1360e+01
-3.0901e+01
-3.1192e+01
-3.1233e+01
-3.1775e+01
-3.2985e+01
-3.2789e+01
-3.2677e+01
-3.2399e+01
-3.1949e+01
-3.1612e+01
-3.1739e+01
-3.1251e+01
-3.1040e+01
-3.0784e+01
-3.0478e+01
-3.0938e+01
-3.1564e+01
-3.1604e+01
-3.1566e+01
-3.1947e+01
-3.1903e+01
-3.1864e+01
-3.0522e+01
-3.0394e+01
-3.0767e+01
-3.1046e+01
-3.1050e+01
-3.1012e+01
-3.1066e+01
-3.1593e+01
-3.1574e+01
-3.1349e+01
-3.1076e+01
-3.0882e+01
-3.1057e+01
-3.0563e+01
-3.0919e+01
-3.1224e+01
-3.0916e+01
-3.0617e+01
-3.1543e+01
-3.1889e+01
-3.1363e+01
-3.1299e+01
-3.1769e+01
-3.2149e+01
-3.1415e+01
-3.1762e+01
-3.1818e+01
-3.1976e+01
-3.1373e+01
-3.1387e+01
-3.1508e+01
-3.2047e+01
-3.2568e+01
-3.2475e+01
-3.2294e+01
-3.1854e+01
-3.1429e+01
-3.1746e+01
-3.2174e+01
-3.1844e+01
-3.1904e+01
-3.0878e+01
-3.1312e+01
-3.1726e+01
-3.1356e+01
-3.1692e+01
-3.1523e+01
-3.1643e+01
-3.1776e+01
-3.1692e+01
-3.0565e+01
-3.0298e+01
-3.0591e+01
-3.0580e+01
-3.0299e+01
-3.0668e+01
-3.0935e+01
-3.1152e+01
-3.1401e+01
-3.1568e+01
-3.0803e+01
-3.0270e+01
-3.0536e+01
-3.0864e+01
-3.0643e+01
-3.0805e+01
-3.0382e+01
-3.0271e+01
-3.0813e+01
-3.1626e+01
-3.1364e+01
-3.1763e+01
-3.1365e+01
-3.1637e+01
-3.1596e+01
-3.1493e+01
-3.1303e+01
-3.1211e+01
-3.1485e+01
-3.2004e+01
-3.1774e+01
-3.1394e+01
-3.1691e+01
-3.1532e+01
-3.1350e+01
-3.1874e+01
-3.1848e+01
-3.2191e+01
-3.2316e+01
-3.2002e+01
-3.2001e+01
-3.0929e+01
-3.0722e+01
-3.0865e+01
-3.1614e+01
-3.1748e+01
-3.1269e+01
-3.0868e+01
-3.0860e+01
-3.1125e+01
-3.0526e+01
-3.0554e+01
-3.0148e+01
-3.0433e+01
-3.0019e+01
-3.0366e+01
-3.0869e+01
-3.1172e+01
-3.1532e+01
-3.1370e+01
-3.0735e+01
-3.0680e+01
-3.0953e+01
-3.0869e+01
-3.0657e+01
-3.1010e+01
-3.0864e+01
-2.9963e+01
-3.0849e+01
-3.0889e+01
-3.1807e+01
-3.1500e+01
-3.2162e+01
-3.1403e+01
-3.1368e+01
-3.1798e+01
-3.2453e+01
-3.2345e+01
-3.1809e+01
-3.2679e+01
-3.2065e+01
-3.1496e+01
-3.1116e+01
-3.0884e+01
-3.1713e+01
-3.1508e+01
-3.2053e+01
-3.2334e+01
-3.2843e+01
-3.1698e+01
-3.1730e+01
-3.1306e+01
-3.1693e+01
-3.1347e+01
-3.1552e+01
-3.1459e+01
-3.1134e+01
-3.0479e+01
-3.0381e+01
-3.0753e+01
-3.0731e+01
-3.0660e+01
-3.0458e+01
-3.0883e+01
-3.1102e+01
-3.0759e+01
-3.1402e+01
-3.1665e+01
-3.1465e+01
-3.1195e+01
-3.1020e+01
-3.0544e+01
-3.0879e+01
-3.1293e+01
-3.0866e+01
-3.1237e+01
-3.0675e+01
-3.0356e+01
-3.1263e+01
-3.1100e+01
-3.1651e+01
-3.1978e+01
-3.1652e+01
-3.1560e+01
-3.1459e+01
-3.2023e+01
-3.1914e+01
-3.2194e+01
-3.2056e+01
-3.2184e+01
-3.1454e+01
-3.1281e+01
-3.0996e+01
-3.0956e+01
-3.0501e+01
-3.1331e+01
-3.1090e+01
-3.1732e+01
-3.1801e+01
-3.1395e+01
-3.1328e+01
-3.1480e+01
-3.1151e+01
-3.1132e+01
-3.1239e+01
-3.1238e+01
-3.1060e+01
-3.0754e+01
-2.9965e+01
-3.0879e+01
-3.0915e+01
-3.0479e+01
-3.0433e+01
-3.1223e+01
-3.0844e+01
-3.1214e+01
-3.1824e+01
-3.1222e+01
-3.1246e+01
-3.1303e+01
-3.0741e+01
-3.0918e+01
-3.0716e+01
-3.0454e+01
-3.0731e+01
-3.1178e+01
-3.0495e+01
-3.0072e+01
-3.1988e+01
-3.1321e+01
-3.1626e+01
-3.1607e+01
-3.1679e+01
-3.1260e+01
-3.1181e+01
-3.2067e+01
-3.1925e+01
-3.1636e+01
-3.2277e+01
-3.2148e+01
-3.1276e+01
-3.0864e+01
-3.1382e+01
-3.1253e+01
-3.1283e+01
-3.1175e+01
-3.0610e+01
-3.1796e+01
-3.2125e+01
-3.1580e+01
-3.1091e+01
-3.1388e+01
-3.1209e+01
-3.0802e+01
-3.0615e+01
-3.1273e+01
-3.0980e+01
-3.0819e+01
-3.0575e+01
-3.1140e+01
-3.0464e+01
-3.0126e+01
-3.0916e+01
-3.0916e+01
-3.1271e+01
-3.1190e+01
-3.1159e+01
-3.1392e+01
-3.1084e+01
-3.0836e+01
-3.0908e+01
-3.0832e+01
-3.0532e+01
-3.0112e+01
-3.0305e+01
-3.0958e+01
-3.0909e+01
-3.0114e+01
