11686
11942
14615
11535
11553
14873
12582
8365
8339
12839
1314
10537
10535
10648
10518
11198
11137
10029
2213
5506
5565
8612
7864
7815
2066
7609
7558
11825
11791
11569
9114
14234
3213
6553
8713
8759
3510
3767
1938
6030
11294
8610
15399
10905
11161
10766
5773
910
945
12305
3503
8857
14909
14851
15925
15883
1539
1596
436
395
10510
10017
15778
15272
5761
5822
9891
12049
3760
15125
15251
15147
15277
5027
5157
1188
9093
9146
2344
13978
14133
5396
5526
3467
14359
8362
8341
13877
15031
15161
14984
15111
5417
4922
4870
5048
5000
1713
1587
1548
1678
11797
11818
12208
12206
10286
11299
11440
1569
5380
5435
15409
15374
1925
1978
4130
15284
15244
13224
9014
8969
4501
6555
151
8625
8590
13374
13313
8755
8717
4784
7831
4499
3751
4006
15028
14987
2081
2339
6549
1927
1976
3215
296
10131
9272
9223
6547
5546
4890
11809
15677
15618
15652
11175
10918
8485
6071
6025
8586
8629
16005
16058
1795
1853
2566
2618
11935
4530
4661
1036
1075
14112
7699
7725
2953
2568
2616
2999
8087
314
261
182
138
15257
16182
16138
3208
15163
15109
5945
5894
14977
15038
1957
3256
4483
4541
5543
7701
7723
12192
4737
4798
4621
7585
11795
11821
9646
9618
10941
10883
11453
11395
14653
14595
11278
5016
4751
11429
2595
4917
10002
10133
10154
15422
15361
15656
5261
11958
11955
11917
11786
3344
6057
5131
9249
3093
9005
8851
7854
7826
16135
16184
13094
184
135
15386
13226
8216
3223
14776
14728
3859
11548
3873
2207
15885
15922
282
15631
15665
7849
14242
1053
2854
3240
6297
8737
8992
15521
4023
8872
3508
5413
12856
12982
12937
12808
5041
434
397
8750
8593
9134
9106
689
655
13490
1318
13873
13871
7078
7053
7090
14869
11689
11670
3097
7206
13090
9348
9404
13746
4132
3219
7183
7217
8510
8449
7583
6818
6820
11042
15383
12471
12424
8238
8209
9528
9479
13629
13570
538
4247
3733
13108
1182
2197
5295
13117
13058
14890
426
9516
9491
10288
7352
7303
11065
11015
3090
290
7222
7177
2728
9253
1342
1281
3499
3373
8242
8205
1447
1703
8998
12068
4114
13207
11063
11017
14626
6835
6578
6796
6541
4274
4019
10526
11051
277
422
4635
8067
8125
14611
11305
11286
8070
8122
4392
11148
5802
4393
13845
11546
9116
5551
12477
12418
2841
1826
3611
3227
11574
11317
11274
11529
3494
3364
7818
7861
10271
11450
11398
3725
5420
5171
5428
11577
11527
385
131
189
446
3518
3457
12340
12300
793
13720
4886
5278
5023
8105
9002
14636
13230
6308
14753
11315
14101
3242
3754
1555
1429
938
5012
12222
12161
15388
15389
8765
8706
5809
4366
10041
9990
1051
1177
5650
13465
12580
11181
9786
9734
10892
5927
10772
7330
6846
6785
12557
16131
15873
16189
15934
10149
10405
10138
10394
14227
9514
14503
14760
10667
2481
936
6700
12466
4525
4527
12939
13216
13599
14238
2218
13220
674
13077
9760
8477
8475
1438
9878
14609
14638
4745
13588
4236
15892
15915
2363
2308
15634
15661
7809
7870
6565
8617
8763
8709
2071
9385
15894
15913
1693
9493
12603
12548
8117
8075
13061
13115
4875
3602
2604
10242
10301
6444
1433
5518
5925
160
1591
1545
14249
13579
12851
5666
12342
12297
5668
9526
9481
9897
4753
2730
3773
3714
9520
9488
13485
2479
8231
15120
14864
14895
15151
12946
9503
1592
1543
6713
6662
9367
10558
10497
11965
11907
5276
13751
13577
13729
2226
2190
13886
13825
11710
11649
172
14131
14093
6306
15547
15492
14494
3979
164
13198
13455
1451
15622
15673
10245
10299
6018
6077
2494
2433
14386
14349
8112
7856
8079
7823
302
13370
13240
13320
13318
6294
2203
4767
147
9777
9614
14398
14337
6032
9881
12458
776
823
1845
1803
1332
1292
7228
7101
7042
7172
7065
14082
14141
697
646
5392
5153
13725
15134
6049
2460
4285
4226
559
12819
2348
4613
4666
14747
10551
10504
1816
1559
1195
13969
13966
11909
11962
4030
3969
7964
14251
7601
7566
6559
6429
6561
3848
3977
11038
10908
4908
4778
12805
12858
2739
14124
1424
1168
10294
10249
14138
14085
9379
12460
11157
8601
6037
5782
6189
6319
7098
7046
13980
3618
6830
6673
2852
3107
2750
2690
5010
3479
2996
7564
7604
6711
6664
6273
6334
10927
529
273
6203
6149
16143
16177
1969
1935
8327
8582
8633
8377
13736
2228
2188
10524
7707
6589
6530
13343
1047
7320
2876
2820
8853
8982
6459
6404
176
143
9895
14885
15015
778
821
1921
1982
1962
4409
4153
12560
2709
2580
4377
791
10804
10547
4122
14628
16173
16147
5032
10531
10273
8487
3258
7554
7428
7483
7613
6173
13731
5530
683
5531
13476
5400
13991
5814
5770
13627
13881
13830
13573
7324
5562
5510
14265
14522
14342
14469
16152
16168
3231
3101
4149
678
804
10783
12977
10916
5165
6284
6324
9660
9604
5932
10659
14473
14646
286
541
9985
10046
3608
8229
7972
12953
5256
5386
5558
5432
16160
10642
6326
6282
11058
2447
5906
10014
9884
13212
13467
8734
8990
10810
10757
7440
7472
7073
7211
15761
15791
6576
6543
12816
4637
1949
10913
9022
8961
5537
3206
9138
9264
9231
9101
7464
10033
9998
10128
4267
813
11155
4254
12441
6808
6794
6966
9396
9268
9227
9355
3488
7326
7307
7348
13364
787
3996
4126
11024
9730
9790
3716
3771
3740
13742
16034
16030
4641
6065
13963
14089
12735
12673
2719
2178
2237
12575
12830
2955
2700
7460
8218
14513
14479
11566
11538
10799
9612
9651
4489
4234
5535
9278
9218
14244
7338
13232
10385
10383
4359
4102
3600
9636
5677
12435
6567
6313
12089
12346
12038
12294
10554
10502
4643
156
12571
3973
4027
15542
15544
15498
15496
3590
2584
6042
5785
5683
8223
7966
2720
1173
3763
14373
7087
6929
661
14491
4014
4271
1043
5121
5183
4406
15774
12955
1414
1158
1210
1466
4012
7577
13708
8329
8374
3642
6288
14344
14391
10545
16164
16156
12973
7359
7297
3202
3076
3132
3262
12464
15265
15010
769
831
1581
12713
3249
1032
1080
12718
6067
3007
2945
9473
9535
10897
800
798
13479
9626
11184
13714
6806
900
955
8225
7970
9628
14603
14644
5940
13738
13868
2321
2992
4384
2734
2328
5136
10039
9992
16017
16047
1577
1833
12821
2101
2057
2103
2059
6954
1199
1455
6035
4994
5053
5790
3592
10806
10762
12577
12706
14877
644
699
2845
3251
2441
2443
2484
2486
12942
2737
5179
5124
2831
2702
1837
4516
13989
12087
12040
5007
10292
10252
9369
12696
13483
5789
7067
3465
4518
14751
1069
12971
2462
9373
7318
7061
9908
10035
9996
9867
1056
13457
12720
6824
13710
10541
6044
9910
9866
3105
13196
11933
12059
15910
16038
16026
15770
1026
1085
12199
12182
15639
15641
6047
2075
3990
1966
7717
7719
3864
6290
8598
8472
642
701
13087
11929
11673
13494
13832
12828
3614
3871
4902
6940
6814
14769
14899
14734
14860
15647
12446
12316
13202
4112
3855
14225
14352
2222
13214
14126
12437
2990
7470
7213
7442
7187
2715
14383
13332
12184
12201
2833
2578
1334
1289
12813
9383
12323
1818
7071
1563
3117
2987
12321
9638
12694
15644
15140
15397
4453
4710
14682
1751
9160
4815
4848
4832
1497
9942
9944
15074
5735
5720
5865
5846
11999
11744
9053
8799
5246
5185
11599
14181
13679
11885
13676
10877
10818
9030
8018
8149
14290
14426
12656
9835
4592
4558
12272
9429
9573
9190
9579
13427
2137
13132
8787
12662
12917
8530
14417
5085
7258
999
5208
5465
5617
5581
15473
15438
12913
9051
4078
4049
1474
1532
13556
500
458
12915
14787
14844
3937
3939
14685
9171
15947
15988
5873
5837
13935
11343
6369
610
10472
1128
10622
10561
6499
4334
4305
1236
1258
1106
1132
15204
7236
7290
11486
9960
14055
8395
10462
10332
2393
12634
9830
12875
13150
2007
1399
1352
1222
1272
11127
11080
10871
10824
8139
14670
14705
14796
14835
4586
4565
5090
14817
10875
10948
974
1009
14458
14405
9817
7670
7624
1139
1099
11483
7414
7369
13148
16215
8906
3009
3070
1396
1355
11243
11369
14051
14305
9323
9065
14407
14456
9298
13134
16104
6252
6226
9303
7160
7111
8409
8543
4577
3175
765
706
740
5222
5478
7260
325
378
14530
14588
13765
13818
4447
11764
11762
15347
15308
2272
9813
13430
13384
13767
13815
16069
16122
7513
16245
16201
1112
245
201
13127
1220
1274
1345
1406
8283
9307
11632
14565
13175
13272
13142
11842
11900
4191
11585
11646
11462
11512
11725
11206
11257
4588
4562
6765
6737
5442
5500
4988
4930
1788
1730
5070
5105
11238
10982
10345
8417
8161
7506
4965
11252
11210
6381
6353
6229
6250
1022
961
13291
743
11216
7761
4466
4428
4597
4554
13008
3437
11509
11123
11084
7137
13268
199
248
7793
7758
7666
7628
16199
16248
3564
12146
985
3305
1655
1607
13794
4828
13018
498
461
14302
16089
718
752
2146
10611
10572
10354
10317
15324
11877
11858
12895
13287
13542
7392
12141
864
12406
3401
3446
3527
3575
7910
12114
15949
15986
13424
12631
15728
15694
15078
9433
1492
4712
4694
6979
7035
13138
10733
6867
7934
7873
982
3912
3959
6904
6855
2754
2813
15834
15198
12119
3266
3325
1514
15978
5318
5368
13265
16097
13800
7141
15041
15102
12374
7397
7249
14694
14950
4323
3159
5320
5366
1762
6892
5857
11630
14164
10478
3297
16085
15974
8316
8258
1747
5078
5097
8261
8314
5196
5235
2517
4825
10728
10705
3906
3965
14562
11231
13528
5109
5066
4854
4809
6112
4985
4933
12620
8552
8297
4856
4806
16194
16252
15937
15998
7894
12865
12926
7797
7754
4083
4043
6869
10845
15577
2647
1771
1632
3299
12381
12507
2261
15465
4161
4222
8933
8803
12638
987
989
7677
7618
13161
11981
6342
6393
15193
15322
2904
8656
6597
6649
5491
5451
5611
5588
9598
9537
3826
3789
252
194
510
449
14802
14932
6234
6245
5978
5989
2131
1640
1895
11625
11882
11875
13802
15463
3403
3444
9825
3812
10449
2783
2142
14185
15713
6998
11862
3285
14942
6486
1745
1773
2771
5346
12107
8661
8406
468
491
14075
14020
748
722
8574
8513
7674
7620
489
469
11219
3780
3835
7906
11622
3424
3322
3268
3680
6141
6082
8171
14937
8810
16223
14792
14838
2152
2804
2762
4041
4086
10584
10330
6902
6857
9570
12886
6505
8273
12610
12669
6896
6863
11607
10974
1263
1232
1519
1488
7908
3409
8547
11373
9669
9721
8166
10464
8793
14166
14791
14840
5825
5886
11226
4418
4476
2806
2760
2657
6623
7898
7901
14157
14193
12125
11738
10745
10693
2497
2558
4673
4734
16236
2290
2252
8178
7646
7389
836
891
1885
12363
13165
3430
16228
10082
9057
8304
3185
3149
2928
2894
14954
13030
710
761
6138
6084
10306
10365
13889
13950
2034
1996
9075
8818
10310
10361
16110
3063
3015
3065
3013
14171
13027
7769
11348
16211
6734
6769
2046
1985
10469
10084
6488
15560
15607
14580
14538
13914
15092
15051
9282
9341
9155
9211
2242
2301
7509
7382
15737
15686
9842
9036
8781
8007
8056
7801
7750
2652
1246
12157
12098
15854
3539
14059
11717
11770
9587
1627
5879
5832
15211
10963
10837
9949
2384
2415
2382
2417
4474
4421
12353
12414
2154
14423
14806
11593
11466
12487
12361
5341
7276
6879
3578
3525
2284
14928
15184
13653
6134
6089
2244
2298
7011
5204
5226
10866
10829
2396
9840
10319
9719
9672
13693
13633
9285
9337
2794
12495
12770
12372
10048
10110
15824
16081
12239
5467
10234
10180
5476
240
206
13779
14414
14448
14155
14067
5859
6492
8525
9853
9794
15318
13563
13507
2916
8518
9851
9796
16207
16240
6502
1383
1509
3562
13167
2664
15562
15605
14401
14462
9823
14442
10971
12281
12024
3039
3823
3791
8180
2659
7662
7406
15575
2407
1764
11233
3556
7917
7915
210
236
6110
5852
8919
13177
12752
8564
8829
8770
8899
8955
10582
10325
2540
10859
15722
8569
12882
10312
10359
7658
12775
2501
2553
2810
2756
9967
6365
1990
2041
1861
1914
231
215
12276
15587
15718
5600
10841
12642
10348
12517
10099
10059
5596
6779
6723
1910
1865
10978
15836
16093
6337
6398
8773
3416
10831
10863
223
5741
5714
10057
10102
13902
9679
10352
5470
3163
2906
5573
5626
622
592
3536
3567
7361
7422
13125
7373
7410
7119
7280
8557
6350
6385
6255
6223
15597
5202
5228
3929
13283
13540
8825
7284
7115
7028
6987
9461
9417
9806
15570
5359
5327
6593
6653
12612
12667
8009
8054
353
349
12628
2379
2420
2249
2294
3710
3648
14146
14205
13387
13643
1870
1904
4818
4845
10064
6732
6771
11848
12105
7105
7165
2148
5969
5998
6000
5967
12230
11974
8141
9582
6756
9327
9820
8687
3923
3948
7402
4345
4294
4037
4089
7016
11491
11365
5881
5829
16219
3802
12410
12356
885
841
887
839
12741
10852
13664
15188
2021
15701
8649
1883
15314
11732
11200
11262
2918
7523
12022
13783
2926
605
3418
6762
14917
14969
15225
15173
8413
2675
2635
9681
12793
8560
8690
1992
2039
219
227
9086
9024
13181
13122
13307
13252
1120
1377
7784
3181
15614
15552
14829
15303
15351
13376
13438
6848
6910
5486
5457
9313
15584
15581
8566
2641
15428
15483
12908
9077
12135
12137
6747
1780
1739
13532
13790
11223
10967
9804
9547
14032
2404
11995
12122
12387
6344
6391
366
336
10093
10593
8158
14568
14824
3540
14198
14280
14324
14282
14040
10596
10848
14959
15215
10613
10569
11330
11389
3051
12743
5621
5577
9330
1501
15684
15739
9811
3806
3549
13899
13812
13897
13942
12394
3406
3440
9292
9070
12653
9311
11204
11259
13519
13646
14572
11377
11119
9422
7776
7521
4343
4296
6091
6131
9566
3671
8812
12906
12649
12257
12131
12873
1630
15341
7000
6745
6876
14045
10323
6516
6475
6387
6348
11350
12396
15328
2896
2670
7272
2673
2637
8421
6517
6473
12384
11746
13280
3147
3187
4315
4444
345
357
602
485
15298
15357
7527
9334
4201
4182
9208
9564
728
726
14446
13658
8678
15741
15682
10066
4441
4568
2503
2551
3547
3165
1649
1614
1523
1484
734
4062
4060
8174
8300
9168
8911
3154
2129
8271
2000
14189
2286
3946
3925
8944
9068
2031
3027
4184
4199
13521
13777
15094
15049
3570
3532
3942
7014
3422
8526
6758
3689
3670
8822
731
8952
3687
996
1251
