1.073522673754677271e+03
8.901850953780860891e+02
9.940436687674900895e+02
1.012868057368225209e+03
8.506961999299616082e+02
9.237782248428202365e+02
6.135895852984670000e+02
1.083978595553916193e+03
9.739021989476940462e+02
8.471370199472286231e+02
5.081968988732795651e+02
8.573763692538794885e+02
8.055742364206566890e+02
8.122031107312724316e+02
8.953884619650278864e+02
4.962513824795943265e+02
4.526820218724956248e+02
9.061364457764628924e+02
9.998520129662058480e+02
8.656657275687198307e+02
9.828207661969016726e+02
8.803640141569768502e+02
8.559587678898653849e+02
7.715662174356036758e+02
5.657922207750081043e+02
5.974279702059614010e+02
8.702495634513791174e+02
6.127391469434285227e+02
4.729356282212584688e+02
1.014760656080267267e+03
5.270041242698191581e+02
4.318082069764146809e+02
9.029955678128299041e+02
8.102756624015081570e+02
4.765689464489988723e+02
4.305017017849236822e+02
4.023670060025995099e+02
8.194776774802529644e+02
9.485462863969916043e+02
8.953428129135992322e+02
9.014251812482501691e+02
1.022740622271455777e+03
8.850049484564846125e+02
8.024338021968991370e+02
7.937908048192753085e+02
9.353552504405284935e+02
9.826805800478667834e+02
7.681937051460257635e+02
9.766096378459537846e+02
3.714432494230185284e+02
4.287552576857918893e+02
4.651123863198525896e+02
9.674684049854954537e+02
9.184397089056168397e+02
8.690724775420206925e+02
6.895778937543858547e+02
6.594311886008567853e+02
9.079850866973491748e+02
9.978847472550306748e+02
5.497151878801520297e+02
4.571364197530976412e+02
5.319186291146810390e+02
8.905447237043501900e+02
9.744247861647625086e+02
1.054435558984286672e+03
6.242604574577013636e+02
1.011760886324319699e+03
6.434469321621991185e+02
3.927762203901297084e+02
8.125717693995917443e+02
5.668635675068428554e+02
5.026125122149045978e+02
5.896680493222074801e+02
4.773186661752803275e+02
1.040138614079535273e+03
1.066862626127694966e+03
4.973471415510971383e+02
2.361865082776938038e+02
4.974761775838469475e+02
5.309986002663619047e+02
7.177117277836272251e+02
8.795159264797459855e+02
3.253199356826352755e+02
5.280905395927128438e+02
6.002636201821466102e+02
9.074415285798293098e+02
9.841423438802993360e+02
4.930268658168274101e+02
4.448034641092193624e+02
3.935704318358473870e+02
7.252970017212393259e+02
2.242223659091364425e+02
3.094600693063663357e+02
5.547869176870749470e+02
4.606021223884583833e+02
5.467708508374719258e+02
4.868174620660363416e+02
5.442812206286047285e+02
5.173005653971451920e+02
9.512230266727794969e+02
8.482141881705783817e+02
3.731901723111230353e+02
4.923401538189306166e+02
6.217404028050715397e+02
6.258916892948454915e+02
6.738682057130666863e+02
6.457763149657350823e+02
9.918259682919557463e+02
1.024872790313729183e+03
8.941746301077550925e+02
8.917647181452906580e+02
1.035714619602443236e+03
9.477408198708441205e+02
6.177417115966412666e+02
7.020117570521009611e+02
7.090756416469160968e+02
6.504755691503407888e+02
7.027839583033463668e+02
5.631188530112142416e+02
5.074926503665652149e+02
8.190446142859293559e+02
8.554504126425619006e+02
8.785185583494851471e+02
2.995988597197829790e+02
2.040270683645586018e+02
8.270518015541096020e+02
7.811579075694364747e+02
7.408238909362696631e+02
6.001954015671370826e+02
1.025913665321085773e+03
7.246480960526680519e+02
7.888641993117801121e+02
6.762560305326156822e+02
8.313251590333718468e+02
1.014423221704602383e+03
1.041823588131163433e+03
1.023591399690541039e+03
9.523827387748349338e+02
9.213096715261832514e+02
7.060619633943330200e+02
9.077074942966210074e+02
8.513435785364863477e+02
9.046801263262777866e+02
4.670922904569278558e+02
5.427111904792192263e+02
9.663028664041694356e+02
8.298627782067379712e+02
8.421023408071595213e+02
1.012686663795900586e+03
7.388639186405384862e+02
6.293502953085902618e+02
8.536665118929767004e+02
8.108956864276552778e+02
1.596683887204638097e+02
4.383130010678904682e+02
1.059240236769438752e+02
-1.208511974993202642e+01
2.606724400174046536e+02
1.949751917363779796e+02
7.342842369861216412e+01
8.143142013938967239e+01
2.939995228868806407e+02
1.367770875110064139e+02
6.998376015924151261e+01
3.063520843680942818e+01
9.070880091723221028e+01
9.523987465232836769e+01
3.831403496087773988e+02
6.869309680146359653e+01
4.526353280019828418e+01
8.752439568066705533e+01
-1.366595177351570101e+01
2.572474424692144908e+02
1.687925886729071578e+01
1.540990437308913101e+02
1.593950379221335538e+02
2.043419003233773168e+01
1.370717612849514353e+02
2.178622303833976730e+02
2.746503397526695878e+01
-7.636050781542330412e+00
2.122304344057650383e+02
5.425841852867037574e+01
2.566778161779214997e+02
2.822528809131565026e+02
1.374831605804355092e+02
1.403881833208135390e+02
4.460439167113501213e+01
2.402630558448565807e+02
1.125694165706516543e+02
1.882620616854358673e+02
1.736358157731239658e+02
2.467889678312396597e+02
2.027476812393965133e+02
-1.822119542981016593e+01
2.870704058874524662e+02
1.693046772768232415e+02
1.736795464352146610e+02
-1.147000781526317326e+01
1.134256390157456309e+02
1.290514839899734056e+02
3.719119722085044941e+02
1.026620202145205099e+02
2.377104353738688758e+02
1.584538816480993972e+01
2.536221232640581889e+02
3.216439208370750862e+02
2.012795511481942583e+02
2.017650883959573207e+02
1.521280820216362031e+02
1.422949078362047999e+02
1.592486612101811261e+02
1.102848030571026214e+02
6.998062569807278521e+01
2.244712641429001394e+02
2.043247501127419241e+02
1.925593326823805000e+02
9.108954338703340170e+01
2.354226955512285713e+02
4.793398681027673547e+01
2.361956812578240772e+02
9.006968123434660356e+01
8.268859348685465704e+01
-2.159283170129099716e+01
2.063939760852170195e+02
1.863253705877577886e+02
1.439846026898202069e+02
3.030185602273679137e+02
1.153252335503043469e+02
3.253551355876107891e+02
1.291762762394837125e+02
1.122149946470260602e+02
2.729035903249470039e+02
1.760392243817997269e+02
1.911727221285080702e+02
-2.612074471894638705e+01
3.998715631953956517e+00
1.627134452643987856e+02
1.544595850529018435e+02
1.170221124995233311e+02
1.529900271871800328e+02
5.651216358296341724e+01
3.549138694017690199e+01
-3.271597144664779933e+01
2.535138386555003649e+02
3.388265090938912181e+02
3.599178030597032603e+02
-8.026339509180225207e+01
2.400904456253548176e+02
1.247251358891094242e+02
1.129639503330323294e+02
5.669963077019514230e+01
1.785335415977511104e+02
1.912374541246843478e+02
1.643427335538861200e+01
4.647732518360933796e+01
2.976813346280878392e+01
3.435570639910690147e+02
7.571478050627160883e+01
2.766116536258357996e+02
-7.349850499285638250e+01
1.230871625936417360e+02
-1.359776894428513572e+00
4.362330559653749447e+02
2.997922271818912918e+02
9.019426716767212326e+01
1.535338667780811761e+02
9.504029985615498788e+01
3.150645423292809255e+02
-4.936500264976941565e+01
1.010454814311707281e+02
2.501332028746901415e+02
2.024037452542030451e+02
2.309124654816540101e+02
4.244123227445400914e+01
3.552463453328711580e+02
1.150046522166604177e+02
3.476322713717077022e+02
3.854563921951599070e+01
4.364038164776125939e+01
8.849998410671796023e+01
1.735961244230745706e+02
1.666958536151429371e+02
3.926338422813122406e+02
3.438782994354745028e+02
7.198727342805804597e+01
4.400127079215871362e+01
7.349938418737349366e+01
9.653498126764452536e+01
4.502507469125426098e+01
3.611741346781645916e+02
4.522437601042746564e+02
1.000384341875478782e+02
6.479027596278982060e+01
1.630690399500993237e+02
8.603778541432068039e+01
2.280366809553331109e+01
2.938948764979780037e+01
3.366544405742754975e+02
3.562279974548520158e+02
8.945306876607804725e+01
1.366412560073551958e+02
3.879060755084522043e+02
4.208717293672353321e+01
3.805504240892065582e+02
1.162773668334567532e+02
2.586162315932759839e+02
2.541295506198534895e+02
1.477696650894514221e+02
1.867503129478225077e+01
6.568403342326973871e-01
3.292572807677989886e+02
2.873039956510600632e+02
3.139267222630972469e+02
5.607256288393898558e+01
3.273868260831366115e+02
1.959261397031048659e+02
2.235400983672299446e+01
3.472779819583803373e+02
5.129987403027107007e+01
1.654797698788210596e+02
-4.068195968425204967e+01
3.751186829641214331e+02
3.547979230320362376e+02
3.699114142927254534e+02
1.611890539227242698e+02
8.399123609476663432e+01
2.271996097705783768e+02
1.905260253479148105e+02
2.062023089805954328e+02
1.368604610243262414e+02
1.739607359072813608e+02
6.988432132415675824e+01
1.268464226795289420e+02
-4.550325627385583971e+01
1.322507771223656903e+02
1.938689747228783062e+02
1.867018468126698565e+02
1.543300948301049402e+02
1.275806379854398642e+01
1.511472321878288483e+02
2.404005595510529929e+02
1.854454051869525415e+02
1.958143576916429822e+02
2.120007812230204820e+02
9.287272824304380947e+01
1.641660757663861432e+02
2.179282593387745521e+02
2.843685475293912646e+02
6.325236401652592377e+01
1.831867100855029662e+01
-2.576566174156286593e+01
2.368627200010538445e+02
7.300835385765275021e+01
7.047463832096822500e+01
5.053514763336958993e+01
