9.457216485999305178e+02
9.327577095387123336e+02
9.281161153676438289e+02
9.897571271113298508e+02
8.191934487117725894e+02
9.469059853841420136e+02
5.637385625032695771e+02
9.898630219891778097e+02
9.899730306518866882e+02
8.802584475736942977e+02
5.004641528871823084e+02
8.760909062160567373e+02
8.014612257583648898e+02
7.961530149281442164e+02
7.845400395393552344e+02
4.323586111829858964e+02
4.313378944657441707e+02
9.901733480532157046e+02
9.897584229658468757e+02
9.268314650773327230e+02
9.899507402216044056e+02
8.754371274593686394e+02
8.853839164198275284e+02
8.852320050026033869e+02
5.219849390295555622e+02
5.611185629033749365e+02
9.469819357293554276e+02
5.625908413919559052e+02
5.218392064349905013e+02
9.912322984204787417e+02
5.003236338798561746e+02
4.986149025478183603e+02
8.732782802213459945e+02
8.751403930262673612e+02
5.034174656645525374e+02
3.868976965672038659e+02
3.885219238043822543e+02
8.149011500520153959e+02
8.706348593428255072e+02
8.894351455911105404e+02
7.920802007954075634e+02
9.469753527696306037e+02
8.872151275839672735e+02
7.971263269797543671e+02
7.924487302131158231e+02
9.462854369738471405e+02
9.908324243088270578e+02
7.756964302169749317e+02
9.908385703621329412e+02
3.328827861530617156e+02
4.311038929779307978e+02
4.332228124501017987e+02
9.313377087048747853e+02
9.332577122170270059e+02
9.453916548294475888e+02
6.807817673438250949e+02
6.794406287834474369e+02
9.294270307107534563e+02
9.794828451335048385e+02
6.142256862175601100e+02
5.189939954594298115e+02
5.032722095799454678e+02
8.878822083579594846e+02
9.800299046112305632e+02
9.912751113804123406e+02
6.581252880521011548e+02
9.792145613373080550e+02
6.160508169509673735e+02
3.849818551128133208e+02
7.934185469032740912e+02
5.643144869771524554e+02
4.982627264116784431e+02
5.269438455690416276e+02
4.307300092642975642e+02
9.797646149785063017e+02
9.800831291736636786e+02
4.320737550830506279e+02
2.272041889907000325e+02
5.271087550387676401e+02
5.030483066485693939e+02
7.920673985498276579e+02
9.307724297811969336e+02
3.355398728322650754e+02
4.960802116503131742e+02
6.776939175025238455e+02
9.665477050418166982e+02
9.643866754514590411e+02
5.214747286929379015e+02
4.952780003403981368e+02
3.852125049579764209e+02
7.995121280721018593e+02
2.288343325030465110e+02
3.846470146567543225e+02
5.663401869504764363e+02
5.275134861605810102e+02
5.659471898753070036e+02
4.954524565719252109e+02
5.032411507157728465e+02
4.946368202002352064e+02
9.902931102452770347e+02
7.969540803630029586e+02
3.863180834281154716e+02
5.636915663287303460e+02
5.664876362579533406e+02
6.567344889538964026e+02
6.802231615044942146e+02
6.170329190731331437e+02
9.792197699095064536e+02
9.650733011590183423e+02
9.630347836755967137e+02
9.687266507668877011e+02
9.675038567640875726e+02
8.871267553221207436e+02
5.200634540559771040e+02
6.840767416866921167e+02
6.802879967360665887e+02
5.663298418305760151e+02
8.023940479622229986e+02
5.657951268250449175e+02
5.666467753460144650e+02
8.135790685392258865e+02
8.154607385577114655e+02
9.799209844240638176e+02
3.366998797396407781e+02
2.285412657132425238e+02
8.065150040107389486e+02
8.166596818862710734e+02
6.579571188076922681e+02
6.571796696136298124e+02
9.913219632121397353e+02
7.943661566960385017e+02
7.935760824138059206e+02
6.561354773289398281e+02
8.000948474133953141e+02
9.791497212124695579e+02
9.911578109300554615e+02
9.789716292658300745e+02
8.865379156089928756e+02
8.864798041810119003e+02
8.123997921284565109e+02
8.701851350884971907e+02
8.840334841169216133e+02
8.849184448781738865e+02
5.657401774226788120e+02
6.164941478235639352e+02
9.796067463926043501e+02
8.871931356569879199e+02
8.838574823780957104e+02
9.796376561994591157e+02
7.992223477331393724e+02
6.149966023264445312e+02
7.840069737524888751e+02
7.905612149324848588e+02
1.597428383269551944e+02
4.042431087868060899e+02
6.174100750416305772e+01
6.083008806020601611e+01
2.837948854764533735e+02
1.803667545180298930e+02
9.665701976016148933e+01
9.066324844163477792e+01
2.730025564878278601e+02
9.750408900524433875e+01
9.171998920868891503e+01
9.117733892481921032e+01
6.553300828632032449e+01
9.011616704567946101e+01
4.048583539130536337e+02
6.184555451016525041e+01
2.532747824778764212e+01
6.111488825058034990e+01
6.386423650041533051e+01
2.270751118042541918e+02
6.554715315829851363e+01
1.352118993511480483e+02
1.360027415512893185e+02
6.218931359351650201e+01
1.046655333661414602e+02
1.805569452275611582e+02
2.594174032868069801e+01
6.247904842805744607e+01
1.775026131144338422e+02
6.156364077046242045e+01
2.727467643446040597e+02
2.717710138616747599e+02
1.597838387415326338e+02
1.653287171081145459e+02
6.109369983221665024e+01
1.770776414177762206e+02
9.033496781835728484e+01
2.400996574947536715e+02
1.367694981173026179e+02
1.400034723936286412e+02
1.661856152408720391e+02
6.508782816699383034e+01
2.716929302344465214e+02
1.599759985883669628e+02
1.636786255214197467e+02
1.050173124150138619e+02
6.461035321263675257e+01
1.918757527294194745e+02
3.549898091836387266e+02
1.233823180121367926e+02
1.659915314151949133e+02
6.661866313865822065e+01
2.277740231444986705e+02
2.315055489183051236e+02
1.945423927665633528e+02
1.910196213417602280e+02
1.408443802199929564e+02
1.334887380234367811e+02
1.237811337111793364e+02
1.336465856171883217e+02
6.245320980830351942e+01
1.881167278117470687e+02
1.599965475865549536e+02
1.599491452719096571e+02
6.614951732267641660e+01
2.845283765402801919e+02
6.654633632692839740e+01
2.315820895542523203e+02
1.942680467688299473e+02
6.188449130192471870e+01
2.542978805906185613e+01
1.664945208459918717e+02
2.383644347643655692e+02
1.243044765704812562e+02
2.312379873847820591e+02
6.632397203790783635e+01
2.832689822910530779e+02
1.238095204883803717e+02
1.329019193255159053e+02
2.406097254817765929e+02
1.652242282439522683e+02
2.283538698198744328e+02
1.752315496722019195e-01
5.354192344498561340e+01
7.394477363102893719e+01
1.651502027138075448e+02
1.050906812311430514e+02
2.389758123125192810e+02
7.389078426992192306e+01
5.370869382512852042e+01
-3.629846515949087804e-01
2.724170922149924081e+02
3.665564593327609373e+02
3.664561994599085324e+02
-1.871860067241270242e-01
2.726066979197503315e+02
6.313942200107777580e+01
1.603209006396034795e+02
6.378962214114861240e+01
1.598680678242265571e+02
1.879319641142712385e+02
7.281218691116944797e+01
7.248928709449673136e+01
6.208790266649118905e+01
3.565053999189350975e+02
1.055118831652496709e+02
2.738207078254229145e+02
2.576521385154115151e+01
1.244810766923568650e+02
6.123774236106643798e+01
3.651269797509895625e+02
3.657323137789327347e+02
1.378024631176949981e+02
1.874927962795942449e+02
1.238011272892512125e+02
3.568949095029403793e+02
5.384785010591205179e+01
6.339522658225356366e+01
2.313026401734656758e+02
2.312668549829790265e+02
1.946169793161147936e+02
9.610053945388921193e+01
3.506081705995975994e+02
2.388928443699260527e+02
3.348255360840377080e+02
6.715878884655984393e+01
9.287370266049418888e+01
9.178129291927439226e+01
1.878885070311042682e+02
6.697449396442472391e+01
3.555192193503693829e+02
3.505147464761354854e+02
9.636320425575982540e+01
5.206169294171667161e+01
5.238127315427714592e+01
2.626595526791002300e+01
7.261206310232172711e+01
3.561954772101898357e+02
3.331911429180156006e+02
9.626661839593511161e+01
9.732140508839437132e+01
9.179440502048653627e+01
6.363102460871424171e+01
6.281116024290412270e+01
8.937051497648367615e+01
2.393016493400332934e+02
4.041205429297231149e+02
6.284494149902291582e+01
5.411197906847401384e+01
3.654832690801959529e+02
1.230296020617588937e+02
3.327738000552016047e+02
9.650216613892493456e+01
2.314396183847259749e+02
2.313766741175223274e+02
1.812689650437777971e+02
5.276591018126687516e+01
6.468376724219319840e+01
3.567455696363333004e+02
3.495621820491423932e+02
3.502352717406128022e+02
6.599343930887205545e+01
1.655972496069561828e+02
1.940587430740787909e+02
6.151109747259292249e+01
4.055280734381863113e+02
6.222585053618145423e+01
1.600621492645848889e+02
6.079290881871999375e+01
3.501551435450752479e+02
4.072196473407535677e+02
3.500195556775044565e+02
1.659275378877550793e+02
9.193192143524950666e+01
1.946815168048451881e+02
1.878573064362217337e+02
1.808739084537570250e+02
1.809921527872023148e+02
1.807034615377341424e+02
9.312030529061536299e+01
1.330545579794732589e+02
6.555881191116658613e+01
1.912165508062037134e+02
1.767520370510028727e+02
1.914072619610460322e+02
1.770044586534818905e+02
9.023807326870186785e+01
1.621123410244964873e+02
1.632975571895243831e+02
1.329905812284012256e+02
1.911482724965838713e+02
1.905961615902648418e+02
6.602890839427848846e+01
1.768412229442855619e+02
1.769300287118921631e+02
2.843823833965861354e+02
7.373647894464879471e+01
8.951462218387213454e+01
7.290908449542152425e+01
2.840465069263299256e+02
1.047077764309559882e+02
1.943629645409025102e+02
1.046027913779484209e+02
