GENER20  1.00e+25  1.00e-06                                0.00
VERTICES
  1      0.00      0.00
  2     10.00      0.00
  3     20.00      0.00
  4     30.00      0.00
  5     40.00      0.00
  6     50.00      0.00
  7     60.00      0.00
  8     70.00      0.00
  9     80.00      0.00
 10     90.00      0.00
 11    100.00      0.00
 12    110.00      0.00
 13    120.00      0.00
 14    130.00      0.00
 15    140.00      0.00
 16    150.00      0.00
 17    160.00      0.00
 18    170.00      0.00
 19    180.00      0.00
 20    190.00      0.00
 21    200.00      0.00
 22    210.00      0.00
 23    220.00      0.00
 24    230.00      0.00
 25    240.00      0.00
 26    250.00      0.00
 27    260.00      0.00
 28    270.00      0.00
 29    280.00      0.00
 30    290.00      0.00
 31    300.00      0.00
 32      0.00     10.00
 33     10.00     10.00
 34     20.00     10.00
 35     30.00     10.00
 36     40.00     10.00
 37     50.00     10.00
 38     60.00     10.00
 39     70.00     10.00
 40     80.00     10.00
 41     90.00     10.00
 42    100.00     10.00
 43    110.00     10.00
 44    120.00     10.00
 45    130.00     10.00
 46    140.00     10.00
 47    150.00     10.00
 48    160.00     10.00
 49    170.00     10.00
 50    180.00     10.00
 51    190.00     10.00
 52    200.00     10.00
 53    210.00     10.00
 54    220.00     10.00
 55    230.00     10.00
 56    240.00     10.00
 57    250.00     10.00
 58    260.00     10.00
 59    270.00     10.00
 60    280.00     10.00
 61    290.00     10.00
 62    300.00     10.00
 63      0.00     20.00
 64     10.00     20.00
 65     20.00     20.00
 66     30.00     20.00
 67     40.00     20.00
 68     50.00     20.00
 69     60.00     20.00
 70     70.00     20.00
 71     80.00     20.00
 72     90.00     20.00
 73    100.00     20.00
 74    110.00     20.00
 75    120.00     20.00
 76    130.00     20.00
 77    140.00     20.00
 78    150.00     20.00
 79    160.00     20.00
 80    170.00     20.00
 81    180.00     20.00
 82    190.00     20.00
 83    200.00     20.00
 84    210.00     20.00
 85    220.00     20.00
 86    230.00     20.00
 87    240.00     20.00
 88    250.00     20.00
 89    260.00     20.00
 90    270.00     20.00
 91    280.00     20.00
 92    290.00     20.00
 93    300.00     20.00
 94      0.00     30.00
 95     10.00     30.00
 96     20.00     30.00
 97     30.00     30.00
 98     40.00     30.00
 99     50.00     30.00
100     60.00     30.00
101     70.00     30.00
102     80.00     30.00
103     90.00     30.00
104    100.00     30.00
105    110.00     30.00
106    120.00     30.00
107    130.00     30.00
108    140.00     30.00
109    150.00     30.00
110    160.00     30.00
111    170.00     30.00
112    180.00     30.00
113    190.00     30.00
114    200.00     30.00
115    210.00     30.00
116    220.00     30.00
117    230.00     30.00
118    240.00     30.00
119    250.00     30.00
120    260.00     30.00
121    270.00     30.00
122    280.00     30.00
123    290.00     30.00
124    300.00     30.00
125      0.00     40.00
126     10.00     40.00
127     20.00     40.00
128     30.00     40.00
129     40.00     40.00
130     50.00     40.00
131     60.00     40.00
132     70.00     40.00
133     80.00     40.00
134     90.00     40.00
135    100.00     40.00
136    110.00     40.00
137    120.00     40.00
138    130.00     40.00
139    140.00     40.00
140    150.00     40.00
141    160.00     40.00
142    170.00     40.00
143    180.00     40.00
144    190.00     40.00
145    200.00     40.00
146    210.00     40.00
147    220.00     40.00
148    230.00     40.00
149    240.00     40.00
150    250.00     40.00
151    260.00     40.00
152    270.00     40.00
153    280.00     40.00
154    290.00     40.00
155    300.00     40.00
156      0.00     50.00
157     10.00     50.00
158     20.00     50.00
159     30.00     50.00
160     40.00     50.00
161     50.00     50.00
162     60.00     50.00
163     70.00     50.00
164     80.00     50.00
165     90.00     50.00
166    100.00     50.00
167    110.00     50.00
168    120.00     50.00
169    130.00     50.00
170    140.00     50.00
171    150.00     50.00
172    160.00     50.00
173    170.00     50.00
174    180.00     50.00
175    190.00     50.00
176    200.00     50.00
177    210.00     50.00
178    220.00     50.00
179    230.00     50.00
180    240.00     50.00
181    250.00     50.00
182    260.00     50.00
183    270.00     50.00
184    280.00     50.00
185    290.00     50.00
186    300.00     50.00
187      0.00     60.00
188     10.00     60.00
189     20.00     60.00
190     30.00     60.00
191     40.00     60.00
192     50.00     60.00
193     60.00     60.00
194     70.00     60.00
195     80.00     60.00
196     90.00     60.00
197    100.00     60.00
198    110.00     60.00
199    120.00     60.00
200    130.00     60.00
201    140.00     60.00
202    150.00     60.00
203    160.00     60.00
204    170.00     60.00
205    180.00     60.00
206    190.00     60.00
207    200.00     60.00
208    210.00     60.00
209    220.00     60.00
210    230.00     60.00
211    240.00     60.00
212    250.00     60.00
213    260.00     60.00
214    270.00     60.00
215    280.00     60.00
216    290.00     60.00
217    300.00     60.00
218      0.00     70.00
219     10.00     70.00
220     20.00     70.00
221     30.00     70.00
222     40.00     70.00
223     50.00     70.00
224     60.00     70.00
225     70.00     70.00
226     80.00     70.00
227     90.00     70.00
228    100.00     70.00
229    110.00     70.00
230    120.00     70.00
231    130.00     70.00
232    140.00     70.00
233    150.00     70.00
234    160.00     70.00
235    170.00     70.00
236    180.00     70.00
237    190.00     70.00
238    200.00     70.00
239    210.00     70.00
240    220.00     70.00
241    230.00     70.00
242    240.00     70.00
243    250.00     70.00
244    260.00     70.00
245    270.00     70.00
246    280.00     70.00
247    290.00     70.00
248    300.00     70.00
249      0.00     80.00
250     10.00     80.00
251     20.00     80.00
252     30.00     80.00
253     40.00     80.00
254     50.00     80.00
255     60.00     80.00
256     70.00     80.00
257     80.00     80.00
258     90.00     80.00
259    100.00     80.00
260    110.00     80.00
261    120.00     80.00
262    130.00     80.00
263    140.00     80.00
264    150.00     80.00
265    160.00     80.00
266    170.00     80.00
267    180.00     80.00
268    190.00     80.00
269    200.00     80.00
270    210.00     80.00
271    220.00     80.00
272    230.00     80.00
273    240.00     80.00
274    250.00     80.00
275    260.00     80.00
276    270.00     80.00
277    280.00     80.00
278    290.00     80.00
279    300.00     80.00
280      0.00     90.00
281     10.00     90.00
282     20.00     90.00
283     30.00     90.00
284     40.00     90.00
285     50.00     90.00
286     60.00     90.00
287     70.00     90.00
288     80.00     90.00
289     90.00     90.00
290    100.00     90.00
291    110.00     90.00
292    120.00     90.00
293    130.00     90.00
294    140.00     90.00
295    150.00     90.00
296    160.00     90.00
297    170.00     90.00
298    180.00     90.00
299    190.00     90.00
300    200.00     90.00
301    210.00     90.00
302    220.00     90.00
303    230.00     90.00
304    240.00     90.00
305    250.00     90.00
306    260.00     90.00
307    270.00     90.00
308    280.00     90.00
309    290.00     90.00
310    300.00     90.00
311      0.00    100.00
312     10.00    100.00
313     20.00    100.00
314     30.00    100.00
315     40.00    100.00
316     50.00    100.00
317     60.00    100.00
318     70.00    100.00
319     80.00    100.00
320     90.00    100.00
321    100.00    100.00
322    110.00    100.00
323    120.00    100.00
324    130.00    100.00
325    140.00    100.00
326    150.00    100.00
327    160.00    100.00
328    170.00    100.00
329    180.00    100.00
330    190.00    100.00
331    200.00    100.00
332    210.00    100.00
333    220.00    100.00
334    230.00    100.00
335    240.00    100.00
336    250.00    100.00
337    260.00    100.00
338    270.00    100.00
339    280.00    100.00
340    290.00    100.00
341    300.00    100.00

GRID
  10 4                    
  2
 33
 32
  1
  20 4                    
  3
 34
 33
  2
  30 4                    
  4
 35
 34
  3
  40 4                    
  5
 36
 35
  4
  50 4                    
  6
 37
 36
  5
  60 4                    
  7
 38
 37
  6
  70 4                    
  8
 39
 38
  7
  80 4                    
  9
 40
 39
  8
  90 4                    
 10
 41
 40
  9
 100 4                    
 11
 42
 41
 10
 110 4                    
 12
 43
 42
 11
 120 4                    
 13
 44
 43
 12
 130 4                    
 14
 45
 44
 13
 140 4                    
 15
 46
 45
 14
 150 4                    
 16
 47
 46
 15
 160 4                    
 17
 48
 47
 16
 170 4                    
 18
 49
 48
 17
 180 4                    
 19
 50
 49
 18
 190 4                    
 20
 51
 50
 19
 200 4                    
 21
 52
 51
 20
 210 4                    
 22
 53
 52
 21
 220 4                    
 23
 54
 53
 22
 230 4                    
 24
 55
 54
 23
 240 4                    
 25
 56
 55
 24
 250 4                    
 26
 57
 56
 25
 260 4                    
 27
 58
 57
 26
 270 4                    
 28
 59
 58
 27
 280 4                    
 29
 60
 59
 28
 290 4                    
 30
 61
 60
 29
 300 4                    
 31
 62
 61
 30
 310 4                    
 33
 64
 63
 32
 320 4                    
 34
 65
 64
 33
 330 4                    
 35
 66
 65
 34
 340 4                    
 36
 67
 66
 35
 350 4                    
 37
 68
 67
 36
 360 4                    
 38
 69
 68
 37
 370 4                    
 39
 70
 69
 38
 380 4                    
 40
 71
 70
 39
 390 4                    
 41
 72
 71
 40
 400 4                    
 42
 73
 72
 41
 410 4                    
 43
 74
 73
 42
 420 4                    
 44
 75
 74
 43
 430 4                    
 45
 76
 75
 44
 440 4                    
 46
 77
 76
 45
 450 4                    
 47
 78
 77
 46
 460 4                    
 48
 79
 78
 47
 470 4                    
 49
 80
 79
 48
 480 4                    
 50
 81
 80
 49
 490 4                    
 51
 82
 81
 50
 500 4                    
 52
 83
 82
 51
 510 4                    
 53
 84
 83
 52
 520 4                    
 54
 85
 84
 53
 530 4                    
 55
 86
 85
 54
 540 4                    
 56
 87
 86
 55
 550 4                    
 57
 88
 87
 56
 560 4                    
 58
 89
 88
 57
 570 4                    
 59
 90
 89
 58
 580 4                    
 60
 91
 90
 59
 590 4                    
 61
 92
 91
 60
 600 4                    
 62
 93
 92
 61
 610 4                    
 64
 95
 94
 63
 620 4                    
 65
 96
 95
 64
 630 4                    
 66
 97
 96
 65
 640 4                    
 67
 98
 97
 66
 650 4                    
 68
 99
 98
 67
 660 4                    
 69
100
 99
 68
 670 4                    
 70
101
100
 69
 680 4                    
 71
102
101
 70
 690 4                    
 72
103
102
 71
 700 4                    
 73
104
103
 72
 710 4                    
 74
105
104
 73
 720 4                    
 75
106
105
 74
 730 4                    
 76
107
106
 75
 740 4                    
 77
108
107
 76
 750 4                    
 78
109
108
 77
 760 4                    
 79
110
109
 78
 770 4                    
 80
111
110
 79
 780 4                    
 81
112
111
 80
 790 4                    
 82
113
112
 81
 800 4                    
 83
114
113
 82
 810 4                    
 84
115
114
 83
 820 4                    
 85
116
115
 84
 830 4                    
 86
117
116
 85
 840 4                    
 87
118
117
 86
 850 4                    
 88
119
118
 87
 860 4                    
 89
120
119
 88
 870 4                    
 90
121
120
 89
 880 4                    
 91
122
121
 90
 890 4                    
 92
123
122
 91
 900 4                    
 93
124
123
 92
 910 4                    
 95
126
125
 94
 920 4                    
 96
127
126
 95
 930 4                    
 97
128
127
 96
 940 4                    
 98
129
128
 97
 950 4                    
 99
130
129
 98
 960 4                    
100
131
130
 99
 970 4                    
101
132
131
100
 980 4                    
102
133
132
101
 990 4                    
103
134
133
102
1000 4                    
104
135
134
103
1010 4                    
105
136
135
104
1020 4                    
106
137
136
105
1030 4                    
107
138
137
106
1040 4                    
108
139
138
107
1050 4                    
109
140
139
108
1060 4                    
110
141
140
109
1070 4                    
111
142
141
110
1080 4                    
112
143
142
111
1090 4                    
113
144
143
112
1100 4                    
114
145
144
113
1110 4                    
115
146
145
114
1120 4                    
116
147
146
115
1130 4                    
117
148
147
116
1140 4                    
118
149
148
117
1150 4                    
119
150
149
118
1160 4                    
120
151
150
119
1170 4                    
121
152
151
120
1180 4                    
122
153
152
121
1190 4                    
123
154
153
122
1200 4                    
124
155
154
123
1210 4                    
126
157
156
125
1220 4                    
127
158
157
126
1230 4                    
128
159
158
127
1240 4                    
129
160
159
128
1250 4                    
130
161
160
129
1260 4                    
131
162
161
130
1270 4                    
132
163
162
131
1280 4                    
133
164
163
132
1290 4                    
134
165
164
133
1300 4                    
135
166
165
134
1310 4                    
136
167
166
135
1320 4                    
137
168
167
136
1330 4                    
138
169
168
137
1340 4                    
139
170
169
138
1350 4                    
140
171
170
139
1360 4                    
141
172
171
140
1370 4                    
142
173
172
141
1380 4                    
143
174
173
142
1390 4                    
144
175
174
143
1400 4                    
145
176
175
144
1410 4                    
146
177
176
145
1420 4                    
147
178
177
146
1430 4                    
148
179
178
147
1440 4                    
149
180
179
148
1450 4                    
150
181
180
149
1460 4                    
151
182
181
150
1470 4                    
152
183
182
151
1480 4                    
153
184
183
152
1490 4                    
154
185
184
153
1500 4                    
155
186
185
154
1510 4                    
157
188
187
156
1520 4                    
158
189
188
157
1530 4                    
159
190
189
158
1540 4                    
160
191
190
159
1550 4                    
161
192
191
160
1560 4                    
162
193
192
161
1570 4                    
163
194
193
162
1580 4                    
164
195
194
163
1590 4                    
165
196
195
164
1600 4                    
166
197
196
165
1610 4                    
167
198
197
166
1620 4                    
168
199
198
167
1630 4                    
169
200
199
168
1640 4                    
170
201
200
169
1650 4                    
171
202
201
170
1660 4                    
172
203
202
171
1670 4                    
173
204
203
172
1680 4                    
174
205
204
173
1690 4                    
175
206
205
174
1700 4                    
176
207
206
175
1710 4                    
177
208
207
176
1720 4                    
178
209
208
177
1730 4                    
179
210
209
178
1740 4                    
180
211
210
179
1750 4                    
181
212
211
180
1760 4                    
182
213
212
181
1770 4                    
183
214
213
182
1780 4                    
184
215
214
183
1790 4                    
185
216
215
184
1800 4                    
186
217
216
185
1810 4                    
188
219
218
187
1820 4                    
189
220
219
188
1830 4                    
190
221
220
189
1840 4                    
191
222
221
190
1850 4                    
192
223
222
191
1860 4                    
193
224
223
192
1870 4                    
194
225
224
193
1880 4                    
195
226
225
194
1890 4                    
196
227
226
195
1900 4                    
197
228
227
196
1910 4                    
198
229
228
197
1920 4                    
199
230
229
198
1930 4                    
200
231
230
199
1940 4                    
201
232
231
200
1950 4                    
202
233
232
201
1960 4                    
203
234
233
202
1970 4                    
204
235
234
203
1980 4                    
205
236
235
204
1990 4                    
206
237
236
205
2000 4                    
207
238
237
206
2010 4                    
208
239
238
207
2020 4                    
209
240
239
208
2030 4                    
210
241
240
209
2040 4                    
211
242
241
210
2050 4                    
212
243
242
211
2060 4                    
213
244
243
212
2070 4                    
214
245
244
213
2080 4                    
215
246
245
214
2090 4                    
216
247
246
215
2100 4                    
217
248
247
216
2110 4                    
219
250
249
218
2120 4                    
220
251
250
219
2130 4                    
221
252
251
220
2140 4                    
222
253
252
221
2150 4                    
223
254
253
222
2160 4                    
224
255
254
223
2170 4                    
225
256
255
224
2180 4                    
226
257
256
225
2190 4                    
227
258
257
226
2200 4                    
228
259
258
227
2210 4                    
229
260
259
228
2220 4                    
230
261
260
229
2230 4                    
231
262
261
230
2240 4                    
232
263
262
231
2250 4                    
233
264
263
232
2260 4                    
234
265
264
233
2270 4                    
235
266
265
234
2280 4                    
236
267
266
235
2290 4                    
237
268
267
236
2300 4                    
238
269
268
237
2310 4                    
239
270
269
238
2320 4                    
240
271
270
239
2330 4                    
241
272
271
240
2340 4                    
242
273
272
241
2350 4                    
243
274
273
242
2360 4                    
244
275
274
243
2370 4                    
245
276
275
244
2380 4                    
246
277
276
245
2390 4                    
247
278
277
246
2400 4                    
248
279
278
247
2410 4                    
250
281
280
249
2420 4                    
251
282
281
250
2430 4                    
252
283
282
251
2440 4                    
253
284
283
252
2450 4                    
254
285
284
253
2460 4                    
255
286
285
254
2470 4                    
256
287
286
255
2480 4                    
257
288
287
256
2490 4                    
258
289
288
257
2500 4                    
259
290
289
258
2510 4                    
260
291
290
259
2520 4                    
261
292
291
260
2530 4                    
262
293
292
261
2540 4                    
263
294
293
262
2550 4                    
264
295
294
263
2560 4                    
265
296
295
264
2570 4                    
266
297
296
265
2580 4                    
267
298
297
266
2590 4                    
268
299
298
267
2600 4                    
269
300
299
268
2610 4                    
270
301
300
269
2620 4                    
271
302
301
270
2630 4                    
272
303
302
271
2640 4                    
273
304
303
272
2650 4                    
274
305
304
273
2660 4                    
275
306
305
274
2670 4                    
276
307
306
275
2680 4                    
277
308
307
276
2690 4                    
278
309
308
277
2700 4                    
279
310
309
278
2710 4                    
281
312
311
280
2720 4                    
282
313
312
281
2730 4                    
283
314
313
282
2740 4                    
284
315
314
283
2750 4                    
285
316
315
284
2760 4                    
286
317
316
285
2770 4                    
287
318
317
286
2780 4                    
288
319
318
287
2790 4                    
289
320
319
288
2800 4                    
290
321
320
289
2810 4                    
291
322
321
290
2820 4                    
292
323
322
291
2830 4                    
293
324
323
292
2840 4                    
294
325
324
293
2850 4                    
295
326
325
294
2860 4                    
296
327
326
295
2870 4                    
297
328
327
296
2880 4                    
298
329
328
297
2890 4                    
299
330
329
298
2900 4                    
300
331
330
299
2910 4                    
301
332
331
300
2920 4                    
302
333
332
301
2930 4                    
303
334
333
302
2940 4                    
304
335
334
303
2950 4                    
305
336
335
304
2960 4                    
306
337
336
305
2970 4                    
307
338
337
306
2980 4                    
308
339
338
307
2990 4                    
309
340
339
308
3000 4                    
310
341
340
309

CONNECTIONS
  1  2
  2  3
  3  4
  4  5
  5  6
  6  7
  7  8
  8  9
  9 10
 10 11
 11 12
 12 13
 13 14
 14 15
 15 16
 16 17
 17 18
 18 19
 19 20
 20 21
 21 22
 22 23
 23 24
 24 25
 25 26
 26 27
 27 28
 28 29
 29 30
 31 32
 32 33
 33 34
 34 35
 35 36
 36 37
 37 38
 38 39
 39 40
 40 41
 41 42
 42 43
 43 44
 44 45
 45 46
 46 47
 47 48
 48 49
 49 50
 50 51
 51 52
 52 53
 53 54
 54 55
 55 56
 56 57
 57 58
 58 59
 59 60
 61 62
 62 63
 63 64
 64 65
 65 66
 66 67
 67 68
 68 69
 69 70
 70 71
 71 72
 72 73
 73 74
 74 75
 75 76
 76 77
 77 78
 78 79
 79 80
 80 81
 81 82
 82 83
 83 84
 84 85
 85 86
 86 87
 87 88
 88 89
 89 90
 91 92
 92 93
 93 94
 94 95
 95 96
 96 97
 97 98
 98 99
 99100
100101
101102
102103
103104
104105
105106
106107
107108
108109
109110
110111
111112
112113
113114
114115
115116
116117
117118
118119
119120
121122
122123
123124
124125
125126
126127
127128
128129
129130
130131
131132
132133
133134
134135
135136
136137
137138
138139
139140
140141
141142
142143
143144
144145
145146
146147
147148
148149
149150
151152
152153
153154
154155
155156
156157
157158
158159
159160
160161
161162
162163
163164
164165
165166
166167
167168
168169
169170
170171
171172
172173
173174
174175
175176
176177
177178
178179
179180
181182
182183
183184
184185
185186
186187
187188
188189
189190
190191
191192
192193
193194
194195
195196
196197
197198
198199
199200
200201
201202
202203
203204
204205
205206
206207
207208
208209
209210
211212
212213
213214
214215
215216
216217
217218
218219
219220
220221
221222
222223
223224
224225
225226
226227
227228
228229
229230
230231
231232
232233
233234
234235
235236
236237
237238
238239
239240
241242
242243
243244
244245
245246
246247
247248
248249
249250
250251
251252
252253
253254
254255
255256
256257
257258
258259
259260
260261
261262
262263
263264
264265
265266
266267
267268
268269
269270
271272
272273
273274
274275
275276
276277
277278
278279
279280
280281
281282
282283
283284
284285
285286
286287
287288
288289
289290
290291
291292
292293
293294
294295
295296
296297
297298
298299
299300
  1 31
 31 61
 61 91
 91121
121151
151181
181211
211241
241271
  2 32
 32 62
 62 92
 92122
122152
152182
182212
212242
242272
  3 33
 33 63
 63 93
 93123
123153
153183
183213
213243
243273
  4 34
 34 64
 64 94
 94124
124154
154184
184214
214244
244274
  5 35
 35 65
 65 95
 95125
125155
155185
185215
215245
245275
  6 36
 36 66
 66 96
 96126
126156
156186
186216
216246
246276
  7 37
 37 67
 67 97
 97127
127157
157187
187217
217247
247277
  8 38
 38 68
 68 98
 98128
128158
158188
188218
218248
248278
  9 39
 39 69
 69 99
 99129
129159
159189
189219
219249
249279
 10 40
 40 70
 70100
100130
130160
160190
190220
220250
250280
 11 41
 41 71
 71101
101131
131161
161191
191221
221251
251281
 12 42
 42 72
 72102
102132
132162
162192
192222
222252
252282
 13 43
 43 73
 73103
103133
133163
163193
193223
223253
253283
 14 44
 44 74
 74104
104134
134164
164194
194224
224254
254284
 15 45
 45 75
 75105
105135
135165
165195
195225
225255
255285
 16 46
 46 76
 76106
106136
136166
166196
196226
226256
256286
 17 47
 47 77
 77107
107137
137167
167197
197227
227257
257287
 18 48
 48 78
 78108
108138
138168
168198
198228
228258
258288
 19 49
 49 79
 79109
109139
139169
169199
199229
229259
259289
 20 50
 50 80
 80110
110140
140170
170200
200230
230260
260290
 21 51
 51 81
 81111
111141
141171
171201
201231
231261
261291
 22 52
 52 82
 82112
112142
142172
172202
202232
232262
262292
 23 53
 53 83
 83113
113143
143173
173203
203233
233263
263293
 24 54
 54 84
 84114
114144
144174
174204
204234
234264
264294
 25 55
 55 85
 85115
115145
145175
175205
205235
235265
265295
 26 56
 56 86
 86116
116146
146176
176206
206236
236266
266296
 27 57
 57 87
 87117
117147
147177
177207
207237
237267
267297
 28 58
 58 88
 88118
118148
148178
178208
208238
238268
268298
 29 59
 59 89
 89119
119149
149179
179209
209239
239269
269299
 30 60
 60 90
 90120
120150
150180
180210
210240
240270
270300

LAYERS
at       0.00      0.00
 a      -2.00     -1.00
 b      -4.00     -3.00
 c      -6.00     -5.00
 d      -8.00     -7.00
 e     -10.00     -9.00
 f     -12.00    -11.00
 g     -14.00    -13.00
 h     -16.00    -15.00
 i     -18.00    -17.00
 j     -20.00    -19.00


