1.258221205826824161e+02
1.252069086703690033e+02
1.201001715847143032e+02
1.171371374001369219e+02
1.123041577153741741e+02
1.210816936095788208e+02
1.221338690419477757e+02
1.228047038437643579e+02
1.203707989920095827e+02
1.170939811687305507e+02
1.136397002158006728e+02
1.206680478554737164e+02
1.232493195410697382e+02
1.219430126799768033e+02
1.212408207670508347e+02
1.169270289313515292e+02
1.118849540264725420e+02
1.196425181742207400e+02
1.231909968178774051e+02
1.235436015272762660e+02
1.216668440135962186e+02
1.172277741190434455e+02
1.120118880754958752e+02
1.206190526013665902e+02
1.219670228497219853e+02
1.242909893123841556e+02
1.247157702235633252e+02
1.201263105053010207e+02
1.129004145904125096e+02
1.243289056127015044e+02
1.257218752002498690e+02
1.212274715728531760e+02
1.163199353573710511e+02
1.130257038998171168e+02
1.215843272625799187e+02
1.242203070240865372e+02
1.240191603533957334e+02
1.194233745249324414e+02
1.156785342497858693e+02
1.118933627870204788e+02
1.221035031458437174e+02
1.233706882986796813e+02
1.237513592807651577e+02
1.197208415379478623e+02
1.169407363540538398e+02
1.117938495056177004e+02
1.213218556486658457e+02
1.223757586160601818e+02
1.238333796602461661e+02
1.219970036398020170e+02
1.183683252107930599e+02
1.121185813114447143e+02
1.210821150788912490e+02
1.224617751434305717e+02
1.250659056386905092e+02
1.253395769821400734e+02
1.201845582943065693e+02
1.132454513396608320e+02
1.222564184655968518e+02
1.258845839282977863e+02
1.208937014395111760e+02
1.174293071875454189e+02
1.131128937012991571e+02
1.210387953012316302e+02
1.236762291707365051e+02
1.232153342750228404e+02
1.208224079292783983e+02
1.171170809506765664e+02
1.122970008021390100e+02
1.204324229150365113e+02
1.232671841980350820e+02
1.230663300437948635e+02
1.208682173487054143e+02
1.167799269528720032e+02
1.126145207640568202e+02
1.218255987430590750e+02
1.226366847137203848e+02
1.233660245645677094e+02
1.227544500106890126e+02
1.190870433146761656e+02
1.121797812267670338e+02
1.207167947585708987e+02
1.228828968437920253e+02
1.247166210317377306e+02
1.247497357607097968e+02
1.213541089683139802e+02
1.131803952094954724e+02
1.231363858630329986e+02
1.262760963525834939e+02
1.258882219996273193e+02
1.165735245222212626e+02
1.130037192710358767e+02
1.214437059962747583e+02
1.235322845575297208e+02
1.226793763466822469e+02
1.199718010274837638e+02
1.167698302357518543e+02
1.118974822052961855e+02
1.215086984867257343e+02
1.227184215137084919e+02
1.233880432330760328e+02
1.206017150983808506e+02
1.168205863285257067e+02
1.131796278218473617e+02
1.208817394975628048e+02
1.217973119356768308e+02
1.230390594998025477e+02
1.229253607238747605e+02
1.184625752715745222e+02
1.115407279229932129e+02
1.213032970181415067e+02
1.225422997338562539e+02
1.255920496805375137e+02
1.253736083774687273e+02
1.197864593745512138e+02
1.131409117820944203e+02
1.227099255933662079e+02
1.255401323669452722e+02
1.232124819020980766e+02
1.212147355008185485e+02
1.125572336341358124e+02
1.221134481068578026e+02
1.234105104403856075e+02
1.239035219906350846e+02
1.204265861917356233e+02
1.163495014583907903e+02
1.124093982279617165e+02
1.205999063020613988e+02
1.224291207517126026e+02
1.234727636626194709e+02
1.205072937822663306e+02
1.173279605581757750e+02
1.129926347851292974e+02
1.213144399169127325e+02
1.218177792383428226e+02
1.232556026060508572e+02
1.219485452105431023e+02
1.176541660292105149e+02
1.122830857092305763e+02
1.215240192413732814e+02
1.219576024327912478e+02
1.254404152590059738e+02
1.249064016987016430e+02
1.194374767551673955e+02
1.133129931596674425e+02
1.242071671805752260e+02
1.262666085568208558e+02
1.244116326306013036e+02
1.210103194644194673e+02
1.168274018572946886e+02
1.221568166888220901e+02
1.235174735703271125e+02
1.238011709705919117e+02
1.206936648479297105e+02
1.164562316306927414e+02
1.122653717952027534e+02
1.209137915539794932e+02
1.224842880497436965e+02
1.228989781944162303e+02
1.211337075711030735e+02
1.169851628907796766e+02
1.117718384168756103e+02
1.208024604757387976e+02
1.221728927532467139e+02
1.238650868273172421e+02
1.208408764755455280e+02
1.178399969188917140e+02
1.118760499660611742e+02
1.209885020913897051e+02
1.215625420398144456e+02
1.243600771027543033e+02
1.248295052243637144e+02
1.206753061987030549e+02
1.138806820051838287e+02
1.232442274108593381e+02
1.251860040237601481e+02
1.255140896932766026e+02
1.203772536205864583e+02
1.166590600359841687e+02
1.125746730947407741e+02
1.249445751547381320e+02
1.229862523098884850e+02
1.200232312320265748e+02
1.169627436473639932e+02
1.125679922903726293e+02
1.215956620757503686e+02
1.231307739399497052e+02
1.234676849547438167e+02
1.207534683082333089e+02
1.171078589365510112e+02
1.118019826115088620e+02
1.210058253530738170e+02
1.227726433114662115e+02
1.224561740653459054e+02
1.218660056369507174e+02
1.175855423758515741e+02
1.130542361051249713e+02
1.204734331241750027e+02
1.231986190452035999e+02
1.248454413044049147e+02
1.253822390729794165e+02
1.208431162628630489e+02
1.131885822515067019e+02
1.234571047223650737e+02
1.265309402656878035e+02
1.254544868118166789e+02
1.213094354098115133e+02
1.171104971409129405e+02
1.121871080178137419e+02
1.218856833046766184e+02
1.233186634539956970e+02
1.206924715094269942e+02
1.164607929821742687e+02
1.125282710135583102e+02
1.208819802680553437e+02
1.233639530161495230e+02
1.230822685741433560e+02
1.196197929518912275e+02
1.178162575708715565e+02
1.126863787835810200e+02
1.213151294019377815e+02
1.232037574403588849e+02
1.231704503755609039e+02
1.216136646839252506e+02
1.172714579879865653e+02
1.124045699583363813e+02
1.203263584058660172e+02
1.213160932511212309e+02
1.251044499460279553e+02
1.257099243330582254e+02
1.210441456139109420e+02
1.126742289403929362e+02
1.226632158597027740e+02
1.261758241872844053e+02
1.247612179110993793e+02
1.206156599085713310e+02
1.160821423828056140e+02
1.125247061435797633e+02
1.221195755025957794e+02
1.227922395880257085e+02
1.208167406043218364e+02
1.175810869250414328e+02
1.123823178404291099e+02
1.214203277639551715e+02
1.228682654108719277e+02
1.219724794025355976e+02
1.209285627728125831e+02
1.173593104414477182e+02
1.119893455995746052e+02
1.216407060167563685e+02
1.223190614541914698e+02
1.240239751167794395e+02
1.228954098212951607e+02
1.178439395078258940e+02
1.126400535810351045e+02
1.211128152410835384e+02
1.229842716448630711e+02
1.245680245211475494e+02
1.256159036804558866e+02
1.198758620386972069e+02
1.128743689895839850e+02
1.242033657070277712e+02
1.255216328586562327e+02
1.249479166679164024e+02
1.215783982505012375e+02
1.175638988225525026e+02
1.124385184938140156e+02
1.224928452703556729e+02
1.235197435852349344e+02
1.239218876415116029e+02
1.175746015246067060e+02
1.117141680136037394e+02
1.213458461885512634e+02
1.227067433136714243e+02
1.233685194706159791e+02
1.211466084215185361e+02
1.175554509670209313e+02
1.127144571346349124e+02
1.217836418245010890e+02
1.224382427205255084e+02
1.245932770022340179e+02
1.215978965910310023e+02
1.184164933334187992e+02
1.118533694954778355e+02
1.200651752541071602e+02
1.211539095904740435e+02
1.250614191584419501e+02
1.260198294749398116e+02
1.211225972166232481e+02
1.132290936403058339e+02
1.236465600178086106e+02
1.254504468245617801e+02
1.254214022549260079e+02
1.211115454393351456e+02
1.162889477128504581e+02
1.122653961846935573e+02
1.211260859240178718e+02
1.222222427071196336e+02
1.234996971735997562e+02
1.207651927918096391e+02
1.128133563389637288e+02
1.212229423716997019e+02
1.231200320973711939e+02
1.224363101817063892e+02
1.214955157396312160e+02
1.177293634141045118e+02
1.115418200163788924e+02
1.207142135567308117e+02
1.226569276292459278e+02
1.234726924652449895e+02
1.217261496459243659e+02
1.185669925477822062e+02
1.123538183008063669e+02
1.203320715787469624e+02
1.222709680783262911e+02
1.245034255574771862e+02
1.254103952855903970e+02
1.197236039583809060e+02
1.129260596498057367e+02
1.228147576103824008e+02
1.256179678184522430e+02
1.247708121859479604e+02
1.206891414416880082e+02
1.173919311865029442e+02
1.132319121491780578e+02
1.222392674796077756e+02
1.235941545505698684e+02
1.241993471105543563e+02
1.198838729329560380e+02
1.180085968531324312e+02
1.219423435902796484e+02
1.233540478049808371e+02
1.231222701039323226e+02
1.204322477719525466e+02
1.177295339985811182e+02
1.120459127405981121e+02
1.205451367967819323e+02
1.222072649536930697e+02
1.228091959882826245e+02
1.217630379544110468e+02
1.178687170045285342e+02
1.120878223027868756e+02
1.206917938916146795e+02
1.226550225508978684e+02
1.251156468951520964e+02
1.249401723766971628e+02
1.205995308622741788e+02
1.129423663809981093e+02
1.232763787169566854e+02
1.252165171060799622e+02
1.248597819279996344e+02
1.206354022778172634e+02
1.167296947561536911e+02
1.133052739978735417e+02
1.219905987004621153e+02
1.236599451628837869e+02
1.231549758754773336e+02
1.205280980696084612e+02
1.158605782956966976e+02
1.124723602660962740e+02
1.227153474317593975e+02
1.230396899060003051e+02
1.209208829694749170e+02
1.167207986734603793e+02
1.121896722163778719e+02
1.209649848717674985e+02
1.232419762091805211e+02
1.229904959828847240e+02
1.218182542389142071e+02
1.181074490833396027e+02
1.111737639390577925e+02
1.214064303490433048e+02
1.216570740102715007e+02
1.252713687511412672e+02
1.248073491050584494e+02
1.200462117320588931e+02
1.127489273068207041e+02
1.239060859866359863e+02
1.256013299841274460e+02
1.251401278523321423e+02
1.209546654755157959e+02
1.165527429742861045e+02
1.129099189780020680e+02
1.216031498120585326e+02
1.244916324938827472e+02
1.232867319045470111e+02
1.197083244601020198e+02
1.166419823109374505e+02
1.127155049381919838e+02
1.209337957012819800e+02
1.225480248812913260e+02
1.214673029339629835e+02
1.174192934069448881e+02
1.121940775793481748e+02
1.208870650019840838e+02
1.224246529800078918e+02
1.236673015053225271e+02
1.224847867674505153e+02
1.175341306123151526e+02
1.124577663201604452e+02
1.202540537909717244e+02
1.223024201127229702e+02
1.244177299734445228e+02
1.251968014574047317e+02
1.202015723126970386e+02
1.130094517154780647e+02
1.229942566993114497e+02
1.258400135124820167e+02
1.254367599872487347e+02
1.207644242411733728e+02
1.162189993740955600e+02
1.122772668762328578e+02
1.216212050283919268e+02
1.239902937807215011e+02
1.231942315803265302e+02
1.202555962188781393e+02
1.169290884060057181e+02
1.127986415066468169e+02
1.218378719188222448e+02
1.226586823341977635e+02
1.209414168134439507e+02
1.168994034385706442e+02
1.121301818536700097e+02
1.213495018609111042e+02
1.231793002751767006e+02
1.248874927218136719e+02
1.225575608590127388e+02
1.180970254845878031e+02
1.123771233289073876e+02
1.204941802424650774e+02
1.220322003421493235e+02
1.254308728346655499e+02
1.252128020955520213e+02
1.195811962884314141e+02
1.130505124793560583e+02
1.230205849536224605e+02
1.258189315259445635e+02
1.253060952819301406e+02
1.201003846833795308e+02
1.168720903789295704e+02
1.115809515417000881e+02
1.206041102764484094e+02
1.239543553888392324e+02
1.238401131211952446e+02
1.205918135800549322e+02
1.174722728582828211e+02
1.132080923956130363e+02
1.205403071456601225e+02
1.230181813941604219e+02
1.231197676161158370e+02
1.177555639755037760e+02
1.118192335998762275e+02
1.216417692771232026e+02
1.221403337280588488e+02
1.237611894180639496e+02
1.225730068037943141e+02
1.176424483200039930e+02
1.129355867794822217e+02
1.209155521577057186e+02
1.225853070616940812e+02
1.250176890618327974e+02
1.246040860827032759e+02
1.198937213905142727e+02
1.128593558812456621e+02
1.238227203917832639e+02
1.253383905258233568e+02
1.245967264556031608e+02
1.198177244483592006e+02
1.162393882964681495e+02
1.130973268620271028e+02
1.220779461045195973e+02
1.227405086982367806e+02
1.223480746195958488e+02
1.207521914850283054e+02
1.166836426307160508e+02
1.124130966899366371e+02
1.213443704014883195e+02
1.226870366099069969e+02
1.232623215845871272e+02
1.222432976060450045e+02
1.126850184337698835e+02
1.214329360040087806e+02
1.227497990864623318e+02
1.234702619448390948e+02
1.225522756549393364e+02
1.181107506612769527e+02
1.121276741668538222e+02
1.207773044728851204e+02
1.224407016134788506e+02
1.246286335516711574e+02
1.250391708499288654e+02
1.198254121716611138e+02
1.134869548335607590e+02
1.235656765505677157e+02
1.251720053450009971e+02
1.248892347964600020e+02
1.205106223036932533e+02
1.163021467413898051e+02
1.123924701089295581e+02
1.219091775616998490e+02
1.236530295687186793e+02
1.233298391021170062e+02
1.204373028748939305e+02
1.173603981588299519e+02
1.121937115942884589e+02
1.201138718395555856e+02
1.223399083908602165e+02
1.228450549397438039e+02
1.212616855017624573e+02
1.165638342984266842e+02
1.210783657422750963e+02
1.221407462388973215e+02
1.236546223679496990e+02
1.219926539803995951e+02
1.178388306940656634e+02
1.124419930603897768e+02
1.207227757804284636e+02
1.221074224498190404e+02
1.251205595500290997e+02
1.262293944527081209e+02
1.198608045844420928e+02
1.138116577125128117e+02
1.240599744214545126e+02
1.261376237530311784e+02
1.248753946112604609e+02
1.209066388728268038e+02
1.169017886280500278e+02
1.123270171458826354e+02
1.223102913224473411e+02
1.236180665189942118e+02
1.240980835417436055e+02
1.198731692218275100e+02
1.169790929937423840e+02
1.132494094444384842e+02
1.207366549550712307e+02
1.225002876654430963e+02
1.235233514451012553e+02
1.205857413939937999e+02
1.163904300527254350e+02
1.122264423179384352e+02
1.218613930344811251e+02
1.241231387598917166e+02
1.217853782288711102e+02
1.172381746198991124e+02
1.118624506159429757e+02
1.202132301791088622e+02
1.223348080858895059e+02
1.244199526062422336e+02
1.249660782925724476e+02
1.203266131103338665e+02
1.131810845038851312e+02
1.229463847754300332e+02
1.251277226708032941e+02
1.242000464859568751e+02
1.206093938815852908e+02
1.166843331893661144e+02
1.131814955684146753e+02
1.220614608373605989e+02
1.233128483386399807e+02
1.231852519168582347e+02
1.204427651404103443e+02
1.170546677187462024e+02
1.120625682918388577e+02
1.217573180088242566e+02
1.225453504792843944e+02
1.234636703146575059e+02
1.202753766268636895e+02
1.181768419280767830e+02
1.123753788225708234e+02
1.212073648147237606e+02
1.236334141404539508e+02
1.223177970013009030e+02
1.173017034289547098e+02
1.121309259036590333e+02
1.205582869268765052e+02
1.222092155557321433e+02
1.260287030739768852e+02
1.249721309215991454e+02
1.200163414309083691e+02
1.130429008281715255e+02
1.239856561257077345e+02
1.255124530519722867e+02
1.248680240771462593e+02
1.204444018376019585e+02
1.161375620251220795e+02
1.119325386158914171e+02
1.221535977185526036e+02
1.237332413119954708e+02
1.236238558304738433e+02
1.206419251857812043e+02
1.174916218998068445e+02
1.127773410838762800e+02
1.220686056326153164e+02
1.237011640405807498e+02
1.220448555819182985e+02
1.219336772393538695e+02
1.177091028381540951e+02
1.119424645706225903e+02
1.200696623768598670e+02
1.233816259176034578e+02
1.224479951826437514e+02
1.181972610069939833e+02
1.118215708360299487e+02
1.199091792725734962e+02
1.227998332341408059e+02
1.255744600934481241e+02
1.258280858890860685e+02
1.213592752581040060e+02
1.132419582438734125e+02
1.232430970029386685e+02
1.254810512595679910e+02
1.251931069781396815e+02
1.206028695194258802e+02
1.177739125147016495e+02
1.118056928803885626e+02
1.217037880237629111e+02
1.240316231398920479e+02
1.225593005482317324e+02
1.215100677299630973e+02
1.169726399332292885e+02
1.131970030510548071e+02
1.219428596561033515e+02
1.234314076983424684e+02
1.227199223526332048e+02
1.208579561681349333e+02
1.167393415859453540e+02
1.132907362320113123e+02
1.208110955423800448e+02
1.228994515369228537e+02
1.245786747571880966e+02
1.182122934595124661e+02
1.118194077282239931e+02
1.201869035578998393e+02
1.227211062148123801e+02
1.251809321803411734e+02
1.253956904138594410e+02
1.205703400964495557e+02
1.134352704707780930e+02
1.231718725651041666e+02
1.253961520528651761e+02
1.250170444113255428e+02
1.206977786457157720e+02
1.176257999191642085e+02
1.121546260549469167e+02
1.224366942211363920e+02
1.243477133062512792e+02
1.226939696571234322e+02
1.211657369962237851e+02
1.164712110052689411e+02
1.125778989098265583e+02
1.217210456947909449e+02
1.226381800441750585e+02
1.227950271775594757e+02
1.201777746121216666e+02
1.172397491938389038e+02
1.132726246509008519e+02
1.217851037971526438e+02
1.217830563090523981e+02
1.228957794012388263e+02
1.220242451522365457e+02
1.127349994956543924e+02
1.204039198991744826e+02
1.228033862960751321e+02
1.248650963449254050e+02
1.250933461448380228e+02
1.206460110688243361e+02
1.129637885704928237e+02
1.233382951997775621e+02
1.259445356429774847e+02
1.242913989777208172e+02
1.205851994360587298e+02
1.162433503611416370e+02
1.122838095224305732e+02
1.209513041468854908e+02
1.234518011982026309e+02
1.235374903614977740e+02
1.209748376393106497e+02
1.169822386957928302e+02
1.130970988269375255e+02
1.206505482069466950e+02
1.222573250590675684e+02
1.233116110711556672e+02
1.206528820624533864e+02
1.174236315544657856e+02
1.123579281825405900e+02
1.209638060902294825e+02
1.223147765978481800e+02
1.235835205494932154e+02
1.218256017815629235e+02
1.173962812353737064e+02
1.202054669167245180e+02
1.222673257249390701e+02
1.241102619573789241e+02
1.254294221276057328e+02
1.202124788306471999e+02
1.131457723922248420e+02
1.228806787935729403e+02
1.257890782995059169e+02
1.250768073301679806e+02
1.203564210217599140e+02
1.169378971283256448e+02
1.122682685173855788e+02
1.208160939017893583e+02
1.230390347468564158e+02
1.231265679402817312e+02
1.202384700563770963e+02
1.173241821919723691e+02
1.124690816504082136e+02
1.205724346676859966e+02
1.224779027889521927e+02
1.228603045327121777e+02
1.206583220737498010e+02
1.180211076948942122e+02
1.121501562246389057e+02
1.206440408756669740e+02
1.218780139843502894e+02
1.236448041404332514e+02
1.222445827585062830e+02
1.174244259131692303e+02
1.125804965527492527e+02
1.222890799667939632e+02
1.244849072855505767e+02
1.266118617978330576e+02
1.204288273817842452e+02
1.135583547733126863e+02
1.226481199717793942e+02
1.243068352497484028e+02
1.257066491285173697e+02
1.205607162681751845e+02
1.159834517349839587e+02
1.127760328041772766e+02
1.210693424991080178e+02
1.235158210011200879e+02
1.232256140858629152e+02
1.205423377137307597e+02
1.166731289717377678e+02
1.118960043900293329e+02
1.209569910836981563e+02
1.225798549000310942e+02
1.223241305669044010e+02
1.210144567437629206e+02
1.170663988687461909e+02
1.126281479708604252e+02
1.217995383212915925e+02
1.225196223493874612e+02
1.227653666530840155e+02
1.217969683132908756e+02
1.173799528289719802e+02
1.122742432843850509e+02
1.201778484812524397e+02
1.256391650865643186e+02
1.248746144087193244e+02
1.189194732474661009e+02
1.131344517867160135e+02
1.231521761548662255e+02
1.252502503493501536e+02
1.248866589782807210e+02
1.199828480980806376e+02
1.171776438718753184e+02
1.122067121463746702e+02
1.216942339249532807e+02
1.230897178837537211e+02
1.224673777069781551e+02
1.194566759760765819e+02
1.172850043039481562e+02
1.130279241365578855e+02
1.208191987297123262e+02
1.227798048277137895e+02
1.227163921291408855e+02
1.212159754768020292e+02
1.168555511510704008e+02
1.127564554142303308e+02
1.211786392895045736e+02
1.229185668984172821e+02
1.244789063743667441e+02
1.222876098634932163e+02
1.181272025466421240e+02
1.119529281449085687e+02
1.201022646878365236e+02
1.218837385814417189e+02
1.256177267429189470e+02
1.195639080047052261e+02
1.141708792807545478e+02
1.227671855535516272e+02
1.248129064540283935e+02
1.247693358304399283e+02
1.210057061915378682e+02
1.165430531231520632e+02
1.123125934248947289e+02
1.218877577877487113e+02
1.229202661216118173e+02
1.239196793185728040e+02
1.207905032863067305e+02
1.164631208435697829e+02
1.125866774364620966e+02
1.205021172021865965e+02
1.220602139023639552e+02
1.223225596599784808e+02
1.207905205411715599e+02
1.168381250922588350e+02
1.123344247176494832e+02
1.209491391344333664e+02
1.229540239773515395e+02
1.236849148071811868e+02
1.224373070604821834e+02
1.183753420998310020e+02
1.125485823928894149e+02
1.197986297180563042e+02
1.225012842658145047e+02
1.251907817654216899e+02
1.210548481474639004e+02
1.127170535115038916e+02
1.238221709160441151e+02
1.255133704452879329e+02
1.237784964731183663e+02
1.208212422336910095e+02
1.161307933483101920e+02
1.125917104187418829e+02
1.215146785015529929e+02
1.229390381895997848e+02
1.228360461781301041e+02
1.208261481427053212e+02
1.166426777788868065e+02
1.130851092200831687e+02
1.208969963666675937e+02
1.228586153011909659e+02
1.236865385046875758e+02
1.210016657835778204e+02
1.174529025752421774e+02
1.121217461626064278e+02
1.204159715152519681e+02
1.220885182139556946e+02
1.248727919462423870e+02
1.228878407442707754e+02
1.182514459674705023e+02
1.133148403769280179e+02
1.207608902541894622e+02
1.225692426442286376e+02
1.250728160470471835e+02
1.266458240144697101e+02
1.134234900434125848e+02
1.227975497971068393e+02
1.250300742603989903e+02
1.251534106315617692e+02
1.208881355965745996e+02
1.150434212429143059e+02
1.121338531338697067e+02
1.211277824497761486e+02
1.233940205600333258e+02
1.232477266604585537e+02
1.207588136106466266e+02
1.155979846839886847e+02
1.124479783245848239e+02
1.194712868439068245e+02
1.227516256266587646e+02
1.233655930145319388e+02
1.208999180797215161e+02
1.173886823095365060e+02
1.120151930207660769e+02
1.207713090285597275e+02
1.227717482393993151e+02
1.228189134262406554e+02
1.222320706080641486e+02
1.178675516276471598e+02
1.126088236225772192e+02
1.211867775211472917e+02
1.229790618455103299e+02
1.254937867827194538e+02
1.259160425549937088e+02
1.201489685279968711e+02
