6.205317160999999614e+05 3.452684282999999821e+06 0.000000000000000000e+00
6.205377288999999873e+05 3.452728546999999788e+06 0.000000000000000000e+00
6.205454020000000019e+05 3.452773859000000171e+06 0.000000000000000000e+00
6.205535089999999618e+05 3.452819154000000097e+06 0.000000000000000000e+00
6.205617352999999421e+05 3.452864186999999918e+06 0.000000000000000000e+00
6.205701491999999853e+05 3.452908851999999955e+06 0.000000000000000000e+00
6.206277767000000458e+05 3.452664188000000082e+06 0.000000000000000000e+00
6.206363845000000438e+05 3.452710612000000197e+06 0.000000000000000000e+00
6.206446570999999531e+05 3.452756166999999899e+06 0.000000000000000000e+00
6.206526807000000263e+05 3.452801700999999885e+06 0.000000000000000000e+00
6.206602484000000404e+05 3.452847271999999881e+06 0.000000000000000000e+00
6.206667683999999426e+05 3.452892560000000056e+06 0.000000000000000000e+00
6.207269877000000561e+05 3.452648910999999847e+06 0.000000000000000000e+00
6.207355962999999756e+05 3.452692601999999955e+06 0.000000000000000000e+00
6.207445054999999702e+05 3.452737774000000209e+06 0.000000000000000000e+00
6.207533935999999521e+05 3.452783663999999873e+06 0.000000000000000000e+00
6.207622902000000468e+05 3.452830296999999788e+06 0.000000000000000000e+00
6.207714451000000117e+05 3.452878345999999903e+06 0.000000000000000000e+00
6.208239113000000361e+05 3.452622728000000119e+06 0.000000000000000000e+00
6.208352632000000449e+05 3.452670700999999885e+06 0.000000000000000000e+00
6.208448617000000086e+05 3.452717234999999870e+06 0.000000000000000000e+00
6.208542306999999564e+05 3.452763129000000190e+06 0.000000000000000000e+00
6.208640152999999700e+05 3.452808717000000179e+06 0.000000000000000000e+00
6.208747373999999836e+05 3.452854095999999903e+06 0.000000000000000000e+00
6.209328066000000108e+05 3.452607938999999780e+06 0.000000000000000000e+00
6.209383381999999983e+05 3.452653351999999955e+06 0.000000000000000000e+00
6.209453192000000272e+05 3.452698876000000164e+06 0.000000000000000000e+00
6.209530503999999491e+05 3.452743711999999825e+06 0.000000000000000000e+00
6.209614120000000112e+05 3.452787691999999806e+06 0.000000000000000000e+00
6.209705807999999961e+05 3.452830583999999799e+06 0.000000000000000000e+00
6.210319827999999980e+05 3.452593774999999907e+06 0.000000000000000000e+00
6.210373281000000425e+05 3.452639641999999993e+06 0.000000000000000000e+00
6.210430997999999672e+05 3.452684186999999918e+06 0.000000000000000000e+00
6.210492952000000514e+05 3.452728075000000186e+06 0.000000000000000000e+00
6.210556533999999519e+05 3.452771384999999776e+06 0.000000000000000000e+00
6.210616827999999514e+05 3.452813945999999996e+06 0.000000000000000000e+00
6.211298181000000332e+05 3.452587532000000123e+06 0.000000000000000000e+00
6.211332709999999497e+05 3.452629476999999955e+06 0.000000000000000000e+00
6.211383527000000468e+05 3.452671865999999922e+06 0.000000000000000000e+00
6.211443704000000143e+05 3.452714720999999903e+06 0.000000000000000000e+00
6.211507277000000468e+05 3.452758183999999892e+06 0.000000000000000000e+00
6.211567253999999957e+05 3.452802455999999773e+06 0.000000000000000000e+00
6.212158212999999523e+05 3.452579782000000123e+06 0.000000000000000000e+00
6.212219729999999981e+05 3.452617674000000115e+06 0.000000000000000000e+00
6.212293843999999808e+05 3.452657441000000108e+06 0.000000000000000000e+00
6.212376554999999935e+05 3.452698658999999985e+06 0.000000000000000000e+00
6.212466827000000048e+05 3.452741220000000205e+06 0.000000000000000000e+00
6.212567325999999885e+05 3.452785274000000209e+06 0.000000000000000000e+00
6.212946461999999592e+05 3.452560516999999993e+06 0.000000000000000000e+00
6.213057519000000320e+05 3.452597929000000004e+06 0.000000000000000000e+00
6.213166716000000015e+05 3.452636688000000082e+06 0.000000000000000000e+00
6.213278227000000188e+05 3.452676666999999899e+06 0.000000000000000000e+00
6.213394233999999706e+05 3.452717790000000037e+06 0.000000000000000000e+00
6.213512301000000443e+05 3.452760052999999840e+06 0.000000000000000000e+00
6.213763447999999626e+05 3.452533106000000145e+06 0.000000000000000000e+00
6.213897230999999447e+05 3.452571382999999914e+06 0.000000000000000000e+00
6.214026045000000158e+05 3.452610354999999981e+06 0.000000000000000000e+00
6.214153412000000244e+05 3.452649651999999769e+06 0.000000000000000000e+00
6.214285977000000421e+05 3.452688816000000108e+06 0.000000000000000000e+00
6.214440335000000196e+05 3.452727070999999996e+06 0.000000000000000000e+00
6.214612053999999771e+05 3.452501030999999959e+06 0.000000000000000000e+00
6.214763540000000503e+05 3.452541348999999929e+06 0.000000000000000000e+00
6.214897968999999575e+05 3.452582302000000142e+06 0.000000000000000000e+00
6.215017397999999812e+05 3.452622921999999788e+06 0.000000000000000000e+00
6.215123283999999985e+05 3.452662631000000052e+06 0.000000000000000000e+00
6.215209257999999681e+05 3.452700853000000119e+06 0.000000000000000000e+00
6.215589455000000307e+05 3.452460671999999788e+06 0.000000000000000000e+00
6.215725864000000292e+05 3.452510570999999996e+06 0.000000000000000000e+00
6.215836463999999687e+05 3.452556575000000186e+06 0.000000000000000000e+00
6.215932290000000503e+05 3.452600453999999911e+06 0.000000000000000000e+00
6.216019671999999555e+05 3.452642993999999948e+06 0.000000000000000000e+00
6.216104466000000248e+05 3.452685033999999985e+06 0.000000000000000000e+00
6.216748887999999570e+05 3.452442418000000063e+06 0.000000000000000000e+00
6.216790568000000203e+05 3.452492785999999847e+06 0.000000000000000000e+00
6.216836206000000238e+05 3.452540055999999866e+06 0.000000000000000000e+00
6.216884645999999484e+05 3.452584637999999803e+06 0.000000000000000000e+00
6.216937772999999579e+05 3.452626961000000127e+06 0.000000000000000000e+00
6.216998601999999955e+05 3.452667399000000209e+06 0.000000000000000000e+00
6.217867743000000482e+05 3.452440516999999993e+06 0.000000000000000000e+00
6.217848819999999832e+05 3.452490151999999769e+06 0.000000000000000000e+00
6.217829529000000330e+05 3.452536507000000216e+06 0.000000000000000000e+00
6.217817334000000264e+05 3.452579572999999858e+06 0.000000000000000000e+00
6.217817349999999860e+05 3.452619608000000007e+06 0.000000000000000000e+00
6.217834562999999616e+05 3.452656952000000048e+06 0.000000000000000000e+00
6.219025982999999542e+05 3.452454268999999855e+06 0.000000000000000000e+00
6.218896772000000346e+05 3.452504671000000089e+06 0.000000000000000000e+00
6.218784714999999851e+05 3.452549143000000156e+06 0.000000000000000000e+00
6.218691141999999527e+05 3.452589162000000011e+06 0.000000000000000000e+00
6.218617530999999726e+05 3.452625248000000138e+06 0.000000000000000000e+00
6.218567264999999898e+05 3.452657663999999873e+06 0.000000000000000000e+00
6.220091844000000274e+05 3.452501018999999855e+06 0.000000000000000000e+00
6.219859205999999540e+05 3.452543032000000123e+06 0.000000000000000000e+00
6.219653969999999972e+05 3.452581845000000205e+06 0.000000000000000000e+00
6.219473064000000013e+05 3.452617058000000194e+06 0.000000000000000000e+00
6.219312648000000045e+05 3.452648532999999821e+06 0.000000000000000000e+00
6.219168094000000274e+05 3.452675921999999788e+06 0.000000000000000000e+00
6.220991513000000268e+05 3.452562350999999791e+06 0.000000000000000000e+00
6.220684693999999436e+05 3.452598888999999966e+06 0.000000000000000000e+00
6.220407656000000425e+05 3.452632060000000056e+06 0.000000000000000000e+00
6.220156563999999780e+05 3.452662425999999978e+06 0.000000000000000000e+00
6.219925468999999575e+05 3.452690191000000108e+06 0.000000000000000000e+00
6.219708103000000119e+05 3.452715416000000201e+06 0.000000000000000000e+00
6.221713752000000095e+05 3.452642861000000034e+06 0.000000000000000000e+00
6.221356047999999719e+05 3.452669112000000197e+06 0.000000000000000000e+00
6.221035496000000276e+05 3.452695050999999978e+06 0.000000000000000000e+00
6.220743214000000153e+05 3.452720054000000004e+06 0.000000000000000000e+00
6.220472332999999635e+05 3.452743967000000179e+06 0.000000000000000000e+00
6.220216888999999501e+05 3.452766873999999836e+06 0.000000000000000000e+00
6.222202280999999493e+05 3.452723598999999929e+06 0.000000000000000000e+00
6.221856321999999927e+05 3.452743013999999966e+06 0.000000000000000000e+00
6.221533399999999674e+05 3.452763151000000071e+06 0.000000000000000000e+00
6.221229527000000235e+05 3.452783368999999948e+06 0.000000000000000000e+00
6.220943266000000294e+05 3.452803163000000175e+06 0.000000000000000000e+00
6.220676862999999430e+05 3.452822270000000019e+06 0.000000000000000000e+00
6.222564226999999955e+05 3.452797824000000022e+06 0.000000000000000000e+00
6.222251256000000285e+05 3.452813689999999944e+06 0.000000000000000000e+00
6.221944372999999905e+05 3.452831115000000224e+06 0.000000000000000000e+00
6.221638861999999499e+05 3.452849129999999888e+06 0.000000000000000000e+00
6.221332830000000540e+05 3.452866658999999985e+06 0.000000000000000000e+00
6.221025394000000088e+05 3.452882425999999978e+06 0.000000000000000000e+00
6.222871654000000563e+05 3.452857970000000205e+06 0.000000000000000000e+00
6.222631378000000259e+05 3.452876359999999870e+06 0.000000000000000000e+00
6.222353547000000253e+05 3.452896390000000130e+06 0.000000000000000000e+00
6.222052423999999883e+05 3.452916879999999888e+06 0.000000000000000000e+00
6.221730415999999968e+05 3.452937367000000086e+06 0.000000000000000000e+00
6.221380235000000102e+05 3.452957529000000097e+06 0.000000000000000000e+00
6.223441888000000035e+05 3.452907080999999773e+06 0.000000000000000000e+00
6.223146171999999788e+05 3.452935146999999881e+06 0.000000000000000000e+00
6.222852336000000359e+05 3.452960356000000145e+06 0.000000000000000000e+00
6.222549309000000358e+05 3.452984859999999870e+06 0.000000000000000000e+00
6.222234435999999987e+05 3.453009563000000082e+06 0.000000000000000000e+00
6.221907502999999560e+05 3.453035135999999940e+06 0.000000000000000000e+00
6.223995611000000499e+05 3.452977641999999993e+06 0.000000000000000000e+00
6.223697793000000529e+05 3.453001086999999825e+06 0.000000000000000000e+00
6.223402515000000130e+05 3.453025941999999806e+06 0.000000000000000000e+00
6.223105507000000216e+05 3.453051623000000138e+06 0.000000000000000000e+00
6.222803861999999499e+05 3.453077995000000112e+06 0.000000000000000000e+00
6.222496898999999976e+05 3.453105041000000201e+06 0.000000000000000000e+00
6.224499035000000149e+05 3.453038168000000063e+06 0.000000000000000000e+00
6.224235799000000115e+05 3.453062586000000127e+06 0.000000000000000000e+00
6.223966262000000570e+05 3.453088353000000119e+06 0.000000000000000000e+00
6.223689124000000302e+05 3.453115243999999948e+06 0.000000000000000000e+00
6.223404020000000019e+05 3.453143038000000175e+06 0.000000000000000000e+00
6.223110727000000188e+05 3.453171581999999937e+06 0.000000000000000000e+00
6.225031772999999812e+05 3.453090066999999806e+06 0.000000000000000000e+00
6.224809956999999704e+05 3.453117273000000045e+06 0.000000000000000000e+00
6.224567225999999791e+05 3.453145566999999806e+06 0.000000000000000000e+00
6.224310938999999780e+05 3.453174679000000004e+06 0.000000000000000000e+00
6.224043732999999775e+05 3.453204592000000179e+06 0.000000000000000000e+00
6.223765405000000028e+05 3.453235354999999981e+06 0.000000000000000000e+00
6.225699316999999573e+05 3.453135663999999873e+06 0.000000000000000000e+00
6.225465670999999857e+05 3.453168094000000041e+06 0.000000000000000000e+00
6.225224795000000158e+05 3.453199243999999948e+06 0.000000000000000000e+00
6.224979893000000156e+05 3.453230333999999799e+06 0.000000000000000000e+00
6.224730895999999484e+05 3.453262069000000134e+06 0.000000000000000000e+00
6.224475688000000082e+05 3.453294875000000000e+06 0.000000000000000000e+00
6.226406256000000285e+05 3.453193913000000175e+06 0.000000000000000000e+00
6.226141920000000391e+05 3.453222706999999937e+06 0.000000000000000000e+00
6.225897476000000024e+05 3.453252229999999981e+06 0.000000000000000000e+00
6.225664782000000123e+05 3.453282504999999888e+06 0.000000000000000000e+00
6.225441099000000395e+05 3.453313808999999892e+06 0.000000000000000000e+00
6.225229085999999661e+05 3.453346658999999985e+06 0.000000000000000000e+00
6.226967622999999439e+05 3.453250342999999877e+06 0.000000000000000000e+00
6.226740875999999698e+05 3.453275041000000201e+06 0.000000000000000000e+00
6.226524943000000203e+05 3.453301794999999925e+06 0.000000000000000000e+00
6.226315903000000399e+05 3.453330063000000082e+06 0.000000000000000000e+00
6.226112288999999873e+05 3.453359314999999944e+06 0.000000000000000000e+00
6.225914227999999421e+05 3.453388935000000056e+06 0.000000000000000000e+00
6.227451282000000356e+05 3.453293415000000037e+06 0.000000000000000000e+00
6.227295039000000106e+05 3.453317467999999877e+06 0.000000000000000000e+00
6.227125104000000283e+05 3.453344282999999821e+06 0.000000000000000000e+00
6.226945492000000086e+05 3.453372800999999978e+06 0.000000000000000000e+00
6.226757791999999899e+05 3.453402336999999825e+06 0.000000000000000000e+00
6.226562467000000179e+05 3.453432342999999877e+06 0.000000000000000000e+00
6.228015026000000071e+05 3.453318546999999788e+06 0.000000000000000000e+00
6.227904529999999795e+05 3.453348370999999810e+06 0.000000000000000000e+00
6.227768031999999657e+05 3.453379242999999784e+06 0.000000000000000000e+00
6.227611445999999996e+05 3.453410882000000216e+06 0.000000000000000000e+00
6.227438210999999428e+05 3.453443188999999780e+06 0.000000000000000000e+00
6.227248118999999715e+05 3.453475987000000197e+06 0.000000000000000000e+00
6.228782504000000190e+05 3.453337793000000063e+06 0.000000000000000000e+00
6.228638832999999868e+05 3.453375674000000115e+06 0.000000000000000000e+00
6.228496674000000348e+05 3.453410794000000227e+06 0.000000000000000000e+00
6.228348516000000527e+05 3.453445583000000101e+06 0.000000000000000000e+00
6.228192702000000281e+05 3.453481009000000078e+06 0.000000000000000000e+00
6.228028181000000332e+05 3.453517969000000041e+06 0.000000000000000000e+00
6.229544634999999544e+05 3.453376478999999817e+06 0.000000000000000000e+00
6.229395990000000456e+05 3.453408337999999989e+06 0.000000000000000000e+00
6.229257902000000468e+05 3.453442114000000060e+06 0.000000000000000000e+00
6.229123005000000121e+05 3.453477069000000134e+06 0.000000000000000000e+00
6.228988316999999806e+05 3.453512950999999885e+06 0.000000000000000000e+00
6.228854760999999708e+05 3.453549546000000089e+06 0.000000000000000000e+00
6.230209030999999959e+05 3.453401679000000004e+06 0.000000000000000000e+00
6.230115949000000255e+05 3.453434472000000067e+06 0.000000000000000000e+00
6.230013120999999810e+05 3.453468649000000209e+06 0.000000000000000000e+00
6.229904222000000300e+05 3.453504149999999907e+06 0.000000000000000000e+00
6.229789170999999624e+05 3.453540819999999832e+06 0.000000000000000000e+00
6.229665256999999983e+05 3.453578486000000034e+06 0.000000000000000000e+00
6.230942070000000531e+05 3.453419057000000030e+06 0.000000000000000000e+00
6.230866920999999857e+05 3.453453438000000082e+06 0.000000000000000000e+00
6.230790481000000145e+05 3.453488797999999952e+06 0.000000000000000000e+00
6.230710857000000542e+05 3.453525549999999814e+06 0.000000000000000000e+00
6.230625113999999594e+05 3.453563887000000104e+06 0.000000000000000000e+00
6.230529997999999905e+05 3.453603760999999940e+06 0.000000000000000000e+00
6.231674830999999540e+05 3.453434390999999829e+06 0.000000000000000000e+00
6.231621391999999760e+05 3.453467123000000138e+06 0.000000000000000000e+00
6.231580413000000408e+05 3.453501777999999933e+06 0.000000000000000000e+00
6.231545117999999784e+05 3.453538862000000197e+06 0.000000000000000000e+00
6.231508654999999562e+05 3.453578868999999948e+06 0.000000000000000000e+00
6.231459383000000380e+05 3.453622223000000231e+06 0.000000000000000000e+00
6.232311215000000084e+05 3.453442436000000220e+06 0.000000000000000000e+00
6.232322987999999896e+05 3.453471044000000227e+06 0.000000000000000000e+00
6.232344207999999635e+05 3.453503225000000093e+06 0.000000000000000000e+00
6.232376456000000471e+05 3.453538487000000197e+06 0.000000000000000000e+00
6.232425213999999687e+05 3.453576919999999925e+06 0.000000000000000000e+00
6.232510912000000244e+05 3.453619242000000086e+06 0.000000000000000000e+00
6.232897469999999739e+05 3.453431547999999952e+06 0.000000000000000000e+00
6.232979438000000082e+05 3.453459848999999929e+06 0.000000000000000000e+00
6.233062604000000283e+05 3.453490790000000037e+06 0.000000000000000000e+00
6.233148453000000445e+05 3.453523987000000197e+06 0.000000000000000000e+00
6.233238614999999991e+05 3.453558810000000056e+06 0.000000000000000000e+00
6.233332384999999776e+05 3.453594194000000134e+06 0.000000000000000000e+00
6.233494810999999754e+05 3.453406413999999873e+06 0.000000000000000000e+00
6.233633743000000250e+05 3.453435709999999963e+06 0.000000000000000000e+00
6.233767526000000071e+05 3.453467083999999799e+06 0.000000000000000000e+00
6.233897404999999562e+05 3.453500625000000000e+06 0.000000000000000000e+00
6.234020805999999866e+05 3.453536336999999825e+06 0.000000000000000000e+00
6.234128514000000432e+05 3.453574118999999948e+06 0.000000000000000000e+00
6.234124995000000345e+05 3.453371524999999907e+06 0.000000000000000000e+00
6.234304039000000339e+05 3.453401151000000071e+06 0.000000000000000000e+00
6.234484412000000011e+05 3.453432862000000197e+06 0.000000000000000000e+00
6.234666023999999743e+05 3.453466850000000093e+06 0.000000000000000000e+00
6.234850165000000270e+05 3.453503427000000142e+06 0.000000000000000000e+00
6.235042445000000298e+05 3.453543237999999896e+06 0.000000000000000000e+00
6.234745862999999663e+05 3.453328163000000175e+06 0.000000000000000000e+00
6.234968671000000322e+05 3.453356737000000197e+06 0.000000000000000000e+00
6.235197706000000471e+05 3.453387817999999970e+06 0.000000000000000000e+00
6.235429131999999518e+05 3.453421214000000153e+06 0.000000000000000000e+00
6.235662280999999493e+05 3.453456697999999858e+06 0.000000000000000000e+00
6.235895746000000509e+05 3.453493705999999773e+06 0.000000000000000000e+00
6.235326646000000183e+05 3.453271074000000022e+06 0.000000000000000000e+00
6.235621659000000218e+05 3.453300305999999866e+06 0.000000000000000000e+00
6.235904159000000218e+05 3.453331797999999952e+06 0.000000000000000000e+00
6.236182889000000432e+05 3.453365175999999978e+06 0.000000000000000000e+00
6.236463704000000143e+05 3.453400538000000175e+06 0.000000000000000000e+00
6.236751855999999680e+05 3.453438589000000153e+06 0.000000000000000000e+00
6.236017384000000311e+05 3.453200612000000197e+06 0.000000000000000000e+00
6.236322602000000188e+05 3.453234563999999780e+06 0.000000000000000000e+00
6.236622415000000037e+05 3.453267606999999844e+06 0.000000000000000000e+00
6.236923885000000009e+05 3.453300592000000179e+06 0.000000000000000000e+00
6.237233891000000294e+05 3.453333884999999776e+06 0.000000000000000000e+00
6.237560000000000000e+05 3.453367549000000115e+06 0.000000000000000000e+00
6.236780518000000156e+05 3.453138453999999911e+06 0.000000000000000000e+00
6.237047086999999592e+05 3.453171183000000194e+06 0.000000000000000000e+00
6.237330651999999536e+05 3.453202865999999922e+06 0.000000000000000000e+00
6.237625875000000233e+05 3.453234003000000026e+06 0.000000000000000000e+00
6.237931785000000382e+05 3.453264663999999873e+06 0.000000000000000000e+00
6.238249431999999797e+05 3.453294654000000097e+06 0.000000000000000000e+00
6.237432667999999830e+05 3.453082941000000108e+06 0.000000000000000000e+00
6.237708497999999672e+05 3.453111092000000179e+06 0.000000000000000000e+00
6.237991175999999978e+05 3.453140058999999892e+06 0.000000000000000000e+00
6.238280500000000466e+05 3.453169169999999925e+06 0.000000000000000000e+00
6.238575441000000574e+05 3.453198046000000089e+06 0.000000000000000000e+00
6.238874579999999842e+05 3.453226425999999978e+06 0.000000000000000000e+00
6.238039340999999549e+05 3.453020163999999873e+06 0.000000000000000000e+00
6.238331236999999965e+05 3.453048510999999940e+06 0.000000000000000000e+00
6.238620304000000469e+05 3.453077086999999825e+06 0.000000000000000000e+00
6.238908046000000322e+05 3.453105643000000156e+06 0.000000000000000000e+00
6.239195836000000127e+05 3.453133922999999952e+06 0.000000000000000000e+00
6.239485108999999939e+05 3.453161762000000104e+06 0.000000000000000000e+00
6.238667291999999434e+05 3.452954941999999806e+06 0.000000000000000000e+00
6.238966605999999447e+05 3.452984490000000224e+06 0.000000000000000000e+00
6.239255583999999799e+05 3.453014271999999881e+06 0.000000000000000000e+00
6.239535516000000061e+05 3.453043666000000201e+06 0.000000000000000000e+00
6.239809538000000175e+05 3.453072256000000052e+06 0.000000000000000000e+00
6.240081674000000348e+05 3.453099739000000060e+06 0.000000000000000000e+00
6.239363560999999754e+05 3.452885027999999933e+06 0.000000000000000000e+00
6.239661631999999518e+05 3.452920270000000019e+06 0.000000000000000000e+00
6.239935744000000414e+05 3.452953737000000197e+06 0.000000000000000000e+00
6.240192600000000093e+05 3.452985725999999791e+06 0.000000000000000000e+00
6.240435929000000469e+05 3.453016104999999981e+06 0.000000000000000000e+00
6.240666933999999892e+05 3.453044547999999952e+06 0.000000000000000000e+00
6.240208451999999816e+05 3.452822682000000030e+06 0.000000000000000000e+00
6.240460381999999518e+05 3.452862469000000041e+06 0.000000000000000000e+00
6.240693057999999728e+05 3.452899893000000156e+06 0.000000000000000000e+00
6.240910420000000158e+05 3.452935220999999903e+06 0.000000000000000000e+00
6.241113697999999858e+05 3.452968587999999989e+06 0.000000000000000000e+00
6.241304266000000061e+05 3.453000004000000190e+06 0.000000000000000000e+00
6.241148588999999920e+05 3.452773351999999955e+06 0.000000000000000000e+00
6.241338394000000553e+05 3.452815748999999836e+06 0.000000000000000000e+00
6.241520627000000095e+05 3.452855768000000156e+06 0.000000000000000000e+00
6.241694836999999825e+05 3.452893796999999788e+06 0.000000000000000000e+00
6.241857905000000028e+05 3.452930223000000231e+06 0.000000000000000000e+00
6.242004013000000268e+05 3.452965288999999873e+06 0.000000000000000000e+00
6.242120069999999832e+05 3.452739711000000127e+06 0.000000000000000000e+00
6.242242735000000102e+05 3.452781061999999918e+06 0.000000000000000000e+00
6.242382445999999763e+05 3.452820848000000231e+06 0.000000000000000000e+00
6.242528142000000225e+05 3.452859675999999978e+06 0.000000000000000000e+00
6.242673416000000434e+05 3.452898049000000115e+06 0.000000000000000000e+00
6.242812989999999991e+05 3.452936577000000048e+06 0.000000000000000000e+00
6.242959388000000035e+05 3.452716776999999769e+06 0.000000000000000000e+00
6.243087517999999691e+05 3.452752992000000086e+06 0.000000000000000000e+00
6.243223551999999909e+05 3.452790324000000022e+06 0.000000000000000000e+00
6.243365918999999994e+05 3.452827990000000224e+06 0.000000000000000000e+00
6.243513972000000067e+05 3.452865828000000212e+06 0.000000000000000000e+00
6.243669063000000315e+05 3.452903904999999795e+06 0.000000000000000000e+00
6.243750110000000568e+05 3.452684813000000082e+06 0.000000000000000000e+00
6.243894991000000155e+05 3.452722325000000186e+06 0.000000000000000000e+00
6.244036419000000460e+05 3.452759262000000104e+06 0.000000000000000000e+00
6.244180304000000469e+05 3.452795975999999791e+06 0.000000000000000000e+00
6.244328817000000272e+05 3.452832549999999814e+06 0.000000000000000000e+00
6.244483148000000510e+05 3.452868955999999773e+06 0.000000000000000000e+00
6.244580017000000225e+05 3.452657401999999769e+06 0.000000000000000000e+00
6.244699658999999519e+05 3.452693100999999791e+06 0.000000000000000000e+00
6.244832095999999437e+05 3.452728819000000134e+06 0.000000000000000000e+00
6.244971289000000106e+05 3.452764453999999911e+06 0.000000000000000000e+00
6.245115311000000220e+05 3.452799925999999978e+06 0.000000000000000000e+00
6.245263780000000261e+05 3.452835125000000000e+06 0.000000000000000000e+00
6.245321905999999726e+05 3.452629871999999974e+06 0.000000000000000000e+00
6.245463020000000251e+05 3.452664049999999814e+06 0.000000000000000000e+00
6.245602051000000210e+05 3.452698757999999914e+06 0.000000000000000000e+00
6.245741565999999875e+05 3.452733640000000130e+06 0.000000000000000000e+00
6.245882230999999447e+05 3.452768495000000112e+06 0.000000000000000000e+00
6.246023750999999465e+05 3.452803205000000075e+06 0.000000000000000000e+00
6.246086184000000358e+05 3.452597336999999825e+06 0.000000000000000000e+00
6.246227783000000054e+05 3.452633080999999773e+06 0.000000000000000000e+00
6.246366406000000425e+05 3.452668212999999989e+06 0.000000000000000000e+00
6.246504703999999911e+05 3.452703103000000119e+06 0.000000000000000000e+00
6.246643144999999786e+05 3.452737862000000197e+06 0.000000000000000000e+00
6.246781822000000393e+05 3.452772492000000086e+06 0.000000000000000000e+00
6.246871868000000250e+05 3.452569743999999948e+06 0.000000000000000000e+00
6.246995668000000296e+05 3.452603925999999978e+06 0.000000000000000000e+00
6.247129294000000227e+05 3.452638341000000015e+06 0.000000000000000000e+00
6.247266537000000244e+05 3.452672976999999955e+06 0.000000000000000000e+00
6.247404007999999449e+05 3.452707785999999847e+06 0.000000000000000000e+00
6.247539102000000421e+05 3.452742648000000045e+06 0.000000000000000000e+00
6.247580912999999709e+05 3.452541035000000149e+06 0.000000000000000000e+00
6.247730548000000417e+05 3.452573677999999840e+06 0.000000000000000000e+00
6.247879592000000412e+05 3.452607342000000179e+06 0.000000000000000000e+00
6.248028632999999681e+05 3.452641859999999870e+06 0.000000000000000000e+00
6.248175829000000376e+05 3.452677171000000089e+06 0.000000000000000000e+00
6.248318092000000179e+05 3.452713225000000093e+06 0.000000000000000000e+00
6.248293634000000311e+05 3.452506152999999933e+06 0.000000000000000000e+00
6.248458148999999976e+05 3.452539026000000071e+06 0.000000000000000000e+00
6.248625810000000056e+05 3.452572498000000138e+06 0.000000000000000000e+00
6.248796748000000371e+05 3.452606953999999911e+06 0.000000000000000000e+00
6.248969566000000341e+05 3.452642790000000037e+06 0.000000000000000000e+00
6.249139895999999717e+05 3.452680509999999776e+06 0.000000000000000000e+00
6.248995391000000527e+05 3.452470245000000112e+06 0.000000000000000000e+00
6.249167552000000142e+05 3.452501242000000086e+06 0.000000000000000000e+00
6.249353353000000352e+05 3.452532961000000127e+06 0.000000000000000000e+00
6.249551117000000086e+05 3.452565739000000060e+06 0.000000000000000000e+00
6.249761870999999810e+05 3.452599839999999851e+06 0.000000000000000000e+00
6.249991160999999847e+05 3.452635546999999788e+06 0.000000000000000000e+00
6.249616862999999430e+05 3.452431976999999955e+06 0.000000000000000000e+00
6.249818116999999620e+05 3.452459393999999855e+06 0.000000000000000000e+00
6.250028865999999689e+05 3.452488308000000194e+06 0.000000000000000000e+00
6.250250524000000441e+05 3.452518330000000075e+06 0.000000000000000000e+00
6.250484133000000147e+05 3.452549242000000086e+06 0.000000000000000000e+00
6.250730840000000317e+05 3.452580782000000123e+06 0.000000000000000000e+00
6.250192480000000214e+05 3.452385163999999873e+06 0.000000000000000000e+00
6.250419009000000078e+05 3.452411413999999873e+06 0.000000000000000000e+00
6.250652761999999639e+05 3.452438554000000004e+06 0.000000000000000000e+00
6.250893662000000477e+05 3.452466549000000115e+06 0.000000000000000000e+00
6.251142216999999946e+05 3.452495237000000197e+06 0.000000000000000000e+00
6.251399279999999562e+05 3.452524424000000115e+06 0.000000000000000000e+00
6.250734832999999635e+05 3.452333567999999970e+06 0.000000000000000000e+00
6.250988425999999745e+05 3.452358501000000164e+06 0.000000000000000000e+00
6.251243096000000369e+05 3.452384530999999959e+06 0.000000000000000000e+00
6.251500368999999482e+05 3.452411378000000026e+06 0.000000000000000000e+00
6.251760775999999605e+05 3.452438837999999989e+06 0.000000000000000000e+00
6.252024287000000477e+05 3.452466711999999825e+06 0.000000000000000000e+00
6.251276121000000276e+05 3.452275361000000034e+06 0.000000000000000000e+00
6.251548447999999626e+05 3.452300770000000019e+06 0.000000000000000000e+00
6.251819557000000495e+05 3.452326723000000231e+06 0.000000000000000000e+00
6.252090938000000315e+05 3.452353254999999888e+06 0.000000000000000000e+00
6.252363035000000382e+05 3.452380362999999896e+06 0.000000000000000000e+00
6.252635335000000196e+05 3.452408021000000183e+06 0.000000000000000000e+00
6.251832889000000432e+05 3.452214799999999814e+06 0.000000000000000000e+00
6.252111467000000412e+05 3.452240305000000168e+06 0.000000000000000000e+00
6.252392384999999776e+05 3.452266075000000186e+06 0.000000000000000000e+00
6.252675953999999911e+05 3.452292310000000056e+06 0.000000000000000000e+00
6.252962020000000484e+05 3.452319175999999978e+06 0.000000000000000000e+00
6.253250100999999559e+05 3.452346830999999773e+06 0.000000000000000000e+00
6.252381539000000339e+05 3.452154128000000026e+06 0.000000000000000000e+00
6.252661964000000153e+05 3.452178447999999858e+06 0.000000000000000000e+00
6.252951400000000140e+05 3.452203087999999989e+06 0.000000000000000000e+00
6.253248042000000132e+05 3.452228308000000194e+06 0.000000000000000000e+00
6.253551043999999529e+05 3.452254279000000097e+06 0.000000000000000000e+00
6.253859862000000430e+05 3.452281234000000171e+06 0.000000000000000000e+00
6.252873399999999674e+05 3.452092802999999840e+06 0.000000000000000000e+00
6.253172534000000451e+05 3.452114433000000194e+06 0.000000000000000000e+00
6.253478307999999961e+05 3.452137205999999773e+06 0.000000000000000000e+00
6.253790929999999935e+05 3.452160811999999918e+06 0.000000000000000000e+00
6.254110740999999689e+05 3.452185101999999955e+06 0.000000000000000000e+00
6.254439087999999756e+05 3.452209902999999933e+06 0.000000000000000000e+00
6.253328961000000127e+05 3.452024831999999937e+06 0.000000000000000000e+00
6.253649298000000417e+05 3.452045859999999870e+06 0.000000000000000000e+00
6.253973408000000054e+05 3.452067575000000186e+06 0.000000000000000000e+00
6.254301539999999804e+05 3.452090015000000130e+06 0.000000000000000000e+00
6.254633432000000030e+05 3.452113077000000048e+06 0.000000000000000000e+00
6.254968750000000000e+05 3.452136598999999929e+06 0.000000000000000000e+00
6.253766310999999987e+05 3.451953975999999791e+06 0.000000000000000000e+00
6.254104838000000454e+05 3.451973404000000097e+06 0.000000000000000000e+00
6.254448562000000384e+05 3.451994200999999885e+06 0.000000000000000000e+00
6.254794207999999635e+05 3.452016077000000048e+06 0.000000000000000000e+00
6.255139690999999875e+05 3.452038824000000022e+06 0.000000000000000000e+00
6.255483129000000190e+05 3.452062154999999795e+06 0.000000000000000000e+00
6.254166594000000041e+05 3.451875569999999832e+06 0.000000000000000000e+00
6.254542830000000540e+05 3.451894962999999989e+06 0.000000000000000000e+00
6.254915862999999663e+05 3.451915740999999922e+06 0.000000000000000000e+00
6.255287145999999484e+05 3.451937811999999918e+06 0.000000000000000000e+00
6.255656395999999950e+05 3.451961254999999888e+06 0.000000000000000000e+00
6.256020060000000522e+05 3.451986385999999940e+06 0.000000000000000000e+00
6.254593214999999618e+05 3.451789575999999885e+06 0.000000000000000000e+00
6.254992264000000432e+05 3.451810183000000194e+06 0.000000000000000000e+00
6.255388342000000412e+05 3.451831455999999773e+06 0.000000000000000000e+00
6.255784520999999950e+05 3.451853492000000086e+06 0.000000000000000000e+00
6.256185137999999570e+05 3.451876387000000104e+06 0.000000000000000000e+00
6.256598745999999810e+05 3.451900293000000063e+06 0.000000000000000000e+00
6.255048196999999927e+05 3.451700598000000231e+06 0.000000000000000000e+00
6.255456607999999542e+05 3.451721966000000015e+06 0.000000000000000000e+00
6.255862214999999851e+05 3.451743538000000175e+06 0.000000000000000000e+00
6.256266918000000296e+05 3.451765248000000138e+06 0.000000000000000000e+00
6.256672547000000486e+05 3.451786895000000019e+06 0.000000000000000000e+00
6.257081101000000490e+05 3.451808072000000160e+06 0.000000000000000000e+00
6.255523517999999458e+05 3.451610737999999896e+06 0.000000000000000000e+00
6.255932709999999497e+05 3.451632618999999948e+06 0.000000000000000000e+00
6.256340738999999594e+05 3.451654634999999776e+06 0.000000000000000000e+00
6.256745864999999758e+05 3.451676808000000194e+06 0.000000000000000000e+00
6.257145760999999475e+05 3.451699023000000045e+06 0.000000000000000000e+00
6.257536206999999704e+05 3.451720953000000212e+06 0.000000000000000000e+00
6.255995049000000581e+05 3.451520663000000175e+06 0.000000000000000000e+00
6.256414793000000063e+05 3.451542234999999870e+06 0.000000000000000000e+00
6.256832341999999480e+05 3.451564717000000179e+06 0.000000000000000000e+00
6.257246208999999799e+05 3.451587827000000048e+06 0.000000000000000000e+00
6.257655692999999737e+05 3.451611648000000045e+06 0.000000000000000000e+00
6.258058632000000216e+05 3.451636603999999817e+06 0.000000000000000000e+00
6.256474662999999709e+05 3.451424191000000108e+06 0.000000000000000000e+00
6.256916212999999989e+05 3.451448604999999981e+06 0.000000000000000000e+00
6.257341960999999428e+05 3.451472516999999993e+06 0.000000000000000000e+00
6.257764216999999480e+05 3.451496138999999966e+06 0.000000000000000000e+00
6.258189708000000101e+05 3.451519822999999858e+06 0.000000000000000000e+00
6.258625572000000393e+05 3.451543945999999996e+06 0.000000000000000000e+00
6.257086777000000002e+05 3.451331729999999981e+06 0.000000000000000000e+00
6.257464342000000179e+05 3.451358169999999925e+06 0.000000000000000000e+00
6.257858834000000497e+05 3.451381841000000015e+06 0.000000000000000000e+00
6.258266581999999471e+05 3.451404208000000101e+06 0.000000000000000000e+00
6.258686090000000549e+05 3.451425896999999881e+06 0.000000000000000000e+00
6.259116820000000298e+05 3.451447129999999888e+06 0.000000000000000000e+00
6.257593358000000007e+05 3.451260365000000224e+06 0.000000000000000000e+00
6.257938878000000259e+05 3.451277452000000048e+06 0.000000000000000000e+00
6.258316962000000058e+05 3.451295891999999993e+06 0.000000000000000000e+00
6.258715139999999665e+05 3.451314711000000127e+06 0.000000000000000000e+00
6.259127855999999447e+05 3.451333608000000007e+06 0.000000000000000000e+00
6.259551733999999706e+05 3.451352433000000194e+06 0.000000000000000000e+00
6.257893800000000047e+05 3.451178364000000060e+06 0.000000000000000000e+00
6.258291075999999885e+05 3.451193695999999996e+06 0.000000000000000000e+00
6.258689361000000499e+05 3.451209165000000037e+06 0.000000000000000000e+00
6.259097543999999762e+05 3.451225061999999918e+06 0.000000000000000000e+00
6.259517203000000445e+05 3.451241481000000145e+06 0.000000000000000000e+00
6.259946371000000509e+05 3.451258554000000004e+06 0.000000000000000000e+00
6.258229736000000266e+05 3.451095163000000175e+06 0.000000000000000000e+00
6.258604431000000332e+05 3.451107817999999970e+06 0.000000000000000000e+00
6.259002463999999454e+05 3.451120359999999870e+06 0.000000000000000000e+00
6.259418767000000225e+05 3.451133117000000086e+06 0.000000000000000000e+00
6.259853458999999566e+05 3.451146311999999918e+06 0.000000000000000000e+00
6.260310659000000451e+05 3.451160404999999795e+06 0.000000000000000000e+00
6.258434553000000305e+05 3.451013921000000089e+06 0.000000000000000000e+00
6.258827813000000315e+05 3.451021802000000142e+06 0.000000000000000000e+00
6.259235548999999883e+05 3.451030313000000082e+06 0.000000000000000000e+00
6.259658747999999905e+05 3.451039294999999925e+06 0.000000000000000000e+00
6.260095637000000570e+05 3.451048461999999825e+06 0.000000000000000000e+00
6.260542937000000384e+05 3.451056975000000093e+06 0.000000000000000000e+00
6.258572005999999819e+05 3.450928802000000142e+06 0.000000000000000000e+00
6.258969795000000158e+05 3.450933078000000212e+06 0.000000000000000000e+00
6.259389871000000276e+05 3.450937845999999903e+06 0.000000000000000000e+00
6.259829827999999980e+05 3.450943564999999944e+06 0.000000000000000000e+00
6.260285420999999624e+05 3.450950950999999885e+06 0.000000000000000000e+00
6.260743419999999460e+05 3.450961152999999933e+06 0.000000000000000000e+00
6.258604442000000272e+05 3.450842600999999791e+06 0.000000000000000000e+00
6.259012290999999968e+05 3.450842118999999948e+06 0.000000000000000000e+00
6.259444320999999763e+05 3.450841436999999918e+06 0.000000000000000000e+00
6.259909438000000082e+05 3.450840950999999885e+06 0.000000000000000000e+00
6.260419573999999557e+05 3.450841293000000063e+06 0.000000000000000000e+00
6.261003044999999693e+05 3.450843858000000007e+06 0.000000000000000000e+00
6.258555590999999549e+05 3.450759214999999851e+06 0.000000000000000000e+00
6.258929869000000181e+05 3.450752466000000015e+06 0.000000000000000000e+00
6.259345084000000497e+05 3.450744433999999892e+06 0.000000000000000000e+00
6.259797595999999903e+05 3.450735341000000015e+06 0.000000000000000000e+00
6.260286894000000320e+05 3.450724858000000007e+06 0.000000000000000000e+00
6.260803691999999573e+05 3.450711936000000220e+06 0.000000000000000000e+00
6.258301972999999998e+05 3.450682563999999780e+06 0.000000000000000000e+00
6.258673996999999508e+05 3.450667291000000201e+06 0.000000000000000000e+00
6.259073022000000346e+05 3.450651668000000063e+06 0.000000000000000000e+00
6.259501513000000268e+05 3.450635111000000034e+06 0.000000000000000000e+00
6.259962304000000004e+05 3.450617138999999966e+06 0.000000000000000000e+00
6.260466548000000184e+05 3.450597304000000004e+06 0.000000000000000000e+00
6.257917260000000242e+05 3.450604512000000104e+06 0.000000000000000000e+00
6.258279736000000266e+05 3.450584317999999970e+06 0.000000000000000000e+00
6.258660988000000361e+05 3.450563566999999806e+06 0.000000000000000000e+00
6.259060376999999862e+05 3.450541763999999966e+06 0.000000000000000000e+00
6.259475579000000143e+05 3.450518433999999892e+06 0.000000000000000000e+00
6.259897916999999434e+05 3.450492890999999829e+06 0.000000000000000000e+00
6.257445938999999780e+05 3.450527282999999821e+06 0.000000000000000000e+00
6.257797377000000561e+05 3.450504404000000097e+06 0.000000000000000000e+00
6.258158778999999631e+05 3.450480526000000071e+06 0.000000000000000000e+00
6.258532593999999808e+05 3.450455464000000153e+06 0.000000000000000000e+00
6.258922016000000294e+05 3.450429103999999817e+06 0.000000000000000000e+00
6.259339264999999432e+05 3.450401700000000186e+06 0.000000000000000000e+00
6.256943085999999894e+05 3.450453828999999911e+06 0.000000000000000000e+00
6.257263948000000091e+05 3.450429368999999948e+06 0.000000000000000000e+00
6.257596382000000449e+05 3.450403237999999896e+06 0.000000000000000000e+00
6.257938645999999717e+05 3.450375762000000104e+06 0.000000000000000000e+00
6.258287120000000577e+05 3.450346787000000011e+06 0.000000000000000000e+00
6.258634046000000089e+05 3.450315904000000097e+06 0.000000000000000000e+00
6.256367815000000410e+05 3.450389929000000004e+06 0.000000000000000000e+00
6.256668854000000283e+05 3.450360487999999896e+06 0.000000000000000000e+00
6.256985485999999801e+05 3.450331549000000115e+06 0.000000000000000000e+00
6.257309801000000443e+05 3.450302580000000075e+06 0.000000000000000000e+00
6.257636376999999629e+05 3.450273260999999940e+06 0.000000000000000000e+00
6.257961617000000551e+05 3.450243351999999955e+06 0.000000000000000000e+00
6.255675494000000181e+05 3.450321416999999899e+06 0.000000000000000000e+00
6.256009536000000080e+05 3.450290254999999888e+06 0.000000000000000000e+00
6.256342495999999810e+05 3.450260314999999944e+06 0.000000000000000000e+00
6.256672879999999423e+05 3.450231245000000112e+06 0.000000000000000000e+00
6.256997704999999842e+05 3.450202662000000011e+06 0.000000000000000000e+00
6.257313419999999460e+05 3.450174225999999791e+06 0.000000000000000000e+00
6.254976032999999588e+05 3.450244898000000045e+06 0.000000000000000000e+00
6.255346391000000294e+05 3.450213770000000019e+06 0.000000000000000000e+00
6.255710466000000015e+05 3.450184953999999911e+06 0.000000000000000000e+00
6.256062373999999836e+05 3.450157711000000127e+06 0.000000000000000000e+00
6.256400298999999650e+05 3.450131455999999773e+06 0.000000000000000000e+00
6.256724074000000255e+05 3.450105782999999821e+06 0.000000000000000000e+00
6.254285389999999898e+05 3.450152526000000071e+06 0.000000000000000000e+00
6.254733471999999601e+05 3.450126492000000086e+06 0.000000000000000000e+00
6.255142961000000359e+05 3.450102515999999829e+06 0.000000000000000000e+00
6.255521644999999553e+05 3.450079841000000015e+06 0.000000000000000000e+00
6.255873599000000395e+05 3.450057856999999844e+06 0.000000000000000000e+00
6.256201696000000229e+05 3.450035989000000060e+06 0.000000000000000000e+00
6.253828246000000509e+05 3.450045259999999776e+06 0.000000000000000000e+00
6.254289723999999696e+05 3.450030086999999825e+06 0.000000000000000000e+00
6.254714880000000121e+05 3.450014308000000194e+06 0.000000000000000000e+00
6.255106276000000071e+05 3.449998691000000108e+06 0.000000000000000000e+00
6.255464259999999776e+05 3.449983441999999806e+06 0.000000000000000000e+00
6.255785139000000199e+05 3.449968501000000164e+06 0.000000000000000000e+00
6.253569387000000570e+05 3.449943794999999925e+06 0.000000000000000000e+00
6.254017212000000291e+05 3.449934007000000216e+06 0.000000000000000000e+00
6.254442963999999920e+05 3.449924441999999806e+06 0.000000000000000000e+00
6.254843730000000214e+05 3.449915331999999937e+06 0.000000000000000000e+00
6.255218011999999871e+05 3.449907004999999888e+06 0.000000000000000000e+00
6.255565150999999605e+05 3.449899918000000063e+06 0.000000000000000000e+00
6.253392493999999715e+05 3.449842376999999862e+06 0.000000000000000000e+00
6.253856959000000497e+05 3.449837030999999959e+06 0.000000000000000000e+00
6.254294455999999773e+05 3.449832550999999978e+06 0.000000000000000000e+00
6.254708959999999497e+05 3.449828524999999907e+06 0.000000000000000000e+00
6.255103841000000248e+05 3.449825095000000205e+06 0.000000000000000000e+00
6.255482454000000143e+05 3.449822620000000112e+06 0.000000000000000000e+00
6.253375409000000218e+05 3.449736209999999963e+06 0.000000000000000000e+00
6.253823281000000425e+05 3.449738558000000194e+06 0.000000000000000000e+00
6.254253554000000004e+05 3.449739260999999940e+06 0.000000000000000000e+00
6.254668257000000449e+05 3.449739248000000138e+06 0.000000000000000000e+00
6.255070230000000447e+05 3.449738984999999870e+06 0.000000000000000000e+00
6.255462732000000542e+05 3.449738736000000034e+06 0.000000000000000000e+00
6.253467304999999469e+05 3.449642234999999870e+06 0.000000000000000000e+00
6.253878301000000210e+05 3.449645827000000048e+06 0.000000000000000000e+00
6.254286888000000035e+05 3.449648617999999784e+06 0.000000000000000000e+00
6.254689460999999428e+05 3.449650799999999814e+06 0.000000000000000000e+00
6.255084581000000471e+05 3.449652537000000011e+06 0.000000000000000000e+00
6.255471600000000326e+05 3.449653882999999914e+06 0.000000000000000000e+00
6.253550239999999758e+05 3.449553211999999825e+06 0.000000000000000000e+00
6.253953993999999948e+05 3.449557100000000093e+06 0.000000000000000000e+00
6.254353436000000220e+05 3.449560799999999814e+06 0.000000000000000000e+00
6.254748122000000440e+05 3.449564257999999914e+06 0.000000000000000000e+00
6.255137295000000158e+05 3.449567518999999855e+06 0.000000000000000000e+00
6.255520294999999460e+05 3.449570685000000056e+06 0.000000000000000000e+00
6.253651332999999868e+05 3.449464774999999907e+06 0.000000000000000000e+00
6.254048436000000220e+05 3.449469725000000093e+06 0.000000000000000000e+00
6.254442354999999516e+05 3.449474333999999799e+06 0.000000000000000000e+00
6.254833216999999713e+05 3.449478731999999844e+06 0.000000000000000000e+00
6.255220722000000533e+05 3.449483075999999885e+06 0.000000000000000000e+00
6.255603678000000073e+05 3.449487515000000130e+06 0.000000000000000000e+00
6.253773303000000305e+05 3.449378206999999937e+06 0.000000000000000000e+00
6.254159300999999978e+05 3.449384095999999903e+06 0.000000000000000000e+00
6.254544120999999577e+05 3.449388975000000093e+06 0.000000000000000000e+00
6.254932280000000028e+05 3.449393447999999858e+06 0.000000000000000000e+00
6.255323839999999618e+05 3.449398058000000194e+06 0.000000000000000000e+00
6.255716049000000348e+05 3.449403322000000160e+06 0.000000000000000000e+00
