4900
55096
55097
65106
65107
75116
75117
85126
85127
95136
95137
107148
107149
117158
117159
127168
127169
137178
137179
147188
147189
55104
55105
65114
65115
75124
75125
85134
85135
95144
95145
107156
107157
117166
117167
127176
127177
137186
137187
147196
147197
57114
57115
67124
67125
77134
77135
87144
87145
95152
95153
107164
107165
117174
117175
127184
127185
137194
137195
147204
147205
57122
57123
67132
67133
77142
77143
87152
87153
95160
95161
107172
107173
115180
115181
127192
127193
137202
137203
147212
147213
55128
55129
65138
65139
75148
75149
85158
85159
95168
95169
105178
105179
115188
115189
125198
125199
135208
135209
145218
145219
55136
55137
65146
65147
75156
75157
85166
85167
95176
95177
105186
105187
115196
115197
125206
125207
135216
135217
145226
145227
55144
55145
65154
65155
75164
75165
85174
85175
95184
95185
105194
105195
115204
115205
125214
125215
135224
135225
145234
145235
57154
57155
67164
67165
77174
77175
87184
87185
97194
97195
107204
107205
115212
115213
125222
125223
135232
135233
147244
147245
57162
57163
67172
67173
77182
77183
87192
87193
97202
97203
107212
107213
117222
117223
127232
127233
137242
137243
147252
147253
57170
57171
67180
67181
77190
77191
87200
87201
97210
97211
107220
107221
117230
117231
127240
127241
137250
137251
147260
147261
55176
55177
65186
65187
75196
75197
87208
87209
97218
97219
107228
107229
117238
117239
127248
127249
137258
137259
147268
147269
55184
55185
65194
65195
77206
77207
87216
87217
97226
97227
107236
107237
117246
117247
127256
127257
137266
137267
147276
147277
57194
57195
67204
67205
77214
77215
87224
87225
97234
97235
107244
107245
117254
117255
127264
127265
137274
137275
147284
147285
57202
57203
67212
67213
77222
77223
87232
87233
97242
97243
107252
107253
117262
117263
127272
127273
137282
137283
147292
147293
57210
57211
67220
67221
77230
77231
87240
87241
95248
95249
107260
107261
115268
115269
125278
125279
135288
135289
147300
147301
55216
55217
65226
65227
75236
75237
85246
85247
95256
95257
105266
105267
115276
115277
125286
125287
135296
135297
147308
147309
55224
55225
65234
65235
75244
75245
85254
85255
95264
95265
105274
105275
115284
115285
125294
125295
135304
135305
145314
145315
55232
55233
65242
65243
75252
75253
85262
85263
95272
95273
105282
105283
115292
115293
125302
125303
135312
135313
145322
145323
55240
55241
65250
65251
75260
75261
85270
85271
95280
95281
105290
105291
115300
115301
125310
125311
135320
135321
145330
145331
55248
55249
65258
65259
75268
75269
85278
85279
95288
95289
105298
105299
115308
115309
125318
125319
135328
135329
147340
147341
55256
55257
65266
65267
75276
75277
85286
85287
95296
95297
105306
105307
115316
115317
125326
125327
137338
137339
147348
147349
55264
55265
65274
65275
75284
75285
85294
85295
95304
95305
105314
105315
115324
115325
125334
125335
135344
135345
145354
145355
55272
55273
65282
65283
75292
75293
85302
85303
95312
95313
105322
105323
115332
115333
125342
125343
135352
135353
145362
145363
55280
55281
65290
65291
75300
75301
85310
85311
95320
95321
107332
107333
117342
117343
127352
127353
137362
137363
147372
147373
55288
55289
65298
65299
75308
75309
87320
87321
97330
97331
107340
107341
117350
117351
127360
127361
137370
137371
147380
147381
55296
55297
65306
65307
75316
75317
87328
87329
97338
97339
107348
107349
117358
117359
127368
127369
137378
137379
147388
147389
55304
55305
65314
65315
77326
77327
87336
87337
97346
97347
107356
107357
117366
117367
127376
127377
135384
135385
145394
145395
57314
57315
67324
67325
77334
77335
87344
87345
97354
97355
107364
107365
117374
117375
127384
127385
135392
135393
145402
145403
57322
57323
67332
67333
77342
77343
87352
87353
97362
97363
107372
107373
117382
117383
127392
127393
137402
137403
145410
145411
57330
57331
67340
67341
77350
77351
87360
87361
97370
97371
107380
107381
117390
117391
127400
127401
137410
137411
147420
147421
57338
57339
67348
67349
77358
77359
87368
87369
97378
97379
107388
107389
117398
117399
127408
127409
137418
137419
147428
147429
57346
57347
67356
67357
77366
77367
87376
87377
97386
97387
107396
107397
117406
117407
127416
127417
137426
137427
147436
147437
57354
57355
67364
67365
77374
77375
87384
87385
97394
97395
107404
107405
117414
117415
127424
127425
137434
137435
147444
147445
57362
57363
67372
67373
77382
77383
87392
87393
97402
97403
107412
107413
117422
117423
127432
127433
137442
137443
147452
147453
57370
57371
67380
67381
77390
77391
87400
87401
97410
97411
107420
107421
117430
117431
127440
127441
137450
137451
147460
147461
57378
57379
67388
67389
77398
77399
87408
87409
97418
97419
107428
107429
117438
117439
127448
127449
137458
137459
147468
147469
57386
57387
67396
67397
77406
77407
87416
87417
97426
97427
107436
107437
117446
117447
127456
127457
137466
137467
147476
147477
57394
57395
67404
67405
77414
77415
87424
87425
97434
97435
107444
107445
117454
117455
127464
127465
137474
137475
147484
147485
57402
57403
67412
67413
77422
77423
87432
87433
97442
97443
107452
107453
117462
117463
127472
127473
137482
137483
147492
147493
57410
57411
67420
67421
77430
77431
87440
87441
97450
97451
107460
107461
117470
117471
127480
127481
137490
137491
147500
147501
57418
57419
67428
67429
77438
77439
87448
87449
97458
97459
107468
107469
117478
117479
127488
127489
137498
137499
147508
147509
57426
57427
67436
67437
77446
77447
87456
87457
97466
97467
107476
107477
117486
117487
127496
127497
137506
137507
147516
147517
57434
57435
67444
67445
77454
77455
87464
87465
97474
97475
107484
107485
117494
117495
127504
127505
137514
137515
147524
147525
57442
57443
67452
67453
77462
77463
87472
87473
97482
97483
107492
107493
117502
117503
127512
127513
137522
137523
147532
147533
57450
57451
67460
67461
77470
77471
87480
87481
97490
97491
107500
107501
117510
117511
127520
127521
137530
137531
147540
147541
57458
57459
67468
67469
77478
77479
87488
87489
97498
97499
107508
107509
117518
117519
127528
127529
137538
137539
147548
147549
57466
57467
67476
67477
77486
77487
87496
87497
97506
97507
107516
107517
117526
117527
127536
127537
137546
137547
147556
147557
57474
57475
67484
67485
77494
77495
87504
87505
97514
97515
107524
107525
117534
117535
127544
127545
137554
137555
147564
147565
57482
57483
65490
65491
75500
75501
85510
85511
95520
95521
105530
105531
117542
117543
127552
127553
137562
137563
147572
147573
55488
55489
65498
65499
75508
75509
85518
85519
95528
95529
105538
105539
115548
115549
125558
125559
135568
135569
145578
145579
55496
55497
65506
65507
75516
75517
85526
85527
95536
95537
105546
105547
115556
115557
125566
125567
135576
135577
145586
145587
55504
55505
65514
65515
75524
75525
85534
85535
95544
95545
105554
105555
115564
115565
125574
125575
135584
135585
145594
145595
57514
57515
67524
67525
77534
77535
85542
85543
95552
95553
105562
105563
115572
115573
125582
125583
135592
135593
145602
145603
57522
57523
67532
67533
77542
77543
87552
87553
95560
95561
105570
105571
115580
115581
125590
125591
135600
135601
145610
145611
57530
57531
67540
67541
77550
77551
85558
85559
95568
95569
105578
105579
115588
115589
125598
125599
135608
135609
145618
145619
55536
55537
65546
65547
75556
75557
85566
85567
95576
95577
105586
105587
115596
115597
125606
125607
135616
135617
145626
145627
55544
55545
65554
65555
75564
75565
85574
85575
95584
95585
105594
105595
115604
115605
125614
125615
135624
135625
145634
145635
55552
55553
65562
65563
75572
75573
85582
85583
95592
95593
105602
105603
115612
115613
125622
125623
135632
135633
145642
145643
55560
55561
65570
65571
75580
75581
85590
85591
95600
95601
105610
105611
115620
115621
125630
125631
135640
135641
145650
145651
55568
55569
65578
65579
75588
75589
85598
85599
95608
95609
105618
105619
115628
115629
125638
125639
135648
135649
145658
145659
55576
55577
65586
65587
75596
75597
85606
85607
95616
95617
105626
105627
115636
115637
125646
125647
135656
135657
145666
145667
55584
55585
65594
65595
75604
75605
85614
85615
95624
95625
105634
105635
115644
115645
125654
125655
135664
135665
145674
145675
57594
57595
67604
67605
75612
75613
85622
85623
95632
95633
105642
105643
115652
115653
125662
125663
135672
135673
145682
145683
57602
57603
67612
67613
77622
77623
87632
87633
95640
95641
105650
105651
115660
115661
125670
125671
135680
135681
145690
145691
57610
57611
67620
67621
77630
77631
87640
87641
95648
95649
105658
105659
115668
115669
125678
125679
135688
135689
145698
145699
57618
57619
67628
67629
77638
77639
87648
87649
95656
95657
105666
105667
115676
115677
125686
125687
135696
135697
145706
145707
57626
57627
67636
67637
75644
75645
85654
85655
95664
95665
105674
105675
117686
117687
125694
125695
137706
137707
147716
147717
55632
55633
65642
65643
75652
75653
85662
85663
95672
95673
105682
105683
117694
117695
127704
127705
137714
137715
147724
147725
55640
55641
65650
65651
75660
75661
85670
85671
95680
95681
105690
105691
115700
115701
125710
125711
137722
137723
147732
147733
55648
55649
65658
65659
75668
75669
85678
85679
95688
95689
105698
105699
115708
115709
125718
125719
135728
135729
145738
145739
55656
55657
65666
65667
75676
75677
85686
85687
95696
95697
105706
105707
115716
115717
125726
125727
135736
135737
145746
145747
55664
55665
65674
65675
75684
75685
85694
85695
95704
95705
105714
105715
115724
115725
125734
125735
135744
135745
145754
145755
55672
55673
65682
65683
75692
75693
85702
85703
95712
95713
105722
105723
115732
115733
125742
125743
135752
135753
145762
145763
55680
55681
65690
65691
75700
75701
85710
85711
95720
95721
105730
105731
115740
115741
125750
125751
135760
135761
145770
145771
55688
55689
67700
67701
77710
77711
85718
85719
95728
95729
105738
105739
115748
115749
125758
125759
135768
135769
145778
145779
57698
57699
67708
67709
77718
77719
87728
87729
95736
95737
105746
105747
115756
115757
125766
125767
135776
135777
145786
145787
57706
57707
67716
67717
77726
77727
87736
87737
95744
95745
105754
105755
115764
115765
125774
125775
135784
135785
145794
145795
55712
55713
65722
65723
75732
75733
85742
85743
95752
95753
105762
105763
115772
115773
125782
125783
135792
135793
145802
145803
55720
55721
65730
65731
75740
75741
85750
85751
95760
95761
105770
105771
115780
115781
125790
125791
137802
137803
147812
147813
55728
55729
65738
65739
75748
75749
85758
85759
95768
95769
105778
105779
115788
115789
125798
125799
135808
135809
147820
147821
55736
55737
65746
65747
75756
75757
85766
85767
95776
95777
105786
105787
115796
115797
125806
125807
135816
135817
145826
145827
55744
55745
65754
65755
75764
75765
85774
85775
95784
95785
105794
105795
115804
115805
125814
125815
135824
135825
145834
145835
55752
55753
65762
65763
75772
75773
85782
85783
95792
95793
105802
105803
115812
115813
125822
125823
135832
135833
145842
145843
55760
55761
65770
65771
75780
75781
85790
85791
95800
95801
105810
105811
115820
115821
125830
125831
135840
135841
145850
145851
57770
57771
65778
65779
75788
75789
85798
85799
95808
95809
105818
105819
115828
115829
125838
125839
135848
135849
145858
145859
55776
55777
65786
65787
75796
75797
85806
85807
95816
95817
105826
105827
115836
115837
125846
125847
135856
135857
145866
145867
55784
55785
65794
65795
75804
75805
85814
85815
95824
95825
105834
105835
115844
115845
125854
125855
135864
135865
145874
145875
55792
55793
65802
65803
75812
75813
85822
85823
95832
95833
105842
105843
115852
115853
125862
125863
135872
135873
145882
145883
55800
55801
65810
65811
75820
75821
85830
85831
95840
95841
105850
105851
115860
115861
125870
125871
135880
135881
147892
147893
55808
55809
65818
65819
75828
75829
85838
85839
95848
95849
105858
105859
115868
115869
125878
125879
137890
137891
147900
147901
55816
55817
65826
65827
75836
75837
85846
85847
95856
95857
105866
105867
115876
115877
125886
125887
137898
137899
147908
147909
55824
55825
65834
65835
75844
75845
85854
85855
95864
95865
105874
105875
115884
115885
125894
125895
137906
137907
147916
147917
55832
55833
65842
65843
75852
75853
85862
85863
95872
95873
105882
105883
115892
115893
125902
125903
137914
137915
147924
147925
55840
55841
65850
65851
75860
75861
85870
85871
95880
95881
105890
105891
115900
115901
125910
125911
135920
135921
145930
145931
55848
55849
65858
65859
75868
75869
85878
85879
95888
95889
105898
105899
115908
115909
125918
125919
135928
135929
145938
145939
55856
55857
65866
65867
75876
75877
85886
85887
95896
95897
105906
105907
115916
115917
125926
125927
135936
135937
145946
145947
55864
55865
65874
65875
75884
75885
85894
85895
95904
95905
105914
105915
115924
115925
125934
125935
135944
135945
145954
145955
55872
55873
65882
65883
75892
75893
85902
85903
95912
95913
105922
105923
115932
115933
125942
125943
135952
135953
147964
147965
55880
55881
65890
65891
75900
75901
85910
85911
95920
95921
105930
105931
115940
115941
125950
125951
137962
137963
147972
147973
55888
55889
65898
65899
75908
75909
85918
85919
95928
95929
105938
105939
115948
115949
125958
125959
135968
135969
145978
145979
55896
55897
65906
65907
75916
75917
85926
85927
95936
95937
105946
105947
115956
115957
125966
125967
135976
135977
145986
145987
57906
57907
67916
67917
77926
77927
85934
85935
95944
95945
105954
105955
115964
115965
125974
125975
135984
135985
145994
145995
57914
57915
67924
67925
77934
77935
87944
87945
95952
95953
105962
105963
115972
115973
125982
125983
135992
135993
146002
146003
57922
57923
67932
67933
77942
77943
87952
87953
95960
95961
105970
105971
115980
115981
125990
125991
136000
136001
146010
146011
57930
57931
67940
67941
77950
77951
85958
85959
95968
95969
105978
105979
115988
115989
125998
125999
136008
136009
146018
146019
57938
57939
65946
65947
75956
75957
85966
85967
95976
95977
105986
105987
115996
115997
126006
126007
136016
136017
146026
146027
55944
55945
65954
65955
75964
75965
85974
85975
95984
95985
105994
105995
116004
116005
128016
128017
138026
138027
148036
148037
55952
55953
65962
65963
75972
75973
85982
85983
95992
95993
106002
106003
116012
116013
126022
126023
138034
138035
148044
148045
55960
55961
65970
65971
75980
75981
85990
85991
96000
96001
106010
106011
118022
118023
126030
126031
138042
138043
148052
148053
57970
57971
65978
65979
75988
75989
85998
85999
96008
96009
108020
108021
116028
116029
128040
128041
136048
136049
146058
146059
57978
57979
67988
67989
77998
77999
86006
86007
98018
98019
108028
108029
118038
118039
128048
128049
138058
138059
146066
146067
57986
57987
67996
67997
78006
78007
88016
88017
98026
98027
108036
108037
118046
118047
128056
128057
138066
138067
148076
148077
55992
55993
66002
66003
78014
78015
88024
88025
98034
98035
108044
108045
118054
118055
128064
128065
138074
138075
146082
146083
56000
56001
68012
68013
78022
78023
88032
88033
98042
98043
108052
108053
118062
118063
128072
128073
138082
138083
148092
148093
58010
58011
68020
68021
78030
78031
88040
88041
98050
98051
108060
108061
118070
118071
128080
128081
138090
138091
148100
148101
58018
58019
68028
68029
78038
78039
88048
88049
98058
98059
108068
108069
118078
118079
128088
128089
138098
138099
148108
148109
58026
58027
68036
68037
78046
78047
88056
88057
98066
98067
108076
108077
118086
118087
128096
128097
138106
138107
148116
148117
58034
58035
68044
68045
78054
78055
88064
88065
98074
98075
108084
108085
118094
118095
128104
128105
138114
138115
148124
148125
58042
58043
68052
68053
78062
78063
88072
88073
98082
98083
108092
108093
118102
118103
128112
128113
138122
138123
148132
148133
58050
58051
68060
68061
78070
78071
88080
88081
98090
98091
108100
108101
118110
118111
128120
128121
138130
138131
148140
148141
58058
58059
68068
68069
78078
78079
88088
88089
98098
98099
108108
108109
118118
118119
128128
128129
138138
138139
148148
148149
58066
58067
68076
68077
78086
78087
88096
88097
98106
98107
108116
108117
118126
118127
128136
128137
138146
138147
148156
148157
58074
58075
68084
68085
78094
78095
88104
88105
98114
98115
108124
108125
118134
118135
128144
128145
136152
136153
146162
146163
56080
56081
68092
68093
78102
78103
88112
88113
98122
98123
106130
106131
118142
118143
126150
126151
136160
136161
146170
146171
56088
56089
66098
66099
76108
76109
86118
86119
96128
96129
106138
106139
116148
116149
126158
126159
136168
136169
146178
146179
56096
56097
66106
66107
76116
76117
86126
86127
96136
96137
106146
106147
116156
116157
126166
126167
136176
136177
146186
146187
56104
56105
66114
66115
76124
76125
86134
86135
96144
96145
106154
106155
116164
116165
126174
126175
136184
136185
146194
146195
58114
58115
68124
68125
78134
78135
88144
88145
96152
96153
108164
108165
116172
116173
126182
126183
136192
136193
146202
146203
58122
58123
68132
68133
78142
78143
88152
88153
96160
96161
106170
106171
116180
116181
126190
126191
136200
136201
146210
146211
58130
58131
68140
68141
78150
78151
88160
88161
98170
98171
108180
108181
116188
116189
126198
126199
136208
136209
148220
148221
56136
56137
66146
66147
76156
76157
86166
86167
96176
96177
106186
106187
118198
118199
128208
128209
138218
138219
148228
148229
56144
56145
66154
66155
76164
76165
86174
86175
96184
96185
106194
106195
118206
118207
128216
128217
138226
138227
148236
148237
56152
56153
66162
66163
76172
76173
86182
86183
96192
96193
106202
106203
118214
118215
128224
128225
138234
138235
148244
148245
56160
56161
68172
68173
76180
76181
86190
86191
96200
96201
108212
108213
118222
118223
128232
128233
138242
138243
148252
148253
58170
58171
68180
68181
78190
78191
88200
88201
96208
96209
108220
108221
118230
118231
126238
126239
138250
138251
148260
148261
58178
58179
68188
68189
78198
78199
88208
88209
96216
96217
106226
106227
116236
116237
128248
128249
138258
138259
146266
146267
58186
58187
68196
68197
78206
78207
88216
88217
98226
98227
108236
108237
118246
118247
128256
128257
138266
138267
146274
146275
58194
58195
66202
66203
78214
78215
86222
86223
96232
96233
106242
106243
118254
118255
128264
128265
138274
138275
148284
148285
56200
56201
66210
66211
76220
76221
86230
86231
96240
96241
106250
106251
116260
116261
128272
128273
138282
138283
148292
148293
56208
56209
66218
66219
76228
76229
86238
86239
96248
96249
106258
106259
116268
116269
126278
126279
138290
138291
148300
148301
56216
56217
66226
66227
76236
76237
86246
86247
96256
96257
106266
106267
116276
116277
126286
126287
136296
136297
146306
146307
58226
58227
66234
66235
76244
76245
86254
86255
96264
96265
106274
106275
116284
116285
126294
126295
136304
136305
146314
146315
58234
58235
66242
66243
76252
76253
86262
86263
96272
96273
106282
106283
116292
116293
126302
126303
136312
136313
146322
146323
56240
56241
66250
66251
76260
76261
86270
86271
96280
96281
106290
106291
116300
116301
126310
126311
136320
136321
146330
146331
56248
56249
66258
66259
76268
76269
86278
86279
96288
96289
106298
106299
116308
116309
126318
126319
136328
136329
146338
146339
56256
56257
66266
66267
76276
76277
86286
86287
96296
96297
106306
106307
116316
116317
126326
126327
136336
136337
146346
146347
56264
56265
66274
66275
76284
76285
86294
86295
96304
96305
106314
106315
116324
116325
126334
126335
136344
136345
146354
146355
56272
56273
66282
66283
76292
76293
86302
86303
96312
96313
106322
106323
116332
116333
126342
126343
136352
136353
146362
146363
56280
56281
66290
66291
76300
76301
86310
86311
96320
96321
106330
106331
116340
116341
126350
126351
136360
136361
146370
146371
56288
56289
66298
66299
76308
76309
86318
86319
96328
96329
106338
106339
116348
116349
126358
126359
136368
136369
146378
146379
56296
56297
66306
66307
76316
76317
86326
86327
96336
96337
106346
106347
116356
116357
126366
126367
136376
136377
146386
146387
56304
56305
66314
66315
76324
76325
86334
86335
96344
96345
106354
106355
116364
116365
126374
126375
136384
136385
146394
146395
56312
56313
66322
66323
76332
76333
86342
86343
96352
96353
106362
106363
116372
116373
126382
126383
136392
136393
146402
146403
56320
56321
66330
66331
76340
76341
86350
86351
96360
96361
106370
106371
116380
116381
126390
126391
136400
136401
146410
146411
56328
56329
66338
66339
76348
76349
86358
86359
96368
96369
106378
106379
116388
116389
126398
126399
136408
136409
146418
146419
58338
58339
66346
66347
76356
76357
86366
86367
96376
96377
106386
106387
116396
116397
126406
126407
136416
136417
148428
148429
58346
58347
66354
66355
76364
76365
86374
86375
96384
96385
106394
106395
116404
116405
126414
126415
136424
136425
146434
146435
56352
56353
66362
66363
76372
76373
86382
86383
96392
96393
106402
106403
116412
116413
126422
126423
136432
136433
146442
146443
56360
56361
66370
66371
76380
76381
86390
86391
96400
96401
106410
106411
116420
116421
126430
126431
136440
136441
146450
146451
56368
56369
66378
66379
76388
76389
86398
86399
96408
96409
106418
106419
116428
116429
126438
126439
136448
136449
146458
146459
56376
56377
66386
66387
76396
76397
86406
86407
96416
96417
106426
106427
116436
116437
126446
126447
136456
136457
146466
146467
56384
56385
66394
66395
76404
76405
86414
86415
96424
96425
106434
106435
116444
116445
126454
126455
136464
136465
146474
146475
56392
56393
66402
66403
76412
76413
86422
86423
96432
96433
106442
106443
116452
116453
126462
126463
136472
136473
146482
146483
56400
56401
66410
66411
76420
76421
86430
86431
96440
96441
106450
106451
116460
116461
126470
126471
136480
136481
146490
146491
56408
56409
66418
66419
76428
76429
86438
86439
96448
96449
106458
106459
116468
116469
126478
126479
136488
136489
146498
146499
56416
56417
66426
66427
76436
76437
86446
86447
96456
96457
106466
106467
116476
116477
126486
126487
136496
136497
146506
146507
56424
56425
66434
66435
76444
76445
86454
86455
96464
96465
106474
106475
116484
116485
126494
126495
136504
136505
146514
146515
56432
56433
66442
66443
76452
76453
86462
86463
96472
96473
106482
106483
116492
116493
126502
126503
138514
138515
146522
146523
56440
56441
66450
66451
76460
76461
86470
86471
96480
96481
106490
106491
116500
116501
128512
128513
138522
138523
148532
148533
56448
56449
66458
66459
76468
76469
86478
86479
96488
96489
106498
106499
116508
116509
128520
128521
138530
138531
148540
148541
56456
56457
66466
66467
76476
76477
86486
86487
96496
96497
106506
106507
116516
116517
126526
126527
136536
136537
148548
148549
58466
58467
66474
66475
76484
76485
86494
86495
96504
96505
106514
106515
116524
116525
126534
126535
136544
136545
146554
146555
58474
58475
68484
68485
76492
76493
86502
86503
96512
96513
106522
106523
116532
116533
126542
126543
136552
136553
146562
146563
58482
58483
68492
68493
76500
76501
86510
86511
96520
96521
106530
106531
116540
116541
126550
126551
136560
136561
146570
146571
58490
58491
68500
68501
76508
76509
86518
86519
96528
96529
106538
106539
116548
116549
126558
126559
136568
136569
146578
146579
58498
58499
68508
68509
78518
78519
88528
88529
98538
98539
108548
108549
118558
118559
126566
126567
138578
138579
148588
148589
58506
58507
68516
68517
78526
78527
88536
88537
98546
98547
108556
108557
118566
118567
128576
128577
138586
138587
148596
148597
58514
58515
68524
68525
78534
78535
86542
86543
98554
98555
108564
108565
118574
118575
128584
128585
138594
138595
148604
148605
56520
56521
68532
68533
76540
76541
88552
88553
98562
98563
108572
108573
118582
118583
128592
128593
138602
138603
148612
148613
56528
56529
66538
66539
76548
76549
88560
88561
98570
98571
108580
108581
118590
118591
128600
128601
138610
138611
148620
148621
56536
56537
66546
66547
76556
76557
88568
88569
98578
98579
108588
108589
118598
118599
126606
126607
136616
136617
148628
148629
58546
58547
68556
68557
78566
78567
88576
88577
98586
98587
106594
106595
116604
116605
126614
126615
136624
136625
146634
146635
58554
58555
68564
68565
78574
78575
88584
88585
98594
98595
106602
106603
116612
116613
126622
126623
136632
136633
146642
146643
58562
58563
68572
68573
78582
78583
88592
88593
98602
98603
106610
106611
116620
116621
126630
126631
136640
136641
146650
146651
58570
58571
68580
68581
78590
78591
88600
88601
96608
96609
106618
106619
116628
116629
126638
126639
136648
136649
146658
146659
58578
58579
68588
68589
78598
78599
86606
86607
96616
96617
106626
106627
116636
116637
126646
126647
136656
136657
146666
146667
56584
56585
66594
66595
76604
76605
86614
86615
96624
96625
106634
106635
116644
116645
126654
126655
136664
136665
146674
146675
56592
56593
66602
66603
76612
76613
86622
86623
96632
96633
106642
106643
116652
116653
126662
126663
136672
136673
146682
146683
56600
56601
66610
66611
76620
76621
86630
86631
96640
96641
106650
106651
116660
116661
126670
126671
136680
136681
146690
146691
58610
58611
66618
66619
76628
76629
86638
86639
96648
96649
106658
106659
116668
116669
126678
126679
136688
136689
146698
146699
58618
58619
68628
68629
76636
76637
86646
86647
96656
96657
106666
106667
116676
116677
126686
126687
136696
136697
146706
146707
58626
58627
66634
66635
76644
76645
86654
86655
96664
96665
106674
106675
116684
116685
126694
126695
136704
136705
146714
146715
56632
56633
66642
66643
76652
76653
86662
86663
96672
96673
106682
106683
116692
116693
126702
126703
136712
136713
146722
146723
56640
56641
66650
66651
76660
76661
86670
86671
96680
96681
106690
106691
116700
116701
126710
126711
136720
136721
146730
146731
56648
56649
66658
66659
76668
76669
86678
86679
96688
96689
106698
106699
116708
116709
126718
126719
136728
136729
146738
146739
56656
56657
66666
66667
76676
76677
86686
86687
96696
96697
106706
106707
116716
116717
126726
126727
136736
136737
148748
148749
56664
56665
66674
66675
76684
76685
86694
86695
96704
96705
106714
106715
116724
116725
128736
128737
138746
138747
148756
148757
56672
56673
66682
66683
76692
76693
86702
86703
96712
96713
106722
106723
116732
116733
128744
128745
138754
138755
148764
148765
56680
56681
66690
66691
76700
76701
86710
86711
96720
96721
106730
106731
116740
116741
126750
126751
138762
138763
148772
148773
56688
56689
66698
66699
76708
76709
86718
86719
96728
96729
106738
106739
116748
116749
126758
126759
136768
136769
146778
146779
56696
56697
66706
66707
76716
76717
86726
86727
96736
96737
106746
106747
116756
116757
126766
126767
136776
136777
146786
146787
56704
56705
66714
66715
76724
76725
86734
86735
96744
96745
106754
106755
116764
116765
126774
126775
136784
136785
146794
146795
56712
56713
66722
66723
76732
76733
86742
86743
96752
96753
106762
106763
116772
116773
126782
126783
136792
136793
146802
146803
56720
56721
66730
66731
76740
76741
86750
86751
96760
96761
106770
106771
116780
116781
126790
126791
138802
138803
148812
148813
56728
56729
66738
66739
76748
76749
86758
86759
96768
96769
106778
106779
116788
116789
126798
126799
136808
136809
146818
146819
56736
56737
66746
66747
76756
76757
86766
86767
96776
96777
106786
106787
116796
116797
126806
126807
136816
136817
146826
146827
56744
56745
66754
66755
76764
76765
86774
86775
96784
96785
106794
106795
116804
116805
126814
126815
136824
136825
146834
146835
56752
56753
66762
66763
76772
76773
86782
86783
96792
96793
106802
106803
116812
116813
126822
126823
136832
136833
146842
146843
56760
56761
66770
66771
76780
76781
86790
86791
96800
96801
106810
106811
116820
116821
126830
126831
138842
138843
148852
148853
56768
56769
66778
66779
76788
76789
86798
86799
96808
96809
106818
106819
116828
116829
126838
126839
138850
138851
148860
148861
56776
56777
66786
66787
76796
76797
86806
86807
96816
96817
106826
106827
116836
116837
126846
126847
136856
136857
146866
146867
56784
56785
66794
66795
76804
76805
86814
86815
96824
96825
106834
106835
116844
116845
126854
126855
136864
136865
146874
146875
56792
56793
66802
66803
76812
76813
86822
86823
96832
96833
106842
106843
116852
116853
126862
126863
136872
136873
148884
148885
56800
56801
66810
66811
76820
76821
86830
86831
96840
96841
106850
106851
116860
116861
126870
126871
138882
138883
148892
148893
56808
56809
66818
66819
76828
76829
86838
86839
96848
96849
106858
106859
116868
116869
126878
126879
136888
136889
146898
146899
56816
56817
66826
66827
76836
76837
86846
86847
96856
96857
106866
106867
116876
116877
126886
126887
136896
136897
146906
146907
58826
58827
68836
68837
78846
78847
86854
86855
98866
98867
108876
108877
116884
116885
128896
128897
136904
136905
148916
148917
58834
58835
68844
68845
78854
78855
88864
88865
98874
98875
108884
108885
118894
118895
128904
128905
138914
138915
148924
148925
58842
58843
68852
68853
78862
78863
88872
88873
98882
98883
108892
108893
118902
118903
128912
128913
138922
138923
148932
148933
58850
58851
68860
68861
78870
78871
88880
88881
98890
98891
108900
108901
118910
118911
128920
128921
138930
138931
148940
148941
58858
58859
68868
68869
78878
78879
88888
88889
98898
98899
108908
108909
118918
118919
128928
128929
138938
138939
148948
148949
58866
58867
68876
68877
78886
78887
88896
88897
98906
98907
108916
108917
118926
118927
128936
128937
138946
138947
148956
148957
58874
58875
68884
68885
78894
78895
88904
88905
98914
98915
108924
108925
118934
118935
128944
128945
138954
138955
148964
148965
58882
58883
68892
68893
78902
78903
88912
88913
98922
98923
108932
108933
118942
118943
128952
128953
138962
138963
148972
148973
58890
58891
68900
68901
78910
78911
88920
88921
98930
98931
108940
108941
118950
118951
128960
128961
138970
138971
148980
148981
58898
58899
68908
68909
78918
78919
88928
88929
98938
98939
108948
108949
118958
118959
128968
128969
138978
138979
148988
148989
58906
58907
68916
68917
78926
78927
88936
88937
98946
98947
108956
108957
118966
118967
128976
128977
138986
138987
148996
148997
58914
58915
68924
68925
78934
78935
88944
88945
98954
98955
108964
108965
118974
118975
128984
128985
138994
138995
149004
149005
58922
58923
68932
68933
78942
78943
88952
88953
98962
98963
108972
108973
118982
118983
128992
128993
139002
139003
149012
149013
58930
58931
68940
68941
78950
78951
88960
88961
98970
98971
108980
108981
118990
118991
129000
129001
139010
139011
149020
149021
58938
58939
68948
68949
78958
78959
88968
88969
98978
98979
108988
108989
118998
118999
129008
129009
139018
139019
149028
149029
58946
58947
68956
68957
78966
78967
88976
88977
98986
98987
108996
108997
119006
119007
129016
129017
139026
139027
149036
149037
58954
58955
68964
68965
78974
78975
88984
88985
98994
98995
109004
109005
119014
119015
129024
129025
139034
139035
149044
149045
58962
58963
68972
68973
78982
78983
88992
88993
99002
99003
109012
109013
119022
119023
129032
129033
139042
139043
149052
149053
56968
56969
68980
68981
78990
78991
89000
89001
99010
99011
109020
109021
119030
119031
129040
129041
139050
139051
149060
149061
56976
56977
66986
66987
78998
78999
89008
89009
99018
99019
109028
109029
119038
119039
129048
129049
139058
139059
149068
149069
56984
56985
68996
68997
79006
79007
89016
89017
99026
99027
109036
109037
119046
119047
129056
129057
139066
139067
149076
149077
58994
58995
69004
69005
79014
79015
89024
89025
99034
99035
109044
109045
119054
119055
129064
129065
139074
139075
149084
149085
59002
59003
69012
69013
79022
79023
89032
89033
99042
99043
109052
109053
119062
119063
129072
129073
139082
139083
149092
149093
59010
59011
69020
69021
79030
79031
89040
89041
99050
99051
109060
109061
119070
119071
129080
129081
139090
139091
149100
149101
59018
59019
69028
69029
79038
79039
89048
89049
99058
99059
109068
109069
119078
119079
129088
129089
139098
139099
149108
149109
59026
59027
69036
69037
79046
79047
89056
89057
99066
99067
109076
109077
119086
119087
129096
129097
139106
139107
149116
149117
59034
59035
69044
69045
79054
79055
89064
89065
97072
97073
107082
107083
117092
117093
129104
129105
139114
139115
149124
149125
59042
59043
69052
69053
77060
77061
87070
87071
97080
97081
107090
107091
117100
117101
127110
127111
139122
139123
149132
149133
57048
57049
67058
67059
77068
77069
87078
87079
97088
97089
107098
107099
117108
117109
127118
127119
137128
137129
147138
147139
